4.97509
4.97509
1.28394
4.45518
1.23369
9.92921
9.92921
2.51765
9.19668
2.46508
11.9125
5.10029
7.22299
4.77399
11.9125
8.96074
8.37682
8.96074
6.00828
6.04394
11.6027
11.6027
10.1325
10.167
8.00569
13.4295
7.71711
5.15376
13.4295
4.83799
19.3226
19.3226
18.2483
11.6418
11.1449
15.3312
14.9436
15.3312
14.0982
12.8546
16.6822
16.0571
16.6822
12.6765
13.4933
10.3881
10.3881
10.1235
8.83045
8.80797
14.3844
13.3069
14.3844
12.6489
12.2974
13.4124
11.4483
13.4124
9.97417
12.1793
16.6522
16.6522
16.1741
9.65543
9.71107
13.1271
9.45321
10.2679
9.05206
13.1271
14.6384
14.6384
11.7648
10.8024
11.6133
8.82806
4.21983
7.58613
3.6897
8.82806
12.5006
12.5006
8.98911
5.28512
5.7976
8.85527
4.49443
8.85527
1.73202
4.28151
18.8521
18.8521
17.7246
14.2229
12.8745
11.3288
9.14161
7.61818
11.3288
8.13592
10.4447
9.34173
9.83117
9.87153
10.4447
14.95
14.95
12.5267
12.7546
11.8628
12.152
12.0757
11.0437
12.152
11.6773
13.1267
8.25923
4.26815
13.1267
4.1952
8.75581
7.77056
8.58547
8.75581
8.63903
11.8722
11.8539
11.8722
10.2003
10.2077
16.0703
16.0703
15.316
12.4426
13.8747
11.6425
9.56306
9.58083
11.4776
11.6425
13.6598
9.76601
9.85691
13.6598
10.4936
12.0689
12.0689
11.8438
9.75955
8.6009
9.79615
5.72441
5.77113
6.3545
9.79615
11.8164
7.40934
8.50287
11.4724
11.8164
14.3984
14.3984
14.3288
12.3621
12.5062
14.6689
13.4468
13.5135
14.6689
14.6647
14.2316
14.2316
14.2142
7.28327
7.2334
12.9949
12.9949
12.9496
11.0621
10.1211
14.1657
13.3144
14.1657
8.69957
8.62943
9.94169
2.55894
9.94169
2.50034
9.16097
14.7771
14.7771
14.7436
14.6127
14.2969
15.775
13.7125
15.775
9.05468
10.6196
17.9382
17.9382
13.5526
9.27239
10.3837
17.2987
17.0569
17.2987
12.8586
11.8343
18.0716
18.0716
18.0481
13.7457
13.6248
15.9289
15.6584
15.9289
13.0937
13.0371
15.5812
8.29294
15.5812
6.05915
7.84225
16.7017
11.9365
16.7017
9.01009
8.27612
12.7005
12.7005
10.9419
9.55776
7.33236
8.15346
8.15131
8.15346
7.49578
7.5125
15.6401
15.6206
15.6401
9.28794
9.26001
9.89575
9.89565
9.89575
4.76119
4.69977
