4.75258
4.75258
0.574253
4.20711
0.565465
9.63628
9.63628
5.6271
8.90402
0.994912
11.1986
8.2975
11.1986
3.90821
10.7769
8.21183
6.20191
7.43647
7.49278
8.21183
11.3658
9.47439
9.04234
11.3658
8.2347
11.981
11.4062
10.0618
11.981
4.08101
14.1673
12.1286
11.8892
13.8709
14.1673
12.9507
12.9507
11.6775
12.3951
11.0196
14.1158
10.845
13.4939
12.3397
14.1158
10.9142
10.9142
10.0102
9.83269
10.3034
14.5915
10.2525
14.1235
8.05291
14.5915
13.0967
7.80379
11.1326
8.75985
13.0967
13.168
11.0858
11.5508
11.9998
13.168
14.1082
9.77239
14.1082
6.75698
12.4946
14.2166
13.1561
9.02258
14.2166
9.10324
9.9644
5.40077
8.43979
1.66224
9.9644
11.9239
11.9239
8.81893
11.3737
9.01382
8.17942
4.46044
8.17942
4.4979
7.98954
18.3383
12.5482
9.95231
18.3383
11.7605
14.184
11.0271
6.20844
14.184
5.45188
14.8858
14.8858
12.1905
9.46869
10.228
15.6746
10.9518
8.98188
15.6746
9.34355
12.7345
10.7911
8.07065
12.7345
8.98221
12.8704
12.8704
11.5655
12.1221
4.20866
9.91804
8.12752
9.91804
7.54207
9.19014
14.6734
14.278
14.6734
10.926
10.9272
14.076
14.076
10.0264
13.9773
10.7534
14.1286
13.9156
14.1286
10.956
10.9742
17.0861
17.0861
10.9153
12.01
9.37299
14.5393
14.5393
10.4179
11.2127
8.27174
14.666
14.666
14.3258
6.41324
9.42339
14.3384
13.5177
14.3384
10.5314
11.1129
12.8161
12.2594
12.1871
12.8161
12.664
13.6546
13.6546
13.582
12.5455
12.6958
13.4156
12.8675
12.8497
13.4156
13.4156
12.6508
12.6508
10.9619
12.3656
11.0191
12.959
12.3478
12.3453
12.959
12.8154
9.67455
5.1096
9.67455
0.993535
8.92826
15.4855
14.2004
15.4855
12.2448
13.1016
13.6157
10.2478
11.7734
12.2075
13.6157
15.7322
15.3692
10.7359
15.7322
11.73
15.0736
9.90751
12.6375
11.6024
15.0736
13.6745
11.7254
11.6506
13.6745
13.604
13.2453
11.111
11.0632
13.2453
13.2159
15.0311
8.16382
15.0311
8.2556
13.647
16.6577
11.7338
16.6577
12.0602
13.7132
12.0716
9.25236
6.84828
12.0716
8.61282
9.93992
5.27722
5.2631
9.93992
9.93992
13.6875
13.0642
13.0454
13.6875
13.6464
9.89562
9.58946
9.57948
9.89545
9.89562
