4.97509
4.97509
0
4.06426
0.574253
7.60284
5.56077
0.0269671
7.60284
1.08889
11.3609
0.558015
4.60288
1.85754
11.3609
7.38224
5.54036
6.77599
7.09143
7.38224
11.2263
9.47506
6.11778
11.2263
7.56216
12.3484
4.60114
0.42514
12.3484
1.31969
18.854
15.0102
15.0592
18.854
18.7731
15.1483
11.0907
10.1266
15.1483
11.8763
16.9984
9.42771
11.2411
13.7221
16.9984
12.453
9.94534
9.67281
12.453
11.8669
15.2556
8.058
10.5783
10.9321
15.2556
13.6585
7.8116
10.6367
9.05734
13.6585
14.7504
11.1701
11.4004
14.7504
14.5917
12.0931
4.88631
7.85838
5.99692
12.0931
16.6912
11.7698
8.93076
16.6912
14.4354
8.26769
0.78597
4.38094
1.38949
8.26769
12.9297
12.9297
9.02915
12.1425
9.06865
8.94935
4.67225
8.94935
4.67225
8.44778
22.8967
13.5219
11.0733
22.8967
17.2607
13.1027
6.79733
3.40572
13.1027
7.11604
8.90574
4.27913
3.39485
8.90574
8.81356
16.0002
10.5725
7.6732
16.0002
13.5483
13.3903
10.0746
7.6731
13.3903
11.6635
10.5479
5.21749
0.921949
10.5479
1.27152
10.0632
7.48238
10.0632
6.92778
9.61537
9.77372
9.77009
9.77372
8.98605
8.93165
14.8639
14.5694
11.1991
14.8639
14.4927
10.0639
6.66766
6.77058
9.89504
10.0639
12.5257
3.47676
4.83083
12.5257
9.03589
11.9569
11.1333
7.80097
11.9569
10.8546
8.30112
1.22379
5.28936
5.71281
8.30112
9.74107
4.15062
5.32962
9.14335
9.74107
13.6282
11.078
11.1636
13.5323
13.6282
15.0019
13.4727
13.7495
15.0019
14.8703
14.6839
13.4156
13.4156
14.6839
14.6716
12.7689
9.5226
9.17871
12.7689
11.5436
14.0408
13.7399
13.0933
14.0408
13.9001
7.54026
0.128475
5.53363
1.07582
7.54026
12.3875
8.6452
8.18019
11.3285
12.3875
15.8058
12.2075
15.8058
12.2184
15.791
16.3601
14.9699
11.0957
16.3601
15.1919
17.1531
13.9324
17.1531
15.8765
17.1002
19.1501
16.9685
16.9685
19.1501
19.1346
18.8648
17.2381
16.7286
18.8648
18.0084
12.1604
8.2556
12.1604
8.26751
11.5041
15.731
12.0602
15.731
10.9179
13.1195
12.183
12.1136
8.61282
12.183
8.7521
9.93992
7.02858
7.02858
9.93992
9.93992
19.1516
13.7834
13.7056
19.1516
19.1359
9.8958
9.89545
9.89549
9.89579
9.8958
