4.97509
4.97509
0.684737
3.58755
0.765493
7.74006
4.9442
1.51267
7.74006
1.66716
9.59345
3.28106
4.40447
4.0733
9.59345
9.10182
8.65557
8.93806
8.93892
9.10182
10.1802
9.06181
8.94043
10.1802
9.97866
9.0019
5.27047
3.19149
9.0019
4.05164
17.8451
15.5767
14.8633
17.8451
17.5293
13.9955
10.0142
10.3715
13.9955
13.678
16.0609
11.5198
11.3292
15.5998
16.0609
11.6865
11.5307
10.5253
11.6865
10.6063
14.7613
12.1927
12.2307
12.607
14.7613
13.0556
6.93776
8.23059
10.6332
13.0556
16.5466
16.5466
16.1686
16.3238
16.046
10.4181
7.60428
7.40388
7.75063
10.4181
12.9706
12.9706
11.3561
10.8371
10.6487
8.46716
3.14817
4.13053
3.46899
8.46716
12.3891
12.3891
9.04272
6.31186
6.30944
8.74356
4.49009
8.74356
3.26507
3.67727
20.9274
14.0141
12.2857
20.9274
18.2357
12.3375
5.58082
3.06438
12.3375
8.80676
8.54026
6.0491
6.47965
7.94325
8.54026
15.3288
15.3288
14.5497
15.0667
14.4412
13.7878
7.42177
5.93421
13.5773
13.7878
7.88282
4.75821
3.16377
7.88282
3.32273
7.85467
6.65826
7.49746
7.85467
7.55275
9.47939
9.47939
8.64198
7.79826
7.9367
16.3951
14.2059
13.6597
16.1272
16.3951
8.81877
4.93807
3.78483
8.62801
8.81877
12.8525
3.70435
3.99191
12.8525
8.31538
12.2557
11.5809
12.2557
11.4859
12.2403
6.23482
2.39377
5.28449
3.86751
6.23482
7.85274
3.80583
3.84939
7.30379
7.85274
13.3989
7.14399
7.12113
13.0157
13.3989
13.4718
13.0933
13.1651
13.353
13.4718
13.7649
13.6958
13.7649
9.99083
10.0652
12.3615
10.8411
10.8678
12.3615
11.214
13.9665
13.7517
13.9665
13.5465
13.7951
7.72167
1.57121
3.81563
1.70643
7.72167
12.2211
9.63855
9.3687
12.2211
12.0175
14.2228
8.35296
9.71531
12.7021
14.2228
15.9153
15.9153
14.6414
15.5963
14.6885
17.1574
14.5004
14.1033
17.1574
16.9481
18.9314
15.2116
15.1835
18.9314
18.9231
15.7085
12.6986
12.7439
15.4864
15.7085
11.0872
8.34344
11.0872
6.68572
6.82175
12.8806
11.3834
12.8806
9.77115
10.2644
11.8578
6.27453
4.33758
11.8578
10.1596
7.94644
3.51429
3.51429
7.94644
7.93869
16.6553
16.6553
16.6273
16.3795
16.3492
9.87046
9.86992
9.87046
5.84132
5.82746
