4.6308
4.6308
1.95278
4.11259
0.318751
9.21977
9.21977
3.72888
8.83621
0.642986
11.5498
4.88796
11.5498
2.59311
9.89156
8.1197
6.58255
8.1197
7.16796
7.8765
12.1178
11.6516
8.00462
12.1178
6.76102
12.6432
12.6432
4.49709
9.46493
1.08697
20.5449
13.215
13.1929
20.5449
20.3673
12.7654
11.9295
11.6971
12.7654
11.5933
14.2944
12.1901
11.9558
12.2399
14.2944
10.9763
9.94839
9.91365
10.9763
10.3515
15.0187
9.18301
15.0187
9.17546
14.2056
14.6535
7.41596
14.6535
8.03195
13.7693
14.3842
11.202
11.0794
14.3842
14.2527
15.6409
5.47072
15.6409
5.83533
11.0572
17.0288
14.464
9.04973
17.0288
12.4951
8.64023
3.68341
8.64023
1.90916
8.16914
12.5818
11.9267
8.99492
12.5818
9.02903
8.32923
4.49009
8.27099
4.59975
8.32923
17.2211
13.2128
10.9564
17.2211
14.3099
15.9422
15.9422
6.09242
12.0199
4.83583
11.5329
10.7342
11.5329
8.16988
6.86108
14.5929
12.1195
8.98851
14.5929
11.1061
12.7948
12.7948
7.70711
12.0762
9.10358
13.8702
13.8702
4.31693
9.79681
1.04445
11.3434
9.79588
11.3434
8.26679
10.2562
14.8509
14.8509
14.4417
11.7543
11.5124
22.6911
15.7876
10.1846
22.6911
18.2345
12.7706
12.7706
12.7234
12.2655
12.1095
13.7187
13.7187
11.0171
8.73403
8.24175
15.4446
15.4446
7.60256
14.9034
11.1068
10.5643
6.78181
10.5643
4.95586
7.53364
12.8429
12.2549
12.8429
10.0812
10.3778
14.3989
12.3315
12.1948
14.2006
14.3989
15.831
13.5201
12.9008
15.831
15.453
14.8542
13.4363
13.4156
14.8542
14.8542
13.5632
11.7082
9.98232
13.5632
13.1135
16.7012
13.2757
12.8157
16.7012
16.3889
9.16173
3.82679
9.16173
2.10436
8.76769
14.127
13.1685
14.127
12.5093
12.6497
17.5847
12.2126
16.2854
12.3827
17.5847
19.6548
15.843
11.0957
19.6548
15.3679
23.3552
11.3159
15.2035
19.8858
23.3552
24.8618
13.4725
13.4542
24.8618
24.8618
22.2459
13.3259
13.2159
22.2459
22.1544
14.7328
8.2556
14.5791
8.26992
14.7328
17.9782
12.0602
16.9348
12.0602
17.9782
14.1156
14.036
8.61282
14.1156
8.62727
9.93992
7.02858
7.02858
9.93992
9.93992
19.8775
13.6417
13.6292
19.8775
19.8775
9.91575
9.89545
9.89656
9.91575
9.91575
