4.44516
3.74911
0.574253
4.44516
0.564166
8.93448
7.51085
1.0747
8.93448
1.07434
11.6546
1.13631
11.6546
1.38256
10.5973
7.6572
5.9385
7.6572
6.46901
6.8005
13.6563
11.568
6.46772
13.6563
7.04468
12.9638
11.0604
1.68578
12.9638
1.20926
18.0612
13.1929
13.1929
17.9984
18.0612
14.4113
10.5509
8.53969
14.4113
10.9604
16.0262
9.42077
11.4764
12.3148
16.0262
12.1838
9.79191
9.88904
12.1838
11.0044
15.3178
8.05934
15.3178
9.88771
13.4862
14.6452
7.49967
14.6452
9.03071
12.903
13.8793
11.1054
11.1339
13.7409
13.8793
15.3302
5.25041
15.3302
5.02972
11.9464
14.8759
14.8759
9.42606
14.6047
10.5613
9.23249
0.828326
8.17413
1.14518
9.23249
11.8376
11.6623
9.02759
11.8376
8.95808
7.9759
4.50095
7.9759
4.51442
7.959
16.6975
13.4597
10.9564
16.6975
15.6604
11.6119
11.1922
3.67379
11.6119
6.21547
10.2158
9.74809
8.60557
10.2158
7.45396
12.5074
11.8337
7.6748
12.5074
12.4761
11.6593
11.6593
7.67514
9.66159
10.3814
11.9443
10.511
1.12788
11.9443
1.2646
10.5419
8.31812
10.5419
7.03298
8.70835
12.3718
12.3216
12.3718
10.8
10.8913
15.4897
15.4897
10.1846
15.3436
13.2539
11.1326
9.9362
10.492
11.0121
11.1326
12.1499
12.1499
9.07835
9.00138
10.2202
14.4985
14.4985
7.60256
11.524
9.66916
8.76919
5.40615
8.27901
6.84471
8.76919
11.2286
8.83264
9.48019
10.8807
11.2286
15.0519
11.3796
11.7409
14.8107
15.0519
15.1323
13.9359
13.0156
15.1323
15.0106
14.4605
13.4156
13.4156
14.3101
14.4605
12.9766
10.4239
9.7097
12.9766
12.8586
13.9853
12.9068
12.8154
13.9853
13.2564
8.87237
1.07242
7.64835
1.07709
8.87237
12.6855
11.875
12.6855
11.6334
12.0638
15.8222
12.2075
15.8222
12.0131
15.6579
17.898
15.5924
11.0957
17.898
15.3114
17.164
11.2976
14.8461
14.5338
17.164
17.571
13.4542
13.4542
17.5149
17.571
14.2909
13.3762
13.2159
14.2685
14.2909
13.8199
8.2556
13.7843
8.25083
13.8199
16.7353
12.0602
16.7353
11.1265
15.4378
13.6934
13.5796
8.61282
13.6934
8.73487
9.93992
7.02858
7.02858
9.93992
9.93992
17.6325
13.6292
13.6292
17.5713
17.6325
9.89586
9.89545
9.89586
9.87606
9.87691
