4.36513
3.80891
2.14904
4.36513
1.03777
8.81756
8.25819
6.79737
8.81756
2.13688
10.8493
10.2195
10.2315
4.23389
10.8493
8.9186
7.56257
8.9186
7.54873
7.76092
13.8603
11.2495
9.07125
13.8603
8.47293
11.3647
11.0667
9.6765
11.3647
3.09578
15.4012
13.5215
13.8454
15.035
15.4012
15.2588
14.1975
14.0224
15.2588
11.8151
16.3513
13.1094
14.0363
14.2586
16.3513
12.1615
11.2441
12.1615
11.5404
11.0563
15.3319
13.2814
15.3319
11.356
13.8507
13.4021
9.74365
13.4021
10.0234
12.3879
15.2062
11.2639
10.973
14.88
15.2062
15.9974
11.8308
15.9974
6.24142
11.3439
14.9342
14.9342
10.218
14.2304
10.7066
8.62037
7.43277
7.9213
3.02777
8.62037
10.6209
10.6209
7.78766
10.1408
8.92564
7.26322
3.90259
7.26322
4.52008
7.12471
16.7857
13.7832
12.2463
16.0941
16.7857
13.5869
12.4245
11.0323
13.5869
8.19096
22.921
22.921
14.903
9.51714
9.16284
15.4767
15.4767
9.39591
12.3799
13.3686
14.5834
14.5834
8.96266
10.1254
11.7557
12.0504
12.0504
10.0501
10.7894
3.48044
10.3493
9.07802
10.3493
7.4543
8.14469
16.0016
16.0016
15.9123
9.01509
9.0165
14.4599
14.4599
11.9257
13.6821
13.4512
16.4855
16.3308
16.4855
10.6125
10.9122
17.3029
17.3029
16.2941
10.4308
12.9101
12.8525
12.8525
10.8953
11.7286
10.7198
13.608
10.9053
13.608
6.17791
8.59974
16.9697
15.8643
16.9697
9.59138
9.73753
13.6592
12.8912
13.6592
13.4874
13.5529
14.4412
14.0023
14.4412
14.2375
14.0607
13.0445
12.6704
12.6677
12.6867
13.0445
12.7265
12.7265
12.5283
12.1573
11.719
12.1494
12.1494
11.8192
11.3543
11.6246
8.85293
6.92549
8.35187
2.27698
8.85293
18.7139
18.3354
18.7139
13.3468
12.6951
13.9635
11.1753
12.4863
11.1736
13.9635
14.5523
14.5523
11.6274
13.9811
14.1841
14.4902
11.5597
12.8811
13.0196
14.4902
15.0774
13.6166
13.6101
14.6259
15.0774
12.4551
12.4551
12.2579
11.6666
12.4215
13.2668
8.04744
13.2668
8.03629
11.4399
14.2546
10.2077
14.2546
10.0676
12.6007
11.9401
10.0234
7.74925
11.9401
9.91504
9.30101
9.30101
8.97805
8.58601
8.6043
15.0936
13.6518
13.645
14.6375
15.0936
9.7014
8.42352
8.46823
9.3634
9.7014
