4.31609
4.21429
0.574253
4.31609
0.574253
8.93045
8.74839
1.11028
8.93045
1.06971
11.6623
1.90779
11.3834
2.16599
11.6623
9.27631
8.06968
9.27631
7.46349
9.17062
13.3922
11.0699
6.92499
13.3922
7.49629
13.1103
12.2054
1.78763
13.1103
4.05777
17.3696
15.6608
15.0916
17.3696
17.3441
15.516
13.2716
11.0806
15.516
14.2706
18.6967
14.3651
16.1437
12.8661
18.6967
13.2413
10.8809
10.9095
13.2413
10.5825
16.1709
9.02158
15.0418
9.84907
16.1709
13.5029
8.38451
13.5029
9.41298
12.5916
14.1638
13.5038
12.9075
13.407
14.1638
14.5763
6.31811
14.5763
5.49523
12.8844
13.6201
13.5092
9.21174
13.6201
10.1225
8.76161
1.87632
8.76161
1.50459
8.57663
10.0951
9.76127
7.15432
10.0951
8.6008
7.0248
3.65196
6.55349
4.20487
7.0248
16.6882
16.6882
13.9103
15.373
14.6832
13.5305
13.5305
6.5638
11.1999
7.18325
12.1668
12.1668
10.0334
11.3191
10.2691
21.9182
21.9182
10.9427
14.265
13.0318
17.9339
17.9339
9.3959
11.416
10.1816
12.8171
12.5067
2.15468
12.8171
4.3655
10.5019
7.85218
10.5019
6.86534
10.2465
12.7572
11.8738
12.3
10.3123
12.7572
15.8499
15.8499
13.4362
15.3971
13.1958
14.5767
11.2383
11.3354
12.1255
14.5767
15.8433
14.201
13.6708
8.70281
15.8433
14.0063
14.0063
8.96909
12.4311
9.04826
12.8434
6.65953
9.66556
7.27824
12.8434
14.0398
10.8177
11.1073
11.5352
14.0398
16.9099
10.7549
11.1251
15.1314
16.9099
15.3094
13.8604
13.7833
15.3094
15.2446
13.5479
12.2228
11.722
13.5479
13.508
14.8328
10.3491
11.4073
12.8852
14.8328
13.8722
11.6429
11.4406
13.8722
12.9418
8.91879
1.16315
8.62391
1.04315
8.91879
15.7117
13.4098
14.3034
13.9195
15.7117
15.5986
10.0831
12.0581
11.5391
15.5986
16.4083
14.8307
12.3964
16.4083
14.8315
17.5111
14.0259
15.5302
14.1792
17.5111
17.3714
16.8678
17.3714
16.7325
16.7025
14.399
13.2754
13.6357
14.399
13.5482
11.8722
6.85319
11.8722
7.8401
11.8531
13.1787
9.15119
12.9574
10.6428
13.1787
12.6838
11.0672
7.06669
12.6838
8.3077
9.3247
7.87137
7.86218
9.3247
9.31755
16.7901
15.6333
15.3562
16.7901
16.7604
9.2319
8.1741
7.81522
9.2319
9.22272
