4.97509
3.9598
3.52049
4.97509
1.26061
9.93964
8.50254
8.50219
9.93964
3.05431
11.7819
10.4091
10.6251
4.1954
11.7819
8.11979
8.11979
8.08491
5.73317
7.9146
12.6645
12.245
9.60129
12.6645
7.28106
12.2537
11.2202
11.0474
12.2537
4.65734
8.17315
8.17315
8.17315
7.76204
7.76204
10.5954
9.65007
10.5954
10.5177
9.11852
10.1868
9.25554
9.44131
8.96821
10.1868
6.9711
6.9711
6.7661
6.22245
5.45466
13.7391
11.3646
13.7391
9.58221
12.8185
11.2788
8.32198
10.2295
7.42664
11.2788
7.76192
7.56143
7.51671
7.76192
7.57375
14.1671
12.8524
13.2135
6.24319
14.1671
10.4778
10.3522
9.28984
10.4778
5.82132
7.99021
7.56542
7.70366
2.94722
7.99021
12.5244
9.72095
9.72095
12.5244
8.95886
8.78668
6.44004
6.51644
4.4979
8.78668
9.91765
9.7809
7.81936
9.91765
7.71107
11.7172
8.84698
9.17225
11.7172
5.58099
15.0242
14.8015
15.0242
10.3931
10.7589
8.93613
8.93613
8.2347
7.4065
5.58962
8.6755
8.35298
6.37592
8.6755
6.76742
14.9408
13.3836
13.2268
14.9408
5.16202
16.9266
14.4691
16.9266
14.1883
16.7207
24.9032
24.9032
24.9032
15.8196
15.8751
13.5207
13.5207
12.5841
13.052
9.06235
24.0073
24.0073
23.994
15.7392
15.9439
16.2311
16.022
16.2311
9.96939
11.4882
15.1668
15.1668
12.9484
13.412
7.73202
17.2617
16.2283
17.2617
9.2836
12.2461
24.5637
24.5637
23.8401
14.7968
15.6607
17.8444
17.6042
17.8444
13.7151
13.7655
18.8779
18.8779
18.8779
13.8734
13.0592
8.43575
7.98777
7.98777
8.43575
8.43575
14.7588
14.6305
14.7588
11.8831
11.3177
9.96044
9.96044
8.44379
8.73002
6.80407
9.90102
8.49179
8.49179
3.06166
9.90102
19.039
18.9223
19.039
14.3304
14.2176
13.7632
8.69947
11.8859
9.24297
13.7632
13.1644
13.1644
11.9689
11.1087
7.71989
12.5589
9.88985
11.5944
9.11095
12.5589
8.55929
7.72973
7.72973
8.55929
8.55929
10.6018
7.48679
7.36826
10.6018
9.52598
15.4683
12.3248
12.3248
8.2556
15.4683
13.9584
12.9462
13.9584
5.74117
12.1183
13.0208
8.94314
9.45776
13.0208
7.11422
8.47715
1.79967
1.90253
8.47715
8.47715
8.29666
8.1983
8.1983
8.29666
8.29666
9.89545
6.46151
6.46151
9.89545
9.89545
