4.96797
4.95399
4.96797
4.61699
4.56355
9.94952
9.929
9.94952
9.56653
9.5785
11.584
11.584
11.2348
11.3805
11.4911
8.1574
7.64161
7.73602
8.1574
8.03193
13.736
13.2406
13.736
11.799
10.8357
12.231
11.835
12.231
11.9778
11.8559
20.3507
13.3017
13.3026
20.3507
20.3507
13.6462
13.406
13.6462
12.469
12.3962
13.6555
12.9231
12.2505
13.4832
13.6555
10.7393
9.99641
9.98276
10.7393
10.2982
15.8293
15.8293
14.3071
13.7008
14.0988
13.461
13.461
13.4133
11.5614
12.6038
14.0212
11.8738
11.6291
14.0144
14.0212
14.2179
13.9655
14.2179
13.9545
13.8347
15.4661
13.4878
13.6625
15.4661
14.8015
8.06299
8.06299
7.77166
7.96876
7.76187
12.7872
12.5993
12.7204
12.7872
12.6332
8.82806
8.82806
8.79477
8.73833
8.74362
15.9505
13.3744
14.0007
15.9505
15.427
11.1628
10.5709
11.1628
10.0928
9.31624
12.4433
12.4433
12.2822
12.2625
12.4158
14.4549
12.0019
11.9999
14.4549
14.1013
11.5348
10.2704
10.4293
11.5348
10.6845
14.661
13.9881
14.661
13.6467
13.6799
11.0927
11.0927
10.7676
9.96781
10.714
17.5753
17.5621
17.5753
17.4955
17.5565
24.8847
16.6295
16.784
24.8847
22.2793
16.7157
16.5396
16.7157
15.7926
15.8694
13.6396
13.6396
12.0377
13.1631
11.4585
17.2038
15.0491
15.5136
17.2038
16.799
15.3651
15.3651
15.144
15.0462
14.9057
18.4045
16.9866
18.4045
15.5171
16.7387
16.757
16.757
16.538
15.1454
14.9697
18.8456
15.2054
15.8251
18.2942
18.8456
14.861
13.4156
13.4156
14.861
14.861
13.856
13.7068
13.856
13.3298
12.8346
16.5059
13.4885
14.0204
16.5059
16.0615
9.93554
9.93554
9.91135
9.492
9.57167
14.4845
14.4845
14.0688
14.139
13.7859
17.6462
17.6462
17.6363
13.3905
17.3379
19.5943
16.8711
17.0971
19.5943
18.839
22.9714
16.4385
16.3276
21.3861
22.9714
24.8055
13.4542
13.5518
24.8055
24.8055
21.3734
13.7382
14.1345
21.3734
21.3733
15.5648
15.4463
15.5137
15.4116
15.5648
18.2901
18.2901
18.1867
16.7504
17.1756
15.1597
14.9355
15.1597
14.4381
10.3909
9.93992
9.93992
9.93992
9.69369
9.69369
19.8775
13.6292
13.7084
19.8775
19.8775
9.93679
9.89545
9.89545
9.93679
9.93679
