4.97509
3.55051
3.55051
4.97509
2.39025
9.95678
8.52629
8.52629
9.95678
5.61706
10.7505
10.5626
10.7505
7.89167
9.46074
8.52058
8.48324
8.52058
7.47709
7.23136
11.33
8.70523
8.81678
11.33
7.58441
11.043
11.043
11.043
9.67981
8.30969
12.547
7.67155
7.67155
12.547
12.547
10.8752
10.7681
10.8752
9.82577
8.60507
10.3543
10.0913
10.3
8.72065
10.3543
9.59076
8.20418
7.77829
9.59076
9.18843
13.9061
10.906
11.083
11.917
13.9061
12.3102
8.49704
8.58587
8.06741
12.3102
10.5437
8.62063
8.59651
10.5369
10.5437
13.1047
12.8049
13.1047
11.4584
12.7594
11.624
11.185
10.585
11.624
10.9502
7.81214
7.66812
7.81214
5.87217
7.62901
11.2148
11.1562
10.5887
11.2148
10.6981
7.14059
6.88805
7.14059
5.11372
5.9107
12.2037
7.79111
7.18045
12.2037
10.8195
11.2372
9.9974
10.0459
11.2372
6.36262
14.9946
14.955
14.9946
12.2121
11.9695
11.1988
10.3568
9.69173
11.1988
10.2348
10.2276
5.70609
5.80309
10.2276
8.22703
13.2481
13.2481
13.2465
10.6558
9.24406
15.0002
12.5485
13.2426
12.9585
15.0002
23.9687
23.9652
23.9687
21.4665
21.8068
18.2058
16.2331
15.0124
18.2058
16.3298
24.9125
24.9125
24.9125
16.6058
16.9398
16.5779
16.5515
16.5779
9.44139
9.74376
14.9919
14.9919
14.8345
14.6646
14.4837
16.873
16.6235
16.873
10.0071
11.1455
24.377
24.1474
24.377
16.3472
16.912
19.1794
19.0431
19.1794
13.036
12.9181
22.224
19.6339
19.6339
22.224
22.1027
11.037
9.97751
9.97751
11.037
11.037
14.983
14.8836
14.983
11.7404
11.5432
13.7138
9.8117
8.83426
13.7138
12.1662
9.95612
8.75592
8.99097
5.53538
9.95612
19.5864
19.5864
19.5864
16.9804
16.7416
16.6288
9.56892
9.80713
11.4997
16.6288
16.7824
14.4669
13.3395
16.7824
14.8896
16.197
13.1411
14.2725
13.9389
16.197
14.3102
11.8822
11.8822
14.3102
14.3102
13.9088
10.9028
11.1898
13.9088
12.9239
12.9631
12.7953
12.9631
12.3023
12.8575
16.1261
12.3454
13.0014
14.6444
16.1261
14.1929
10.2038
10.3342
14.1929
7.72318
9.92847
3.56465
3.73636
9.92847
9.92847
12.5148
12.1217
12.1217
12.5148
12.5148
8.26907
8.26907
8.26907
8.2337
8.2337
