4.46328
3.52049
4.46328
4.26831
1.49357
9.47031
9.47031
8.86501
9.17851
2.90544
12.3019
11.2818
11.1869
4.26912
12.3019
9.42754
8.42872
9.42754
6.87105
8.02723
13.5706
11.3471
9.25004
13.5706
7.40936
12.7279
11.8006
11.0164
12.7279
4.80689
19.0301
11.4448
9.87389
18.8835
19.0301
17.1911
12.3657
12.7341
17.1911
13.3578
18.7308
11.2905
12.4467
13.3983
18.7308
11.0492
8.41215
7.45975
11.0492
10.392
16.3549
11.3618
15.7292
9.05457
16.3549
14.4442
7.80997
11.998
7.89475
14.4442
14.8988
9.72973
8.86824
14.4515
14.8988
16.1561
13.0479
15.6462
7.92879
16.1561
18.6619
12.4047
10.2345
18.6619
10.9614
8.43909
8.24196
8.21239
2.65049
8.43909
12.3236
9.26012
8.80687
12.3236
10.2106
8.18697
6.32971
6.1983
5.36303
8.18697
18.4388
12.2346
9.52555
18.4388
14.5197
11.4552
10.7983
10.4933
11.4552
5.86683
16.2153
16.2153
14.8075
13.5516
12.8823
14.2585
14.2585
9.09327
14.1927
11.0081
11.7848
11.4347
8.06895
11.7848
8.51173
14.2116
14.2116
13.2268
13.6339
5.44493
14.5056
13.6801
14.5056
9.40793
10.6523
23.8673
23.794
23.8673
15.6345
15.8134
17.1598
17.1598
13.095
16.8832
13.8567
23.8012
23.7284
23.8012
15.0934
15.3006
24.9143
24.9143
17.6622
13.4419
13.3312
15.8073
14.6695
13.2686
15.8073
9.60816
17.3615
17.2346
17.3615
11.4056
12.6082
24.8048
23.8261
24.8048
14.4129
13.8785
19.4425
19.2913
19.4425
17.6778
18.0528
19.7628
19.7628
18.3619
15.9073
15.7001
14.8678
8.94262
8.68957
14.8678
14.8642
16.8733
16.8733
16.3824
15.4599
14.8883
15.7814
11.1497
9.22001
15.7814
13.9493
9.60261
9.60261
8.68584
2.227
9.15737
19.7923
19.3468
19.7923
15.5275
16.3373
18.0944
9.66647
10.9065
12.6128
18.0944
18.2667
14.7965
12.4001
18.2667
16.01
18.2218
13.4644
11.8465
15.5224
18.2218
18.8621
11.9256
10.1206
18.8517
18.8621
16.9402
10.8884
8.97858
16.9402
15.2143
14.7253
11.6227
11.7366
9.9516
14.7253
18.1207
12.4065
13.5258
12.0602
18.1207
15.151
9.56218
9.20228
15.151
8.61282
9.93992
6.39013
6.34391
9.93992
9.93992
18.437
11.2064
10.203
18.429
18.437
9.93567
6.26209
5.53901
9.93567
9.93567
