4.97509
4.97509
0
4.97509
0
9.95661
9.95661
0.0269671
9.88881
0.0502509
11.5309
4.74225
11.5309
2.32684
11.4852
8.24988
5.4999
7.76957
6.83306
8.24988
13.034
13.034
6.03844
11.8295
6.7342
12.1776
12.1776
5.54853
11.6305
5.51604
19.195
13.1929
13.5042
19.195
19.115
11.8601
10.3512
9.97247
11.8601
10.7303
12.7213
9.04719
11.9659
11.1317
12.7213
10.9439
9.98849
9.66343
10.9439
10.0695
14.4669
9.27577
14.4669
9.19549
14.3818
13.2804
7.51904
13.2804
8.19792
12.9206
13.7854
11.0885
11.7147
13.7416
13.7854
13.9968
7.05901
13.9968
5.86851
13.9407
15.7421
13.3466
8.92265
15.7421
11.5579
7.82191
1.48494
7.82191
0.918809
7.71186
12.732
12.3056
9.01948
12.732
9.10479
8.75487
4.49924
8.75487
4.72833
8.70963
15.3855
13.3839
11.0067
15.3855
13.2969
10.8673
10.5422
4.99748
10.8673
5.31635
12.248
12.248
10.1225
9.5159
9.92507
14.2667
12.52
7.83138
14.2667
10.5885
11.8469
10.701
7.68195
11.8469
9.12921
14.6663
14.6663
6.91259
13.7843
6.61678
11.5393
8.59859
11.5393
8.42476
10.5783
16.2673
16.2673
16.1996
14.0341
16.097
22.6656
16.9288
10.274
22.6656
17.0712
16.6901
16.6901
16.1352
12.4043
16.0379
13.3956
11.3187
13.3956
6.99511
12.1603
22.8873
17.8045
8.91214
22.8873
10.9333
19.9093
14.6089
19.9093
9.83902
19.0026
18.3918
18.3918
16.8403
13.9763
16.7618
14.3964
13.0547
14.3964
13.6862
13.7531
15.9963
15.1428
14.3132
15.9963
15.4287
14.861
13.4156
13.4156
14.861
14.861
13.3183
12.5991
11.669
13.3183
12.7837
17.5274
13.285
13.0879
17.5274
16.8165
9.93005
0.135649
9.93005
0.128475
9.83244
13.7667
13.4984
13.2925
13.7667
13.4071
17.4398
12.2075
17.3442
12.5589
17.4398
19.1733
16.2652
11.2315
19.1733
14.9442
21.8893
11.2976
16.1696
18.9389
21.8893
23.4743
13.4542
13.7823
23.4743
23.4743
22.5143
13.8178
13.5994
22.5143
22.4691
15.2499
8.2556
15.2499
8.29191
15.1822
17.9858
12.0602
17.9858
12.0602
17.8238
14.7394
14.7394
8.62922
14.1051
8.62727
9.93992
9.93992
9.93992
9.93992
9.93992
18.5432
13.6292
13.9159
18.5432
18.5432
9.93719
9.89545
9.89545
9.93719
9.93719
