4.97505
4.97505
3.52049
4.96921
0
9.23384
8.50219
8.50219
9.23384
1.02246
11.1343
10.5768
10.6089
5.48735
11.1343
8.12964
8.12964
8.0222
7.81613
7.92702
11.8628
10.4902
10.2447
11.8628
8.51142
11.644
11.0951
11.1196
11.644
5.87566
19.5191
9.53481
9.50072
19.4897
19.5191
17.0772
15.2403
15.2388
17.0772
13.7666
18.0244
13.4932
13.4213
14.2625
18.0244
10.7556
8.41677
7.77684
10.7556
10.1971
14.8129
11.3977
11.5912
10.0969
14.8129
12.0434
9.63593
10.2754
6.97475
12.0434
15.3337
9.20336
9.20507
15.1555
15.3337
13.2688
13.2688
13.093
8.61797
12.0432
12.6591
10.1554
10.2394
12.6591
9.81791
8.31965
7.80408
7.79934
1.80641
8.31965
12.6223
10.0344
9.80833
12.6223
9.01382
8.83921
6.48263
6.81407
4.4979
8.83921
18.0089
10.711
10.6553
18.0089
14.4732
11.144
10.6247
10.4754
11.144
6.01617
15.4807
14.8352
15.4807
14.2245
12.2993
13.9431
9.14641
9.04345
13.9431
11.0015
11.1857
9.45246
9.03265
11.1857
8.97631
13.2268
13.2268
13.2268
13.1001
7.10333
16.205
14.2216
16.205
7.75919
9.07428
24.5116
24.5116
24.4251
14.2435
14.1777
17.9316
13.5264
13.4188
17.9316
14.8257
23.8146
23.8146
23.7994
15.4142
15.4056
17.9111
17.9111
17.4918
12.5028
12.5427
13.9884
13.5247
12.5604
13.9884
11.017
17.6148
17.6148
17.4179
11.2583
14.5097
24.9048
24.9048
24.0164
15.3392
15.2849
24.9034
24.9034
24.8463
18.175
18.2759
20.152
20.152
19.6719
15.8776
15.6826
14.8577
9.62072
9.11554
14.8577
14.8505
20.1157
20.1157
20.034
16.9815
16.5705
15.6434
11.142
9.47295
15.6434
14.1921
9.27979
8.62208
8.59309
1.11288
9.27979
19.7448
19.7316
19.7448
15.888
16.0928
16.415
13.7096
13.6431
12.337
16.415
18.257
13.0995
12.7012
18.257
16.0012
19.5199
11.9013
11.8685
16.5675
19.5199
20.2541
9.6581
9.15256
20.2541
20.2333
15.8561
11.9778
11.9037
15.8561
15.6473
12.5211
12.5211
12.2011
8.2556
12.1104
14.8172
14.0259
13.7088
10.9214
14.8172
14.3846
12.0643
11.901
14.3846
8.61282
9.93992
9.05616
8.8713
9.93992
9.93992
19.8438
9.83306
9.32751
19.8438
19.8438
9.89649
6.81725
6.61004
9.89545
9.89649
