4.97509
4.97509
0.325512
3.72327
0.411191
9.95746
9.95746
3.81547
7.66595
5.51921
11.0286
5.80336
7.20441
9.17086
11.0286
7.37951
7.12291
7.37951
6.81792
7.20403
12.8903
12.8903
10.3115
12.7476
10.2762
12.6338
7.20586
5.39909
12.6338
7.68332
21.1209
21.1209
20.5863
12.1432
12.341
16.5576
16.4744
15.2593
16.5576
15.3499
16.6742
15.3819
16.6742
14.4736
15.7289
10.6305
10.6305
10.309
5.4972
4.58661
14.3707
11.4517
14.3707
13.3065
12.8601
11.9238
9.0478
11.8295
9.1031
11.9238
15.4944
15.4944
15.451
11.1051
10.9012
12.6901
7.49615
9.62335
12.6901
11.4697
14.0877
14.0877
9.82454
9.94609
8.04093
7.92926
3.5537
7.59821
6.66324
7.92926
12.6204
12.6204
8.97029
3.99911
2.62316
8.85667
4.50095
8.85667
1.67237
3.83137
17.1091
17.1091
14.7889
15.1982
12.4397
11.9916
9.18667
7.95623
10.7782
11.9916
16.1512
11.2681
10.4033
16.1512
13.8786
14.123
14.123
10.771
8.32099
11.2545
11.9573
11.9573
8.99393
11.8484
9.28501
11.2428
8.27371
5.78157
11.2428
8.73382
9.36432
7.79202
9.36432
8.51103
9.09701
15.1696
12.1024
12.1292
15.1489
15.1696
20.6921
20.6921
18.2099
12.1828
9.94145
16.5562
13.0291
13.3208
16.4926
16.5562
17.2918
13.1251
12.6573
17.2918
15.8504
14.5627
14.5627
11.1937
9.67579
7.53115
12.3217
7.28066
8.94107
10.7238
12.3217
16.5427
9.66511
11.2928
15.2273
16.5427
19.3836
19.0455
18.9497
19.3836
19.2854
16.2848
16.2848
16.0151
10.2219
10.4243
14.861
14.861
14.861
1.61329
2.04237
17.8533
17.8533
17.2874
17.5558
16.972
15.873
15.873
15.4642
10.7081
8.83366
9.94571
3.89143
9.94571
5.73705
7.5964
18.4695
16.8019
16.1183
18.4695
17.6672
16.2357
12.8196
16.1077
11.9683
16.2357
20.1606
20.1606
15.0419
9.04117
6.74461
22.1933
19.874
22.1933
11.4267
13.9437
24.8509
24.8509
24.8502
12.7103
12.7648
20.0285
20.0285
20.0269
16.0403
15.2869
15.7723
8.28596
15.7723
6.23291
6.68938
17.4042
11.3674
17.4042
5.64578
6.72308
13.3226
11.801
9.95658
13.3226
9.96482
9.93992
8.55356
8.55356
9.93992
9.93992
19.8775
19.8775
19.8775
7.80014
7.87685
9.93115
9.93115
9.93115
1.08929
1.44101
