4.24985
3.91478
3.52049
4.24985
1.12476
8.98392
8.87983
8.50227
8.98392
2.73892
11.3352
11.3352
10.5345
4.06895
10.7505
8.54374
8.30562
8.54374
7.51272
7.97519
13.4683
12.0116
8.68886
13.4683
8.1487
11.7793
11.1115
11.7793
11.0792
4.4952
19.1124
12.0487
12.061
19.1124
19.1121
13.485
13.2503
13.485
13.1008
12.2386
13.8276
11.365
11.5579
12.3863
13.8276
11.4634
10.5661
10.4063
10.7553
11.4634
15.4553
11.862
14.5447
12.3118
15.4553
14.4495
8.84339
10.8576
7.73899
14.4495
14.3264
12.0571
11.8161
14.3264
14.2393
14.7255
12.8186
14.1
7.9345
14.7255
16.6978
12.8795
11.8438
16.6978
13.135
7.94043
7.70383
7.94043
2.85304
7.78267
12.4476
11.085
10.5495
12.4476
9.14271
8.38384
6.76875
7.16657
4.78289
8.38384
18.3909
11.8864
10.043
18.3909
14.6295
12.2847
11.2406
10.8838
12.2847
5.53294
15.3759
15.3759
15.2558
10.5365
11.1953
15.6677
14.044
11.9162
15.6677
11.0598
12.5768
8.61677
7.43523
12.5768
9.40521
14.1336
13.2319
14.1336
13.245
5.41017
14.9766
13.5896
14.9766
12.3716
14.2735
24.497
24.497
24.4803
14.0745
14.2816
21.4084
18.4134
16.9167
21.4084
17.2732
23.8059
23.8059
23.7711
13.7379
14.0994
17.9995
17.9995
17.7408
9.11838
11.0699
17.2865
15.017
14.2432
17.2865
11.0421
17.3163
17.3163
17.1637
8.16319
12.1945
24.778
24.778
23.8401
12.9617
13.0353
21.4368
21.4368
21.4134
14.7547
14.8929
24.8866
24.8866
23.7674
18.7067
17.6116
14.9153
12.0902
12.0889
14.9153
14.8735
16.6923
16.6923
16.55
14.1612
13.0221
15.1282
11.9522
10.4616
15.1282
14.3704
9.16633
8.49135
9.13904
2.69476
9.16633
20.0282
19.9538
20.0282
14.7127
14.4213
18.0168
10.3338
11.8038
12.3834
18.0168
21.7918
18.3793
16.8891
21.7918
16.0123
22.1418
15.2506
17.3369
18.6815
22.1418
22.9732
16.1467
16.2211
22.9732
22.9646
20.5696
13.0662
12.9853
20.5696
20.3336
15.0664
12.6229
12.9048
8.39371
15.0664
18.2318
14.063
15.8955
12.1557
18.2318
14.5593
11.0641
10.6115
14.5593
8.72071
9.92621
6.21529
6.13723
9.89066
9.92621
19.6659
15.6327
15.6366
19.6659
19.6532
9.93358
8.82698
8.8373
9.93358
9.93156
