4.94054
4.94054
3.48118
4.23367
0.574253
9.87555
9.87555
8.41342
9.1046
1.03352
11.4349
11.4349
10.3916
1.16713
7.77377
8.4781
8.31195
8.4781
6.87433
7.46743
12.0304
11.3675
11.704
12.0304
7.17463
12.3021
11.3029
12.3021
7.53386
1.08528
20.7632
16.1584
16.1936
20.7632
19.7556
16.2127
15.9372
16.2127
13.1049
12.0781
15.6768
15.5097
15.6768
11.9484
14.2467
11.5499
10.627
11.5499
11.172
10.806
14.3066
12.8856
14.3066
9.87635
13.6439
13.7673
10.2784
13.3915
8.91447
13.7673
14.0917
12.6515
12.6545
13.639
14.0917
14.2233
14.2233
13.2995
6.38767
10.8975
16.0609
13.4665
12.0138
16.0609
12.7068
8.01321
7.85897
8.01321
1.06647
7.74929
12.1886
11.2547
10.47
12.1886
9.13399
8.28119
6.74352
7.43729
5.2316
8.28119
16.5944
15.8832
13.2412
16.5944
14.3076
11.5688
11.5688
11.0176
11.2253
4.92096
15.5757
14.849
15.5757
7.05727
6.74881
14.7025
14.7025
12.0884
12.6222
10.9043
13.3041
13.3041
9.54796
11.1302
9.20497
14.5586
13.1315
14.5586
8.25805
1.76404
14.1916
13.5583
14.1916
8.08751
10.2932
24.2335
24.1048
24.2335
11.4097
11.8985
21.462
19.4033
18.2033
21.462
16.9457
23.5586
23.5586
23.5305
10.4642
11.3466
18.5889
18.5889
17.7031
6.24338
9.02342
15.8568
15.5595
15.8568
15.3322
11.6868
17.9908
17.4151
17.9908
2.33634
6.73811
24.6349
24.6349
23.6032
7.84569
9.24357
23.4303
23.4303
23.4083
15.0624
15.5913
23.6479
23.6209
23.6479
15.9044
14.6971
14.8165
12.7133
12.4683
14.8165
14.8077
24.8947
24.8947
23.5709
14.2396
13.4595
19.8881
13.8214
13.7983
19.8881
17.7695
9.85746
8.39516
9.85746
0.750157
9.18726
20.3015
20.2035
20.3015
12.6021
13.2169
18.4605
14.3402
14.8277
12.5116
18.4605
18.7608
18.7608
16.7383
18.6287
15.7156
22.9072
17.3075
19.4486
18.9134
22.9072
23.401
18.543
18.1916
23.3708
23.401
24.5706
15.1339
14.6045
24.5706
23.8898
14.5608
12.9437
14.054
8.32392
14.5608
17.6342
14.1247
15.826
12.0818
17.6342
15.3028
13.4
12.8811
15.3028
8.73858
9.93967
9.90034
9.90029
9.93967
9.90972
18.3716
16.5185
16.079
18.3716
18.2708
9.90425
8.83822
8.85762
9.89532
9.90425
