4.97509
4.97509
0
4.97509
0
9.95678
9.2789
0.0475332
9.95678
0.00133438
7.86331
0.665686
7.69263
0.362378
7.86331
7.41918
7.01868
7.41918
2.25791
3.09035
11.526
11.526
6.68056
8.24839
2.25362
8.24485
8.00702
0.426033
8.24485
0.182754
19.2819
19.2566
19.2819
7.25547
7.25547
11.3744
11.3744
9.90563
8.07135
6.34248
13.8664
11.8798
13.8664
5.35253
7.66373
10.8941
10.8941
10.2386
1.29144
0.329865
12.1861
9.12386
12.1861
2.55299
7.63358
12.7135
7.28759
12.7135
3.90263
10.0361
14.5043
14.2483
14.5043
3.33147
3.69089
7.7124
4.6762
7.7124
1.73663
7.32072
11.6443
11.6443
9.82454
8.12674
3.46897
7.7887
0.843567
7.37547
0.0739002
7.7887
11.9475
11.9475
8.96086
4.38147
0.137439
8.64883
4.49009
8.64883
0.233551
4.7187
16.1519
16.1519
14.4947
9.43325
6.1676
11.0955
11.0955
4.40805
11.0737
4.40333
6.4898
6.4898
6.16664
5.95214
5.68457
12.9581
12.9581
11.0993
4.12378
0.582529
10.7128
10.7128
8.9958
7.91418
5.19249
9.71626
9.28263
1.05288
9.71626
0.00370064
9.34414
6.93213
9.34414
4.04871
5.93092
8.79691
8.78595
8.79691
8.20803
8.21443
19.7177
19.7177
17.5331
11.3451
4.56062
11.7314
11.4911
11.6613
11.5294
11.7314
9.64253
6.24042
9.64253
6.07132
9.09416
13.8231
13.8231
11.0992
7.1814
0.334592
7.80005
4.2374
7.80005
4.74205
7.65082
9.96465
8.47984
9.54725
8.89301
9.96465
15.7411
15.621
15.7411
12.2332
12.3401
15.9388
15.9388
15.6976
4.37897
4.12166
14.861
14.861
14.861
0.219794
0.232937
14.124
14.124
13.7173
9.12824
8.31958
16.1597
16.1597
14.4628
5.74386
3.21604
9.95752
0.128475
9.3087
0
9.95752
11.9398
11.8451
11.9398
10.2514
10.007
17.7098
12.3942
17.7098
6.91078
13.5934
18.4513
18.4513
15.976
7.47863
0.244008
22.0658
18.7726
22.0658
5.91001
11.8796
23.401
23.401
23.401
7.25547
7.25547
18.6693
18.6693
18.5687
10.1398
8.70929
10.8124
8.29354
10.8124
0.165762
8.54208
14.1902
10.9961
14.1902
0
8.52772
14.5258
14.5258
8.61282
13.6442
6.59458
9.93992
9.75417
9.75417
9.93992
9.93992
19.8775
19.8775
19.8775
0.331636
0.331636
9.93935
9.93802
9.93935
0.165762
0.191938
