4.36276
3.34117
3.2151
4.36276
2.63784
8.91979
7.75323
7.31727
8.91979
5.04181
10.9099
10.6651
10.6175
7.88952
10.9099
9.44042
9.23714
9.21287
7.5296
9.44042
14.247
11.5359
11.5942
14.247
10.4016
11.2469
11.2469
10.9253
11.2327
8.45508
19.4222
13.7392
13.7811
19.4222
19.4015
17.7239
17.1478
17.7239
16.0666
13.5443
17.0547
16.8043
16.7104
13.8991
17.0547
13.3655
9.4841
10.7853
13.3655
11.2175
16.1743
15.2184
14.939
13.884
16.1743
14.0182
11.0816
13.213
10.3035
14.0182
14.873
14.1837
13.936
13.8039
14.873
14.5706
14.5706
14.5686
11.9139
12.8004
15.8925
13.4792
12.7225
15.8925
12.0616
8.1852
8.1276
8.1852
5.66927
7.99285
11.1209
9.72807
9.45895
11.1209
10.4717
7.51761
6.40033
6.39102
6.66824
7.51761
15.7601
13.8582
13.7932
15.7601
15.2714
11.8709
11.4541
11.0259
11.8709
8.23518
17.0767
17.0106
17.0767
14.0804
13.0332
14.3997
13.167
11.2753
14.3997
13.4952
12.7662
9.32453
9.80476
12.7662
10.5741
12.8712
12.4309
11.8506
12.8712
9.11104
13.9187
12.5639
12.8115
13.8498
13.9187
22.1075
22.1075
21.9103
18.1603
18.1581
20.5381
16.0723
15.5585
20.5381
17.9837
21.8102
21.807
21.8102
15.3328
15.5128
18.2618
18.2618
17.3621
10.9869
12.4055
14.9559
14.2966
13.8511
14.9559
12.9852
14.8452
14.8452
14.5347
9.7629
10.628
21.024
21.024
20.6729
13.9236
14.7479
20.4459
20.4459
20.1805
15.5857
15.8101
20.4541
20.4541
20.3725
20.136
20.0112
14.0838
10.5196
10.3856
14.0838
14.0718
17.8354
17.8354
17.3983
15.3525
15.163
17.4093
11.833
11.7429
17.4093
16.5138
9.06467
7.49276
7.50178
5.00514
9.06467
24.9295
23.1015
24.9295
18.0968
19.1984
17.8063
12.7955
12.7615
12.5595
17.8063
16.9471
14.8153
14.2726
16.9471
15.4798
21.108
14.2989
14.3884
19.3775
21.108
23.8608
14.0268
13.8925
23.8608
23.8315
22.6556
11.8243
11.7496
22.6556
22.5358
11.8568
11.7536
11.5975
11.132
11.8568
16.7609
13.5077
13.8654
13.5503
16.7609
14.9588
11.9684
11.953
14.9588
8.61282
9.93992
7.70397
7.58523
9.93992
9.93992
18.3736
11.9612
11.9308
18.3736
18.3482
9.93699
7.35245
7.23056
9.93699
9.93699
