4.37968
4.37968
1.49714
4.06818
0.795607
8.96497
8.96497
3.33436
8.95652
1.78079
7.74726
4.7097
7.44349
2.70362
7.74726
7.88803
7.80149
7.88803
6.7446
7.23731
12.0994
12.0131
10.0657
12.0994
7.79655
7.74164
7.43988
4.54022
7.74164
2.57937
20.3887
20.3887
20.376
18.8397
18.8397
14.696
14.6575
14.696
12.294
11.3448
15.2064
15.2064
15.1095
11.4962
13.1624
11.0311
11.0311
10.9899
10.6029
10.3156
13.4777
11.9868
13.4777
9.04696
13.4488
13.1169
10.3625
12.9403
9.02691
13.1169
15.1559
15.1559
15.1135
12.9606
13.0231
11.3522
8.76908
10.857
7.76908
11.3522
17.3166
14.7124
14.0857
17.3166
13.2935
7.54392
4.06666
7.52303
2.46697
7.54392
12.612
12.612
9.68146
12.4812
9.9752
8.58355
6.16585
8.58355
4.69421
8.37444
17.0454
16.6336
15.7866
17.0454
14.4829
10.9619
10.6832
7.55861
10.9619
5.26407
7.36961
7.36961
6.87083
7.15151
6.41053
14.0323
13.5904
11.9878
14.0323
11.1155
11.2929
11.2929
10.4877
10.8467
9.14639
8.93065
8.32634
4.98621
8.93065
2.90028
9.98295
8.56126
9.94844
8.1291
9.98295
12.2529
12.2368
12.2529
12.1781
12.1721
22.8182
22.8182
19.8659
20.2934
16.7944
11.0836
10.4689
10.6179
10.8272
11.0836
9.07149
6.02163
9.07149
6.07142
8.91978
14.917
14.917
12.9094
14.1555
10.1149
6.46095
5.36914
6.4462
2.93743
6.46095
9.01175
7.4509
8.58578
7.81784
9.01175
14.6053
14.4848
14.5601
14.4073
14.6053
17.1631
16.9484
17.1631
17.0806
16.4403
14.8633
14.8633
14.8616
14.861
14.861
13.7586
13.7586
13.1698
13.0839
12.13
18.8816
18.8816
17.8708
15.2571
13.7993
9.15705
3.4117
9.15705
1.79308
9.11543
12.8582
12.8582
12.8554
12.5148
12.5727
18.9018
15.2913
17.8813
12.6914
18.9018
21.8883
20.3185
16.9608
21.8883
16.01
24.8824
22.3396
24.8824
17.837
20.7625
24.8647
24.8647
24.8647
21.716
21.716
24.8595
23.0975
22.5375
24.8595
24.2046
15.9228
10.5888
15.9228
9.95287
15.2607
18.1676
13.8053
17.326
11.5954
18.1676
15.2018
14.3574
11.9207
15.2018
8.61282
9.93992
9.60874
9.60874
9.93992
9.93992
19.8775
19.8775
19.8775
18.4167
18.4167
9.93879
9.93879
9.93879
9.92713
9.92713
