4.97509
3.9983
0
4.97509
0
9.95678
4.83315
0.0480904
9.95678
0.0256768
10.2516
0.778451
5.49349
0.670388
10.2516
7.18727
6.64767
7.18727
3.43938
4.74584
11.6504
11.4589
6.83686
11.6504
6.15888
11.0717
5.72022
0.505261
11.0717
0.531775
19.7604
19.7604
19.7274
13.1929
13.1929
12.7939
12.5052
11.99
12.7939
11.7994
13.9581
12.5529
13.9581
11.0558
12.5724
10.6437
10.6437
10.2104
4.30842
3.39131
12.3864
9.62997
12.3864
7.17704
10.1187
11.5223
7.37868
9.44714
7.41596
11.5223
14.2596
14.2316
14.2596
9.8673
10.3648
9.86737
6.15328
8.67173
5.33092
9.86737
13.3683
13.3683
11.4756
8.07752
4.66567
8.04054
0.911883
3.68509
0.109245
8.04054
11.097
11.097
9.13639
5.76458
2.78523
7.81604
4.75155
7.81604
1.3378
5.39128
15.4778
15.4778
13.4779
12.9148
10.9564
10.7369
8.08229
4.66298
10.7369
4.3819
8.84649
6.87156
5.90199
8.20463
8.84649
12.1119
12.1119
10.6655
7.93211
5.71989
10.9016
10.9016
9.06919
10.429
8.46083
13.2826
7.82827
1.13214
13.2826
0.700807
9.34363
6.58082
8.98197
6.81644
9.34363
11.4374
8.14891
8.17859
11.3674
11.4374
19.0104
19.0104
17.4217
13.0076
9.01539
12.7773
8.93379
9.21554
12.7058
12.7773
10.7966
6.89168
8.36685
8.00087
10.7966
13.1722
13.1722
10.6509
12.7271
5.03907
13.6153
5.43828
9.12559
9.68442
13.6153
13.4432
6.24114
7.11686
13.4432
12.0234
17.2973
15.3628
15.3723
17.2116
17.2973
15.5695
15.5695
15.2705
7.10282
6.89769
13.4104
13.4104
13.4104
3.06039
3.04726
16.0126
15.7676
15.7376
16.0126
15.9257
18.0278
18.0278
17.2958
11.4503
8.84385
9.95628
0.128475
4.8893
0
9.95628
11.7469
11.7469
11.5006
11.534
11.3883
17.3053
12.107
16.0936
12.2075
17.3053
17.0845
17.0845
14.9442
11.2497
7.97474
20.8171
18.8438
20.8171
11.2976
15.1189
23.4845
23.4845
23.4845
13.4542
13.4542
23.162
23.162
23.162
15.7174
14.6754
9.98932
8.2556
9.98932
2.84661
8.713
13.2335
11.5681
13.2335
2.43417
8.52772
15.1479
11.8479
7.52222
15.1479
8.62193
9.93992
9.93992
9.93992
9.93992
9.93992
18.427
18.427
18.427
9.88611
9.88611
9.89545
9.89545
9.89545
2.84922
2.82075
