4.75718
4.75718
0
4.51596
0
9.49956
9.49956
0.0455183
8.78365
0.0474227
7.16237
0.492485
7.16237
0.68267
6.85799
7.33364
6.77504
7.33364
6.80331
7.19606
11.5085
11.5085
6.06746
11.2165
6.78967
7.00677
7.00677
0.344899
6.56831
0.433778
19.2554
13.9977
13.9977
19.2257
19.2554
12.0843
9.91109
8.18393
12.0843
10.9986
13.3942
9.04649
11.3799
11.8761
13.3942
10.5919
10.5243
10.2677
10.5919
10.2558
13.0801
8.05291
12.1544
9.12465
13.0801
12.8242
7.41596
12.8242
7.38469
12.4345
13.7738
13.5564
13.5577
13.7221
13.7738
10.3948
4.94438
9.74773
5.92442
10.3948
17.3021
14.1122
9.829
17.3021
13.2935
7.73542
0.843682
7.73542
0.864652
6.89794
12.8
12.8
8.99492
12.5773
9.07064
8.85331
4.54636
8.85331
4.70442
8.46617
17.1364
13.9084
10.9564
17.1364
14.4829
10.9917
10.9917
4.3819
10.8069
4.69165
6.26795
5.9583
4.938
6.26795
5.10637
14.2553
13.8244
10.7659
14.2553
11.0941
11.119
9.9479
7.65561
11.119
9.01121
7.91328
7.91328
1.04445
7.38127
1.0535
10.5556
8.3465
10.5556
7.66802
9.79758
12.1697
12.1668
12.1697
11.1889
11.3001
21.989
19.2375
14.4278
21.989
17.5331
10.3979
10.1655
10.3979
9.85918
10.0152
8.47172
5.49579
8.47172
5.52254
8.21172
14.2793
14.2793
11.1303
14.2784
11.0992
5.49375
1.26457
5.49375
1.27333
5.21117
8.16619
7.10142
8.16619
6.58777
7.67692
14.7065
13.2744
13.3738
14.5466
14.7065
16.9984
15.8819
15.4947
16.9984
16.3846
14.861
14.861
14.861
14.861
14.861
13.5329
11.0668
10.6573
13.5329
13.0601
15.3109
15.2244
14.6101
15.3109
14.4628
9.50935
0.128475
9.50935
0.128475
8.89671
11.0743
9.70669
9.64135
10.8856
11.0743
18.7736
12.2075
18.0839
12.651
18.7736
21.8257
20.4832
15.0419
21.8257
16.01
22.9353
14.919
19.1959
18.7726
22.9353
23.401
18.4362
18.4362
23.401
23.401
20.1834
15.2391
15.0579
20.1834
19.1747
15.6357
8.29354
15.6357
8.29191
14.7892
18.9036
12.0602
18.9036
11.8102
18.2493
15.9209
15.9209
8.62727
14.9415
8.61282
9.93992
9.93992
9.93992
9.93992
9.93992
19.8889
19.8889
19.8889
19.8775
19.8775
9.93802
9.93802
9.93802
9.93719
9.93719
