4.97509
4.97509
0
4.78687
0
9.73895
6.75795
0.0482102
9.73895
0.0480893
11.4133
3.88939
8.84459
5.15079
11.4133
7.53091
6.89692
7.44323
6.56817
7.53091
13.7067
11.2032
8.33279
13.7067
6.72166
12.3222
9.04476
4.27984
12.3222
5.95276
20.635
20.635
20.635
18.8281
18.8281
15.2622
15.2622
13.9117
14.3582
13.2792
15.5078
13.9846
15.5078
11.4855
13.9673
10.7351
10.7351
10.2428
10.4363
10.0174
16.1346
9.69557
12.4872
9.1181
16.1346
13.5
8.02057
11.1204
7.41923
13.5
14.3722
14.2089
14.3722
13.5719
13.6531
15.0056
6.5033
12.9797
8.12663
15.0056
14.5305
14.3788
11.8527
14.5305
11.2914
8.17411
1.47024
6.36785
1.62335
8.17411
12.7479
11.9028
8.97464
12.7479
8.96497
8.86382
4.58763
8.64884
4.54636
8.86382
17.035
15.3994
14.185
17.035
14.4707
10.8599
10.4929
5.33599
10.8599
5.29885
13.9791
11.0798
11.42
13.9791
11.8893
13.3549
12.1142
10.7664
13.3549
11.1634
11.0025
10.5113
8.63786
11.0025
8.99482
13.9002
10.4854
5.84026
13.9002
7.47151
11.1795
6.52032
8.21375
9.48747
11.1795
17.4003
12.2654
12.2957
17.4003
17.2855
20.6642
20.6611
18.0197
20.6642
17.0477
17.5836
14.6921
14.8172
17.5644
17.5836
13.7955
10.2676
12.8682
12.5716
13.7955
16.9842
15.1109
11.2446
16.9842
10.4489
15.6631
9.11674
10.8853
13.461
15.6631
16.6859
12.8103
12.1923
16.3004
16.6859
18.1463
17.9496
18.1463
17.1308
17.5256
15.9901
14.4319
14.4088
15.9901
15.6695
14.861
14.861
14.861
14.1639
14.1639
14.9774
14.8767
14.7038
14.9774
13.9563
17.2965
17.2965
16.0706
15.0291
13.7804
9.7337
0.128475
7.11883
0.128475
9.7337
16.6459
15.3219
16.2892
15.9423
16.6459
18.3969
12.5594
16.5062
12.5017
18.3969
20.2011
17.4635
15.0419
20.2011
15.9169
22.4786
19.8112
22.4786
18.2032
21.2412
24.7567
24.7567
24.7567
22.6257
22.6257
22.1111
22.1111
21.9209
21.6714
21.571
15.6688
8.29335
12.3904
8.29278
15.6688
18.6901
12.0602
14.5131
12.0602
18.6901
15.1923
13.7943
8.61282
15.1923
8.62727
9.93992
9.88442
9.88442
9.93992
9.93992
19.8775
19.8775
19.8775
18.2969
18.2969
9.94024
9.93811
9.94024
9.93786
9.93786
