4.8468
4.56735
4.37973
4.8468
4.77074
9.73783
9.32857
8.78087
9.73783
9.62808
10.0279
9.25839
9.35332
9.98271
10.0279
7.80639
7.20375
7.53802
7.80207
7.80639
12.1444
12.092
12.1444
11.8324
8.56796
10.8574
9.54686
9.65772
10.8278
10.8574
19.4997
19.4997
19.4997
18.0995
18.0995
14.5864
14.5864
14.5473
10.1434
10.0411
15.599
15.5752
15.599
12.0612
12.8605
10.6972
10.6972
10.6779
10.1905
10.0473
13.4077
12.405
13.4077
11.5697
12.7252
12.9438
11.1502
12.7167
9.541
12.9438
14.9178
14.8968
14.9178
13.0835
13.0673
12.2147
9.35689
10.5722
12.2015
12.2147
17.2533
17.2533
13.6367
13.4223
13.0973
7.83969
7.23966
7.73047
7.83969
7.78973
12.4408
12.2891
8.84024
12.4408
11.9299
8.44362
5.22197
8.10011
8.22
8.44362
17.1342
17.1342
16.692
15.5474
14.5998
11.0465
11.0465
10.7187
10.6088
9.1394
9.43826
9.29267
9.39038
9.36828
9.43826
13.8894
13.8894
11.6604
13.5814
12.3438
11.08
11.08
10.0819
10.1873
8.92488
12.8579
11.0831
11.2458
12.7683
12.8579
11.5762
9.08349
9.96045
9.59184
11.5762
14.6035
11.4369
11.4344
14.5095
14.6035
21.8982
20.2456
17.0557
21.8982
19.5543
12.6258
12.5221
12.6258
11.3912
11.5409
11.0625
11.0625
11.0084
10.3182
10.2809
14.8247
14.8247
11.7694
14.69
14.7696
14.604
13.242
13.4134
14.4513
14.604
12.9356
11.278
11.4497
12.8464
12.9356
17.2718
17.2718
17.2664
11.9949
12.0533
18.2134
16.3899
16.5907
18.11
18.2134
14.8686
14.8684
14.8686
13.9036
13.9036
15.6878
15.6878
15.6562
10.7246
10.3172
15.9464
15.5169
15.5989
15.9464
15.2507
9.67612
8.71364
9.22002
9.56579
9.67612
12.6459
12.211
12.6459
11.6287
11.9556
17.8576
16.3855
17.8576
12.781
16.8791
21.1586
21.1586
17.1588
19.859
17.8641
22.2722
19.0928
20.9136
19.8888
22.2722
22.3827
20.5521
20.5494
22.3827
22.3827
19.9275
16.4061
16.4468
19.9275
19.857
15.1542
8.05881
14.7455
14.9423
15.1542
18.0393
12.2142
17.2543
16.5305
18.0393
15.0747
15.0747
14.6258
14.5751
10.1262
9.26891
9.07619
9.07619
9.26891
9.26891
19.5046
19.5046
19.5046
18.8592
18.8592
9.89545
9.49257
9.49257
9.89545
9.89545
