4.23767
3.71537
1.38982
4.23767
0.564166
8.76393
7.83809
2.76905
8.76393
0.996625
13.949
5.98826
10.3878
4.28115
13.949
12.9562
8.44218
12.9562
3.94221
6.38329
12.7699
12.7699
8.36881
10.6156
5.59552
13.3714
11.5518
5.21993
13.3714
5.33449
15.4254
15.4254
15.4154
5.71162
5.60403
14.984
14.984
12.7438
12.495
9.82222
15.7333
13.5881
15.7333
9.19849
11.9776
12.0132
12.0132
10.7847
3.44469
3.01028
16.5711
11.2339
16.5711
7.53696
14.2916
14.9367
10.0888
14.9367
4.98481
12.2196
14.4107
14.2022
14.4107
5.1649
4.89806
13.5185
9.27414
13.5185
7.91017
12.7596
12.6089
12.6089
10.4476
8.66466
3.22477
8.49612
3.97484
8.07681
1.59389
8.49612
8.47027
8.47027
8.19952
4.15512
1.3517
5.25499
3.8648
5.25499
0.834736
4.22141
15.3205
15.3205
15.0157
10.3374
4.87397
12.3927
11.7947
8.17363
12.3927
6.07557
15.4544
15.4544
12.3368
14.2027
12.7744
17.2242
17.2242
14.2557
7.3124
3.80721
13.6892
13.6892
11.726
9.86262
6.29506
12.6423
11.921
6.62423
12.6423
6.34162
10.5928
9.14637
10.5928
6.94777
8.72881
14.5058
14.5058
14.4624
13.1794
13.4509
17.5041
17.5041
15.7606
9.90146
4.32359
15.6559
15.6542
15.5168
15.0714
15.6559
16.9947
12.842
16.9947
14.3728
13.146
13.8459
13.8459
11.3586
9.98284
7.12507
14.4641
11.0749
12.8878
11.2426
14.4641
15.669
14.281
14.5811
15.1964
15.669
14.0032
14.0032
13.7698
12.319
13.0072
16.8627
16.4474
16.8627
8.88105
8.42705
12.0812
12.0625
12.0812
1.36219
1.51494
13.2088
13.0115
13.2088
11.9305
10.6164
12.0325
12.0325
11.8552
4.30953
2.99972
8.74602
2.94242
8.07114
0.947152
8.74602
17.4522
17.4522
17.0815
15.0478
15.5896
13.9238
11.0094
13.9238
5.35322
10.8877
14.7564
14.7564
12.9322
6.71148
1.4999
18.1169
15.7402
18.1169
4.91567
9.86992
18.7745
18.5247
18.7745
5.82535
5.54178
14.9303
14.7555
14.9303
6.90288
6.81132
9.50612
7.48663
9.50612
1.1393
7.55716
12.6972
9.96956
12.6972
1.34842
7.65111
11.3618
11.3618
8.22542
10.561
5.26576
8.13243
6.94684
7.04796
7.93148
8.13243
15.5655
15.5549
15.5655
1.43902
1.55973
8.20108
8.20108
8.20011
1.12469
1.37296
