4.46629
3.46348
0.748756
4.46629
0.574253
9.08385
7.13235
1.55649
9.08385
1.69382
11.7324
3.59369
11.1402
5.75286
11.7324
9.28396
8.148
8.46548
6.43476
9.28396
17.9315
12.6299
8.73702
17.9315
7.01511
13.2439
10.5183
4.25793
13.2439
5.79666
18.9999
18.2926
18.9999
12.1965
12.1179
16.6772
16.6772
13.9777
15.0292
10.814
18.1052
15.3856
18.1052
10.6638
15.4361
12.1893
12.1893
11.7897
11.9474
9.7344
17.4657
11.5085
16.985
9.67705
17.4657
15.0678
9.91289
14.4962
9.13321
15.0678
15.1433
14.698
15.1433
11.1065
11.7165
16.2986
8.82995
14.6525
8.54023
16.2986
15.5349
15.1294
12.0955
15.5349
10.1354
8.60133
2.44023
7.38312
2.41237
8.60133
10.6435
9.95073
8.53549
10.6435
8.50068
7.25275
4.41444
6.79571
4.4245
7.25275
17.5856
17.5856
15.3938
13.5417
10.7387
12.7602
12.7602
6.7263
11.5351
6.6417
14.2821
12.843
12.9423
14.2821
11.2072
15.0323
15.0323
13.2588
12.7804
9.65141
12.8597
12.8597
11.1937
12.0957
9.65182
12.9802
11.0607
4.36199
12.9802
6.87188
10.798
8.304
10.798
7.49776
9.79546
13.378
12.7488
12.8164
13.378
13.3572
18.0562
18.0562
15.9382
14.7021
10.0259
15.4097
12.8936
13.0365
15.4097
15.1981
13.453
12.3126
11.2121
11.6664
13.453
15.0891
15.0891
10.6758
14.5198
8.4151
13.257
8.43041
9.49879
12.9898
13.257
16.1073
12.005
11.9824
16.1073
14.6455
14.747
14.5164
14.747
14.5695
14.7209
14.6317
14.6317
14.2404
11.9305
11.5403
13.0311
13.0311
12.974
12.0764
12.0601
13.8812
13.8812
12.5229
12.3109
12.3366
15.3756
15.3756
14.2713
12.5061
11.6851
9.02543
1.65636
7.19785
1.83629
9.02543
16.5521
15.7498
16.5521
14.4418
14.0794
15.2399
11.5182
14.3999
11.4335
15.2399
15.3573
15.3573
13.3123
14.0923
10.5576
17.8383
17.3211
17.8383
10.8457
14.5806
20.0195
20.0195
20.0185
12.2527
12.3011
19.5358
19.5358
19.3498
12.3671
12.0529
12.7138
7.82688
11.4271
7.77417
12.7138
15.3881
10.8627
15.3881
11.2442
14.9779
13.0331
12.1801
8.997
13.0331
8.25246
9.13351
8.17044
8.0987
9.13351
9.12624
16.6897
16.6897
16.6109
12.3744
12.4061
8.87518
8.87518
8.85393
8.79676
8.80728
