4.74226
3.86359
1.20453
4.74226
1.0393
9.51971
7.73813
2.27927
9.51971
1.86009
12.094
4.9036
10.6758
4.55912
12.094
8.09974
7.45259
8.09974
3.96626
5.65784
12.7856
12.7856
9.72377
10.4096
5.82976
13.9478
10.1135
3.65958
13.9478
2.67286
24.8657
24.8657
22.3568
7.50599
7.36862
15.6107
15.6107
14.3976
10.7731
7.73379
16.5054
16.5054
16.4829
8.58143
8.78336
11.0624
10.9032
11.0624
2.64202
1.92791
14.8013
13.741
14.8013
7.44835
10.9317
12.0997
10.1709
12.0997
8.84427
9.43168
16.4486
16.4486
16.4299
5.60922
5.64398
14.9297
7.0184
14.6713
7.35954
14.9297
13.3879
13.3879
10.9628
7.844
3.82914
8.7837
3.01445
8.02477
2.30705
8.7837
10.9841
10.9841
8.67387
4.10356
1.16846
6.27104
3.92606
6.27104
1.35947
4.51875
18.4456
18.4456
17.4395
7.9202
7.3923
11.3047
11.3047
7.14494
9.89974
7.17561
15.4689
12.4758
9.68855
15.4689
8.7116
14.6474
14.6474
12.3778
6.54424
5.91988
11.7899
11.5088
11.7899
9.1355
8.84227
13.3245
11.7277
3.26777
13.3245
2.35061
8.42984
7.62637
8.42984
6.86122
7.17228
13.3066
13.2926
10.8378
13.3066
10.8777
17.603
17.603
16.189
8.27627
5.65697
14.9743
14.8596
12.1178
14.9743
12.1495
12.8301
12.8301
11.4388
10.5658
10.4395
12.6919
12.6919
11.5347
10.0069
3.73512
12.0676
12.0556
10.3476
12.0676
10.7027
15.3028
14.5459
11.8277
15.3028
12.0084
17.6583
17.6583
16.2693
10.8048
9.05972
15.2259
15.2259
15.1709
7.49006
6.43159
14.8622
14.8622
14.849
1.21475
1.22725
16.7763
16.7763
15.0937
9.75716
8.55093
15.7713
15.7713
15.3891
5.4942
5.36401
9.46353
2.67958
7.64492
2.2463
9.46353
15.6561
15.6561
13.6288
14.3351
11.9079
15.2272
13.7316
15.2272
7.74565
8.24255
16.6999
16.6999
15.5105
7.19779
3.92998
18.9524
18.0567
18.9524
7.24221
7.77186
21.2831
21.2522
21.2831
7.67638
7.59288
19.0819
19.0819
18.8008
8.03192
7.88635
10.0662
8.0385
10.0662
2.29805
8.10179
13.0243
11.0398
13.0243
2.32522
8.15275
12.3277
12.3277
10.2967
9.63374
4.8316
9.30133
9.29555
9.30133
6.62249
6.50617
19.8022
19.8022
19.7708
4.64816
4.57439
9.58318
9.58318
9.50511
0.7677
1.00719
