4.43458
3.59726
1.55657
4.43458
0.590903
9.02426
7.72782
2.86758
9.02426
1.11551
12.3435
5.87559
10.3685
4.41432
12.3435
8.63108
7.89218
8.63108
4.40892
6.21407
13.3798
13.3798
10.0364
10.4413
7.20852
13.2753
10.7608
5.5469
13.2753
5.03548
19.6132
19.5981
19.6132
9.46986
9.50575
23.9177
23.9177
15.7308
14.2304
10.7667
23.9132
16.2227
23.9132
9.30448
13.8162
14.9382
14.9382
10.8139
3.89892
3.63848
17.6431
13.1356
17.6431
8.65535
14.16
13.0243
12.5443
13.0243
9.29627
10.8849
17.3895
16.1768
17.3895
6.89836
7.28899
14.5429
9.61455
13.2814
8.07375
14.5429
15.9931
15.9931
12.9436
8.49599
5.72114
8.64892
4.18936
7.94904
1.63278
8.64892
10.4801
10.4801
8.65448
4.26541
1.46671
6.92314
4.22106
6.92314
0.992422
4.32408
17.4998
17.4998
16.2311
8.81206
8.79985
11.7971
11.5073
9.13512
11.7971
8.22742
15.9492
14.0267
12.3109
15.9492
12.3032
14.7239
14.7239
13.4629
8.55325
8.15953
13.1754
11.3292
13.1754
9.73697
9.68855
13.1041
10.2116
6.77828
13.1041
6.08382
10.6067
9.73754
10.6067
7.34561
8.06093
13.8654
12.2937
12.352
13.8654
13.6453
16.2261
16.2261
15.7436
9.38948
8.09271
14.8819
13.974
14.0821
14.8819
14.5807
15.4515
15.2058
12.6359
15.4515
12.9925
12.7907
12.7907
10.6994
10.4669
8.37147
14.5956
10.2843
12.7207
11.4309
14.5956
14.737
11.7549
12.5492
14.737
14.5177
15.2851
15.2851
15.1287
13.3621
13.4808
13.6663
13.5844
13.6663
9.35162
8.79919
13.9578
13.9578
13.9315
2.18936
2.22293
14.0929
14.0929
13.9951
13.1961
12.1843
14.8275
14.8275
14.617
6.48262
6.44571
9.05303
2.22114
7.67027
1.06176
9.05303
17.3961
17.3118
17.3961
15.4559
16.1765
13.666
12.3873
13.666
9.87827
10.3151
15.1517
15.1517
13.9887
7.09485
6.4414
18.1639
17.1813
18.1639
9.10729
9.35548
20.1298
20.1298
20.0937
9.69701
9.73285
17.7063
17.7063
17.6833
10.112
10.2281
12.82
7.94663
12.82
1.77618
7.98065
13.5839
10.8458
13.5839
2.33795
8.04411
11.767
11.767
9.03586
10.3456
6.75838
8.6361
8.6361
8.59232
7.94518
7.96115
17.2408
17.2178
17.2408
6.54695
6.58817
9.24902
9.22903
9.24902
1.4511
1.45102
