4.49048
4.49048
4.48281
3.71354
2.97142
8.9973
8.9973
8.96557
7.20226
6.17339
11.1049
9.86356
11.1049
7.48011
10.7873
9.08289
7.25344
9.08289
7.5715
8.27726
14.6412
13.7065
11.7979
14.6412
8.91645
10.7837
10.7837
10.5915
10.7123
7.89041
17.9203
13.2651
13.5992
17.9203
17.8021
16.0917
14.4694
14.0097
16.0917
12.1861
16.89
13.4666
13.838
13.7733
16.89
12.3414
10.7792
10.5203
12.3414
11.4215
22.9186
11.2384
15.5485
11.6759
22.9186
14.4325
12.0459
14.4325
9.70301
14.3891
14.7841
12.2581
12.361
14.7841
14.412
16.2841
13.5077
16.2841
9.99378
14.5711
15.6732
15.5561
14.0303
15.6732
14.1346
8.42181
8.09927
8.15414
6.35105
8.42181
12.4753
12.4205
12.4753
10.1393
10.1062
8.67561
8.67561
8.57985
6.08513
6.04913
17.7543
13.717
13.073
17.7543
17.5924
11.4963
11.1593
11.0681
11.4963
6.28619
14.3919
14.3919
11.2211
14.1243
10.8744
16.3907
13.1891
10.7089
16.3907
14.5101
12.8853
10.4046
9.55798
12.8853
10.535
11.1021
11.1021
11.091
9.90536
8.71678
10.0818
9.04131
9.75265
9.50495
10.0818
15.313
15.313
15.2104
14.2001
14.0664
17.8987
15.9761
14.7152
17.8987
16.5269
14.2706
14.2391
14.2706
12.1014
12.1585
12.8969
12.4422
12.1596
12.8969
10.3413
15.4104
14.6753
12.9483
15.4104
13.366
13.2169
13.2169
13.1815
9.8663
10.7423
13.0036
12.5386
13.0036
11.6736
11.1196
15.8572
15.8572
15.8098
13.6031
13.9693
19.2799
15.1456
14.8851
19.2799
18.6734
14.5343
14.4888
14.5343
14.3068
14.3067
12.9182
12.8075
12.7728
12.9182
12.2859
14.9743
14.9743
14.8422
13.4599
12.9862
9.09222
9.09222
9.07032
6.11919
7.24334
16.3465
15.2537
16.3465
14.3182
15.0355
17.3518
17.3518
17.3192
12.8063
15.4838
18.838
15.9526
14.2945
18.838
18.162
17.4211
15.1949
15.636
15.5691
17.4211
17.6781
13.6398
13.8656
17.5689
17.6781
14.5739
14.5739
14.3667
14.5416
14.0046
15.5739
15.5739
15.3915
12.8497
12.7305
15.8177
15.8177
15.5828
15.6518
15.4849
15.3287
15.3287
15.2907
12.3571
9.60553
9.93992
9.93992
9.93992
9.21782
9.1046
17.7067
13.6292
13.7284
17.597
17.7067
9.89535
9.89535
9.89462
8.36
8.27032
