3.69659
3.37248
1.22365
3.69659
0.574253
7.16521
6.83364
2.59889
7.16521
1.28513
10.6928
5.40385
10.6928
3.29221
10.6102
9.043
8.58894
9.043
7.5992
8.70546
14.2975
13.887
10.5165
14.2975
7.27824
11.2033
9.97068
4.67702
11.2033
2.74092
20.2224
20.2224
19.8536
18.3126
18.4972
16.9693
16.9693
15.847
14.4482
11.2421
18.3092
16.541
18.3092
11.838
13.6872
13.32
13.32
10.5685
10.74
12.7224
16.8888
13.1572
15.6322
9.01493
16.8888
18.9303
13.2607
14.7934
8.47129
18.9303
19.9192
17.235
19.9192
13.4255
13.3821
20.9221
9.19676
17.4781
8.70148
20.9221
21.9057
21.9057
14.0252
16.2609
11.9419
8.51347
4.02113
7.96294
2.42951
8.51347
12.0955
9.05365
8.75558
12.0955
9.56944
7.7282
5.63527
7.7282
5.26916
7.68238
16.3932
16.3932
15.6244
15.5898
13.7122
12.1819
12.1819
9.12394
11.0301
8.24046
13.7573
12.3191
10.5725
13.7573
10.1345
15.0557
15.0557
13.4299
14.8669
10.3224
12.8264
11.9594
12.1473
12.8264
8.71077
10.6709
10.0532
4.34264
10.6709
4.06506
9.91288
8.8213
9.17802
8.1102
9.91288
13.1826
10.373
10.2954
13.1826
13.1375
19.522
16.7927
15.0459
19.522
16.8316
12.0148
12.0148
11.8224
11.9147
11.8955
12.9641
12.9641
12.1593
10.2629
10.6825
17.2373
13.4393
10.8729
17.2373
10.9373
9.85772
7.55974
9.52243
8.52144
9.85772
11.1632
9.84383
10.2232
11.1632
11.0335
15.3163
15.3163
15.1517
11.7807
11.9263
14.3905
13.0519
12.6709
14.3905
14.1367
14.6298
14.6293
14.6298
13.7898
13.9521
14.5583
14.5583
14.5197
13.3763
11.855
16.5952
14.0673
13.7186
16.5952
16.5787
7.24156
2.78965
6.77087
1.37596
7.24156
15.8216
15.8216
15.667
14.9505
14.7142
15.7183
14.2996
14.2232
12.3455
15.7183
16.3737
15.3578
13.9039
16.3737
13.7601
20.3381
17.2892
18.1176
18.138
20.3381
22.9445
18.3793
18.2469
22.8118
22.9445
22.1967
15.9512
16.1256
22.0624
22.1967
14.1161
8.19561
10.9236
9.13418
14.1161
17.3642
11.8187
14.4788
13.32
17.3642
13.3543
11.2416
10.4986
13.3543
8.76015
9.93992
8.95639
8.8349
9.93992
9.93992
18.4562
16.8238
16.6515
18.3916
18.4562
9.89545
9.59075
9.59414
9.89545
9.89545
