8.45751
6.9709
6.77284
6.42859
8.45751
6.98666
5.26893
6.98666
5.61827
6.20663
0.995004
0.994981
0.994981
0.995004
0.901275
18.7698
16.0602
18.7698
13.005
15.2101
9.56936
9.56936
8.33437
9.29501
8.14836
13.1307
13.1307
11.7504
12.7002
12.163
18.4234
10.4404
18.4234
11.5614
13.5163
11.0797
8.96647
8.49958
5.72089
11.0797
17.7087
12.7692
17.7087
11.5495
14.6983
17.9349
13.2285
17.2227
14.1562
17.9349
23.9135
23.9135
12.4964
18.8613
15.6131
19.3652
19.3652
15.7865
14.1351
15.9856
11.8318
11.3135
10.7719
8.7092
11.8318
15.8271
13.8189
11.6946
10.1295
15.8271
12.1438
12.1438
11.5841
11.564
11.8234
15.9
12.0245
14.7006
11.6318
15.9
16.4796
11.4866
16.4796
12.1623
13.3839
15.54
14.9536
13.5971
15.54
12.4582
18.6225
11.722
18.6225
10.8375
12.2635
16.612
16.4921
15.466
16.0459
16.612
18.879
12.5346
18.879
11.8372
14.7844
17.535
17.535
15.8799
14.7922
16.1821
17.9814
13.7446
14.1012
17.9814
13.0386
20.1278
20.1278
18.9459
14.5004
15.3789
10.4854
10.4854
9.61066
6.2045
9.8835
15.6053
15.1184
14.6252
13.5032
15.6053
16.3078
13.8824
14.9089
13.6101
16.3078
17.9129
14.5119
17.9129
12.7868
16.8521
13.0177
10.7077
11.2457
10.5852
13.0177
11.7043
4.97237
11.7043
9.53491
9.24054
19.248
19.248
15.5953
15.0324
17.0591
15.3866
15.3866
11.8054
13.4618
14.377
15.9023
13.776
15.9023
15.33
12.8512
16.3937
16.3937
11.5868
13.8193
15.3698
10.9398
10.913
10.9398
10.9251
8.41434
16.0212
10.0207
16.0212
11.3674
11.6984
20.1962
16.5102
16.3715
15.648
20.1962
14.0798
13.2085
13.3149
11.5223
14.0798
19.118
17.7242
16.8069
19.118
15.4966
20.5048
20.5048
20.0955
17.2563
15.0932
19.0864
15.3425
16.0942
15.5691
19.0864
16.6616
13.8894
16.6616
13.6553
15.9565
15.8503
15.4908
15.8503
10.9753
15.7773
12.31
11.2146
10.5883
9.50341
12.31
14.7309
13.4943
13.1705
13.6718
14.7309
18.4193
13.6591
18.4193
10.122
14.5801
16.7708
16.7708
16.2327
14.9964
13.5409
14.9427
14.7343
12.9218
13.4804
14.9427
19.7163
19.7163
18.777
16.3579
14.4632
17.2156
15.2722
17.2156
11.8795
16.4829
