9.95941
8.67607
6.52552
9.95941
5.99231
7.93707
7.93707
7.90165
5.12688
4.99741
0.995286
0.909492
0.995286
0.99458
0.983824
18.3436
18.3436
14.0683
14.5935
14.1903
9.65932
9.65932
7.58876
2.14034
4.93429
13.2275
12.011
9.19371
13.2275
7.92709
15.375
14.6561
15.375
13.7873
11.6199
11.0399
9.5562
8.6128
10.5986
11.0399
18.6277
15.7233
18.6277
13.5414
14.0311
15.1769
15.0367
15.1769
14.0235
15.0249
13.9234
12.8884
13.9234
12.2162
10.1811
16.0307
16.0307
12.4632
14.0392
11.4297
12.051
9.65383
12.051
8.32381
7.93148
13.2852
11.994
13.2852
13.0255
12.2983
12.4186
12.4186
11.2124
4.46241
7.92827
17.0055
13.6832
17.0055
13.4407
13.1649
17.7535
16.3689
17.7535
14.8978
12.5154
15.8181
15.8181
15.5015
12.4488
14.3455
17.9826
15.9424
17.9826
12.9255
11.5058
18.0631
15.6787
18.0631
13.1898
14.9786
18.6363
15.9455
18.6363
15.4005
13.986
16.8768
16.1772
16.8768
16.4265
13.66
21.1885
21.1885
15.2024
8.33045
11.8724
19.3482
19.3482
15.5035
10.532
10.9745
9.29926
9.23755
9.29926
4.83659
4.89008
17.1318
14.295
13.0832
17.1318
12.3561
17.578
14.915
13.8355
17.578
12.407
16.1715
14.2842
16.1715
11.196
12.4571
14.0144
11.5791
9.97232
14.0144
9.23053
13.7044
13.7044
10.3906
6.43848
7.96789
17.0987
17.0987
13.6958
15.6367
12.7439
14.4039
12.3481
14.4039
13.5936
12.2968
15.8935
12.6355
15.8935
7.49428
9.52991
14.9616
11.9231
14.9616
13.3772
10.697
10.928
8.47515
10.928
7.5049
7.51172
16.8321
15.1863
16.8321
10.9562
10.0328
16.8348
15.6462
16.8348
13.0716
13.0393
12.6422
12.5701
11.9117
12.6422
11.959
14.6345
13.6462
14.6345
11.9774
11.1658
19.4074
19.4074
13.1735
10.4791
10.8756
16.6274
15.1639
16.6274
14.8553
15.2618
15.5355
14.0797
15.5355
13.4909
11.7377
16.7887
15.5727
14.7751
16.7887
12.3056
14.7808
10.8224
10.0835
14.7808
9.90227
14.3014
13.4085
14.3014
9.69884
7.89824
17.8629
12.3418
17.8629
7.72612
10.1642
16.3396
16.3396
14.345
5.42243
8.61177
16.752
14.1623
12.3167
16.752
12.3943
19.0907
19.0907
15.9236
7.9398
10.5639
17.3649
17.3649
15.7772
17.1212
14.4333
