8.73721
4.5995
8.22049
8.72643
8.73721
7.67305
7.67305
7.64398
7.57133
6.70194
0.994774
0.52258
0.979264
0.989706
0.994774
17.6557
11.8794
11.8137
17.6557
12.6348
9.44894
4.74361
7.05908
9.44894
5.31244
13.6147
8.99826
9.46806
13.6147
11.2768
16.7969
15.4452
16.7969
16.5692
16.4788
10.6394
7.50084
10.6394
9.07076
8.24956
17.6004
14.8192
17.6004
14.1001
16.7703
16.3472
13.9326
13.034
16.3472
13.1954
14.5896
10.8819
14.5845
13.5442
14.5896
17.7725
10.1716
12.2818
17.7725
14.7246
14.5805
9.86105
14.5805
11.1066
12.9704
16.1198
12.5893
16.1198
14.5198
14.7209
11.87
7.67989
11.3712
11.87
10.112
19.4097
14.3817
19.4097
14.5483
19.4084
19.3583
15.8241
19.3583
15.4894
17.8762
18.2688
15.2894
18.2688
14.113
15.2039
17.4973
15.6969
17.0479
17.4973
17.2302
19.3575
15.9829
19.3575
15.5974
16.4622
17.5958
16.9795
17.5958
17.3595
17.0434
18.4982
14.0653
15.5486
15.7829
18.4982
16.7291
14.4676
16.7291
13.0547
14.1653
16.1178
10.1269
9.36297
16.1178
11.3562
10.954
10.5628
10.954
8.98659
10.0537
19.8677
11.4432
13.506
13.8659
19.8677
15.7691
11.2351
12.5157
14.7635
15.7691
17.411
13.1966
17.411
14.594
15.3739
12.5852
7.68498
11.1619
12.5852
9.58098
11.8659
11.8659
11.7234
9.41636
9.56681
16.2366
12.1408
12.3023
15.5856
16.2366
14.0785
12.3859
13.2612
13.1258
14.0785
13.7034
6.15122
8.1169
13.7034
10.5837
16.6258
14.9745
16.3661
16.6258
15.8629
8.84307
5.02709
7.71009
8.84307
8.8074
16.2851
15.9603
16.2851
14.1961
14.4811
16.6917
16.4984
14.4247
16.6917
16.3881
12.9601
10.6814
10.911
12.1309
12.9601
14.2446
9.04778
11.0083
14.0495
14.2446
16.173
9.15774
10.7971
16.173
12.1662
17.7776
11.3229
16.2961
15.9041
17.7776
16.0063
13.4548
15.0938
16.0063
14.4553
21.9524
13.4886
16.4103
14.2067
21.9524
14.8864
9.39608
10.8726
11.5238
14.8864
18.7231
16.3008
18.7231
15.8911
13.8855
15.9949
13.0229
12.1058
11.1725
15.9949
14.7901
6.89841
10.5335
14.7901
9.48505
19.3309
11.0287
12.9314
13.3702
19.3309
16.9917
8.23204
11.0278
16.9917
11.4751
18.4931
13.8057
16.6211
16.0485
18.4931
