8.80082
6.93896
1.6119
8.80082
1.71776
7.94999
7.94999
7.90715
7.02728
7.67024
0.994981
0.994621
0.994981
0.994621
0.908479
18.5014
13.0683
10.948
18.5014
11.6337
9.86876
9.86876
8.23429
7.96122
5.40108
13.349
9.74648
6.11319
13.349
5.30766
17.1504
10.6552
11.6317
17.1504
15.8311
9.16451
2.8821
6.88106
8.99855
9.16451
17.8554
11.4743
13.131
14.2672
17.8554
16.3985
11.2376
8.78863
16.3985
12.3722
12.2125
11.2173
11.3827
12.2125
9.54095
23.9154
23.9154
10.4332
22.908
8.11456
9.60312
8.4374
9.60312
9.50157
9.34952
12.1395
5.95244
11.847
12.1395
9.92937
12.5523
12.5523
10.0092
11.982
7.52982
15.0704
11.5586
12.8341
13.3197
15.0704
16.923
12.4378
12.4421
16.923
16.2072
15.6737
15.6737
11.3879
13.1745
11.7826
17.6148
12.6897
13.7468
16.5717
17.6148
15.2442
15.0499
11.4378
15.2442
12.8133
16.5158
13.1484
12.545
16.5158
15.1399
15.65
12.8411
10.5981
15.65
12.0017
19.5039
19.5039
11.6805
13.7211
9.65444
18.8334
18.8334
13.8707
18.4454
8.98918
11.4797
9.15015
11.4797
8.97561
9.63713
17.034
9.78478
8.56692
17.034
11.0742
16.6635
9.91889
6.83441
16.6635
7.67304
15.8328
9.99965
15.8328
12.4343
15.6447
13.4959
8.76464
3.30803
13.4959
3.94223
13.7578
13.7578
12.8947
10.9196
11.9088
15.2556
15.2556
10.7429
15.209
11.9072
13.3411
9.52947
11.2355
13.3411
11.2239
15.9023
15.2214
15.9023
13.2857
6.37734
13.2932
9.06623
13.2932
13.1388
11.0561
10.9398
10.4906
10.9398
9.19413
4.92355
16.1215
12.0915
14.6098
15.1506
16.1215
15.8376
12.9195
15.8376
14.1282
13.6097
11.5988
11.5988
7.97484
11.532
8.9634
19.1769
19.1769
12.6019
14.8929
8.63513
21.0881
21.0881
12.4381
19.1112
8.76181
16.2625
12.959
9.53568
16.2625
10.2871
14.882
10.5346
9.53645
14.882
12.6762
16.4807
11.1657
12.3501
16.4807
13.2628
13.7175
5.26461
5.69328
13.7175
8.43771
15.1717
10.6936
14.3255
14.9568
15.1717
16.5898
9.8479
16.5898
10.6199
10.6334
16.4442
16.4442
14.6598
16.1816
6.53229
16.1731
9.11205
8.67184
16.1731
11.2291
19.2675
19.2675
15.2415
18.7983
7.90496
17.078
10.4799
13.2163
17.078
14.5351
