9.55093
6.33331
9.55093
7.86916
8.85005
7.93911
7.78677
7.1112
7.93911
7.8641
0.993839
0.851063
0.980847
0.993839
0.841833
17.2988
10.217
13.8219
17.2988
13.0163
9.46877
7.92018
6.86502
9.46877
5.2951
13.0972
6.54358
12.0231
13.0972
12.0288
17.6847
15.4792
15.61
16.2374
17.6847
10.4889
8.72048
10.4889
9.11632
10.0755
17.9861
15.0571
15.2892
13.8776
17.9861
17.635
12.7389
17.0824
17.635
15.4059
17.2431
13.8295
13.0848
16.5207
17.2431
16.6323
8.36354
13.5604
16.6323
14.3893
13.5015
13.4575
11.9273
12.7719
13.5015
17.0312
15.5778
17.0312
12.0041
15.329
12.6909
8.77571
10.3621
12.6909
8.16292
17.565
16.2982
17.1782
14.8638
17.565
17.801
17.5015
15.6548
17.1562
17.801
17.6019
17.075
12.4223
15.6613
17.6019
19.5843
17.1834
19.5843
15.3955
18.6357
16.1489
16.1489
15.1266
15.6992
15.2789
17.9618
16.4859
17.2196
16.2042
17.9618
17.847
14.7297
17.847
17.2639
17.6228
19.2353
16.6232
11.3696
19.2353
13.7392
18.6068
9.13523
11.5743
18.6068
10.479
13.0393
13.0393
11.7007
9.13664
11.0944
18.8383
13.0395
18.8383
17.8192
17.0207
18.2401
12.8004
18.2401
17.2708
13.653
17.1798
15.4164
17.1798
13.2926
16.8731
13.9751
9.64343
13.9751
13.0087
13.0564
13.7845
13.7845
10.5777
9.69083
12.1098
17.3907
12.8581
17.2182
15.9979
17.3907
15.7892
13.1273
15.7892
13.2736
12.7413
13.7245
5.97908
7.72806
13.7245
7.37443
19.4246
13.3681
15.5356
18.9869
19.4246
9.73596
4.55614
6.1769
9.73596
6.37763
16.0248
14.3226
16.0248
14.2115
15.79
15.7362
15.2589
15.7362
13.3765
15.4626
13.1606
10.5489
12.1662
12.7177
13.1606
16.5035
10.5134
11.5122
16.5035
10.6611
20.5425
11.2295
11.5244
20.5425
11.2252
20.6595
13.4697
17.7027
20.6595
12.3934
17.4955
15.6475
12.8757
17.4323
17.4955
17.3942
14.0349
17.3942
16.5538
16.4083
15.4391
12.1111
15.4391
13.0633
10.5614
19.7656
13.7133
15.6882
18.6011
19.7656
14.7553
12.6336
13.5202
10.999
14.7553
15.3501
10.8951
7.78364
15.3501
7.39046
18.5393
13.0084
18.5393
17.5062
16.2878
17.7789
10.1465
10.1558
17.7789
8.94605
16.7916
14.9821
16.1296
16.7916
15.6568
