9.50209
5.97009
9.15932
9.50209
6.31618
7.76519
7.69183
7.26642
7.76519
7.26581
0.993699
0.559825
0.993699
0.990329
0.991804
17.6239
13.5836
13.2087
17.6239
13.127
10.3731
4.37439
6.44762
10.3731
6.14935
13.0069
11.8406
11.4307
13.0069
11.9496
18.4565
18.4565
17.532
16.0399
16.1477
11.0367
9.6641
11.0367
10.4354
8.36723
18.5527
16.8969
17.9183
14.6289
18.5527
16.6038
15.8737
15.2649
16.6038
15.505
13.5393
11.2707
13.4082
13.5393
11.8905
20.1811
9.28093
12.2016
20.1811
11.0344
16.9454
13.8546
16.9454
11.2872
14.1104
16.5187
16.5187
16.3974
15.5617
14.8821
13.438
6.53972
9.90798
13.438
9.74525
21.1465
13.785
17.9411
13.5918
21.1465
20.1191
17.9573
19.0444
14.5261
20.1191
17.1055
12.9653
17.1055
13.5766
14.4247
17.772
17.772
17.7156
17.6621
17.533
19.1201
14.2609
19.1201
13.817
18.5051
19.0041
18.2213
19.0041
16.0002
16.9572
16.3487
16.3487
16.0536
15.1237
16.3348
16.2684
12.4728
15.2815
16.2684
15.4446
19.4376
9.24638
10.3971
19.4376
11.3096
12.1901
12.1901
12.0458
9.96597
11.0069
15.6882
14.1991
13.4654
15.6882
15.2111
15.9822
14.5268
15.4507
15.8165
15.9822
17.7587
13.761
17.7587
13.0644
17.2679
13.2352
10.737
12.491
13.2352
11.9103
13.0003
13.0003
10.928
12.2782
11.4046
14.9586
14.4032
13.5256
14.9586
14.6459
15.0183
12.9158
12.3911
13.0399
15.0183
13.6332
3.19241
8.25997
13.6332
10.9457
16.9085
16.4003
15.85
16.9085
15.2222
9.22525
2.70868
8.35676
9.22525
8.14813
17.0819
16.7593
17.0819
13.827
16.4308
16.2458
14.5688
16.0063
16.0175
16.2458
13.7122
12.5146
12.7675
12.2658
13.7122
14.687
7.31184
10.4183
14.687
11.7609
19.826
6.48824
10.7554
19.826
10.4016
16.2307
11.7691
15.4121
16.2307
15.294
17.2304
16.4936
15.7296
17.2304
15.1128
19.2447
15.4935
16.4367
15.5297
19.2447
12.8809
10.6634
12.6279
12.4355
12.8809
17.7568
16.0154
17.7568
17.2798
16.3213
18.2438
12.3466
12.3379
11.1401
18.2438
16.9984
4.83119
8.4743
16.9984
9.6191
15.4783
13.4694
12.4891
15.4783
14.8663
19.7166
6.73785
9.76458
19.7166
10.5992
18.5808
16.3419
16.9627
16.6556
18.5808
