9.37804
6.04777
8.8133
7.02269
9.37804
7.68068
7.68068
6.7588
7.63372
7.03479
0.987383
0.986162
0.987383
0.985871
0.987031
15.066
14.3451
14.6203
15.066
13.4139
9.60497
4.47789
5.46482
9.60497
4.66695
13.1746
10.4724
13.1683
13.1746
11.0894
17.5298
17.5298
16.9156
11.0651
13.6391
10.3522
8.25212
10.3522
9.75799
10.0702
17.6591
16.1912
17.6591
13.1571
17.3888
15.8408
15.2269
15.1746
15.3337
15.8408
15.0834
12.6672
15.0834
13.528
13.3494
17.8441
11.3166
16.6851
17.8441
11.864
14.996
13.448
14.2231
11.5305
14.996
19.935
14.7197
19.935
14.9594
14.1831
14.1481
8.10583
9.40542
14.1481
7.72971
17.8434
14.523
16.9473
16.0412
17.8434
17.9737
17.6429
17.9737
15.3024
16.8982
14.9768
13.0967
14.9768
12.4965
14.1895
17.4489
17.0255
17.4489
12.8112
14.3806
19.0041
15.2811
19.0041
15.2204
15.4494
18.4841
18.1662
18.4841
14.7437
14.9716
18.9944
16.4581
16.4022
18.9944
18.0884
13.7665
13.7665
12.8053
11.9646
12.5923
18.931
9.37487
11.7458
18.931
9.2483
11.3124
10.6005
11.1051
7.58074
11.3124
18.3214
13.2834
16.4493
18.3214
17.3731
18.4578
14.317
15.5534
17.1868
18.4578
17.3169
13.6098
17.3169
13.1854
14.3178
13.7406
10.2757
13.4663
12.6021
13.7406
13.2239
13.2239
10.6801
9.40268
11.0864
16.195
13.6484
15.4748
16.195
15.6171
14.3368
12.2114
14.3267
13.5898
14.3368
12.283
4.83243
11.3412
12.283
7.54316
19.2302
16.2152
15.5191
19.2302
18.6779
8.90637
3.75337
8.90637
8.09219
6.5181
16.6947
16.6947
16.1868
11.3842
14.6739
16.7689
15.1466
16.7689
15.1235
15.3545
13.9136
13.0234
13.9136
11.8673
12.4689
14.7999
9.03275
14.7999
13.7095
8.50137
18.0869
7.83632
14.1781
18.0869
9.299
17.7904
12.417
15.6204
17.7904
14.0858
15.9789
15.4126
14.6628
15.4177
15.9789
17.6469
15.3131
15.8598
17.6469
16.8677
13.8983
8.84972
12.3076
13.8983
11.0917
16.3425
15.4316
16.053
13.9063
16.3425
13.2984
12.5934
13.2984
11.3463
11.7166
16.192
5.63532
8.51848
16.192
8.34079
17.4902
12.8003
15.6392
17.4902
16.4194
18.8956
7.39241
10.5476
18.8956
9.28481
16.7047
16.3368
16.4397
16.7047
16.1715
