9.49983
6.3559
8.98779
9.49983
9.04376
7.60918
7.58866
7.00564
7.60918
7.25193
0.994748
0.635928
0.994748
0.994547
0.994466
16.3531
13.8694
16.1551
16.3531
13.3456
9.7031
5.19666
6.48551
9.7031
3.9688
13.9996
10.9654
11.9512
13.9996
12.8061
17.352
17.301
17.352
16.6971
16.3206
11.2005
9.9537
11.2005
10.1864
9.28555
18.3034
18.2707
17.9913
14.654
18.3034
17.1489
16.0087
14.6027
17.1489
14.6023
15.0671
12.5328
15.0671
14.494
13.6187
16.1474
10.8843
15.3706
16.1474
13.2968
15.0228
13.597
14.333
12.6532
15.0228
16.1408
16.1408
15.4612
15.6772
15.6142
16.8955
8.0605
10.982
16.8955
7.49738
23.9143
15.8194
17.522
15.8996
23.9143
19.6824
18.6182
18.1954
15.4704
19.6824
14.9148
13.3971
14.9148
12.5211
14.7084
17.0793
16.1716
17.0793
16.6558
16.3497
19.7514
14.6558
19.7514
15.1152
16.4411
18.6301
17.6089
18.6301
15.9986
16.9376
17.0606
16.8393
16.4914
17.0211
17.0606
15.6811
13.7996
15.6811
11.488
12.8658
16.9229
9.4199
12.2475
16.9229
10.371
12.1913
10.725
12.1913
9.64161
10.8989
19.2343
14.3835
14.4166
16.1869
19.2343
16.83
14.7731
15.6471
15.6705
16.83
17.5994
14.2002
17.5994
14.3144
16.8806
13.3201
10.7064
12.3304
13.3201
12.4962
11.7363
11.7363
11.2723
10.8601
10.7295
16.1069
14.6139
15.0545
15.0793
16.1069
13.5254
13.1635
12.6209
13.5254
13.4476
12.0576
4.44555
10.1944
12.0576
6.22548
20.0815
16.8224
15.2819
20.0815
17.0909
8.2862
3.45261
8.2862
7.02045
7.21069
17.2711
17.0476
17.2711
14.4716
16.5456
17.2292
15.0956
15.5527
17.2292
15.8123
14.2373
13.9352
13.2425
13.1377
14.2373
14.8503
9.09694
13.3285
14.8503
10.2331
18.1597
7.73357
13.7581
18.1597
10.0764
16.7166
12.9575
16.7166
16.1907
15.6415
17.3709
14.9835
13.0423
17.3709
14.708
20.6328
16.2349
15.7512
16.4954
20.6328
15.8355
10.1493
12.3469
14.2737
15.8355
17.4165
17.3693
15.9548
17.4165
17.2377
14.3331
12.2962
12.9351
10.8543
14.3331
15.1581
5.61723
9.98125
15.1581
6.94028
20.6494
13.9259
13.2249
16.6391
20.6494
17.5605
7.64408
12.2676
17.5605
9.37456
19.1347
16.94
16.5442
17.5594
19.1347
