9.87015
9.4244
7.07303
9.7752
9.87015
7.87526
7.87526
4.7832
3.25086
6.91333
0.994865
0.806838
0.425885
0.994639
0.994865
13.8268
12.4425
12.3031
12.8154
13.8268
8.99645
4.81419
7.00385
8.99645
6.03306
11.1377
10.4515
11.1377
9.2407
10.6621
18.5116
18.5116
14.9402
9.07785
17.9816
10.6474
10.6168
9.68338
9.7262
10.6474
19.1263
19.1263
16.6742
13.279
17.6453
17.2692
16.8048
13.0331
10.6589
17.2692
14.7584
13.9308
13.8297
11.8565
14.7584
13.0968
9.47105
13.0968
12.3321
10.2197
14.0927
12.1731
13.3301
7.84022
14.0927
17.4941
17.4941
16.3596
12.6111
16.3097
13.6257
7.97951
9.41481
13.6257
9.96559
18.5906
18.5906
17.2162
11.9827
16.5447
18.3544
18.0884
17.4569
15.1364
18.3544
15.0582
14.2872
14.4879
9.66087
15.0582
18.3938
17.1631
18.3938
11.2688
18.0919
19.9149
17.8945
18.7463
13.3392
19.9149
20.1503
18.1504
18.024
12.5735
20.1503
22.9818
20.9009
22.9818
15.4236
19.7343
12.8694
12.487
11.3003
12.216
12.8694
18.2509
9.52174
13.3313
18.2509
11.2925
12.3416
11.9712
10.3614
6.67349
12.3416
21.641
19.4793
21.641
17.7631
17.7166
19.4199
16.75
18.6475
14.2842
19.4199
17.8307
17.8307
16.4154
11.3808
16.4381
13.4089
12.4954
12.3894
12.9276
13.4089
12.2781
12.2781
7.35025
7.60674
10.4235
21.7762
16.2176
21.7762
13.24
15.5909
17.139
15.5268
15.5156
13.9264
17.139
14.2113
8.94977
8.83426
14.2113
8.52248
20.0261
16.4157
20.0261
14.1568
17.8692
10.3949
7.20563
5.99011
10.3949
7.24201
17.2144
17.2144
16.3672
12.224
16.1727
17.1211
14.8314
17.0627
11.3242
17.1211
13.1544
13.0692
11.6812
9.3883
13.1544
11.54
10.9452
11.3814
11.54
11.2659
16.7448
8.24788
11.0691
16.7448
9.22221
17.7127
15.068
16.0543
17.7127
16.4338
16.4419
15.8143
16.0714
10.3815
16.4419
19.4621
19.1211
19.4621
15.9912
18.4544
15.3762
13.7137
13.7552
15.3762
14.6958
16.9888
16.5481
15.8252
9.01108
16.9888
12.9864
12.9864
12.2178
12.8194
12.8267
16.6414
7.05607
11.9097
16.6414
7.13662
19.7715
17.5793
19.7715
16.041
17.7014
19.2427
8.09929
13.2949
19.2427
7.63832
19.7251
18.2997
18.0664
15.2448
19.7251
