8.95421
7.66231
8.95421
7.71991
7.50185
7.8681
7.05519
3.67098
7.8662
7.8681
0.994981
0.994605
0.994393
0.994981
0.651499
18.3089
11.5306
13.1404
18.2166
18.3089
9.21561
9.21561
8.67027
7.71743
6.31994
12.9674
10.4039
10.1676
10.0199
12.9674
17.5989
17.1005
16.3764
11.2873
17.5989
9.74397
9.36522
9.74397
8.60521
9.06029
19.1643
18.9317
17.2275
13.0227
19.1643
15.3091
14.3439
13.3869
12.8956
15.3091
15.2508
12.9466
12.134
11.5995
15.2508
17.8481
17.0605
16.6085
17.8481
12.2164
12.9213
11.6252
12.5953
8.45122
12.9213
15.7272
13.6641
15.7272
10.1688
15.6305
12.3193
11.3332
11.9597
12.3193
10.538
20.1377
20.1377
19.986
12.5943
19.7533
23.9194
23.9194
22.6446
12.6089
22.9635
24.9148
24.9148
13.3394
15.5443
17.4748
18.4811
16.5463
16.0706
13.4892
18.4811
16.3069
14.6102
14.1024
16.3069
15.7707
17.9992
17.467
17.7674
15.7354
17.9992
21.0558
18.9651
16.6467
14.5559
21.0558
19.7615
18.4147
12.9708
19.7615
12.1576
20.1631
20.1487
17.8073
20.1631
12.0438
11.9887
11.1337
11.9887
5.22365
10.4699
22.1372
18.3408
14.9685
13.9878
22.1372
17.2889
17.2736
13.4519
11.9446
17.2889
17.4508
16.3263
16.3824
11.9041
17.4508
12.7184
12.6875
12.7184
8.06378
11.3254
13.646
10.875
10.2765
13.646
13.0321
18.7849
16.1744
16.0098
15.6702
18.7849
15.0854
14.7268
11.9424
10.7094
15.0854
15.0478
13.9184
15.0478
13.8769
6.90744
22.9944
19.3615
15.6025
11.0327
22.9944
10.2924
9.67618
10.1234
10.2924
7.00742
18.9711
18.9711
18.1263
13.3524
17.0988
17.2669
15.7025
16.3525
13.5576
17.2669
13.5117
12.7059
10.6675
9.29293
13.5117
16.3933
15.5169
14.0078
16.3933
9.67025
22.7382
21.8446
16.2408
22.7382
10.9394
20.25
13.8205
14.1567
20.25
20.1852
18.8166
13.0784
13.3462
11.3558
18.8166
23.7021
21.4571
16.4763
14.0689
23.7021
16.2507
12.6764
11.9333
13.2961
16.2507
18.0537
13.8539
15.0692
11.573
18.0537
17.7405
15.4898
17.7405
10.378
14.6071
15.7463
15.4528
15.7463
15.0542
10.0946
22.4145
17.4871
13.5221
13.3243
22.4145
18.4233
18.4233
17.9077
17.6342
11.4057
22.0099
21.7114
19.4068
15.2183
22.0099
