9.68032
5.12591
4.25039
4.1062
9.68032
7.94597
6.51401
6.42453
7.94597
7.67912
0.990329
0.510873
0.45884
0.990329
0.603587
15.5589
15.5589
11.5403
14.9546
13.9396
6.81467
6.65673
6.81467
6.36783
5.45844
10.6135
8.86657
7.50121
8.94122
10.6135
18.9127
18.7322
18.7789
17.2141
18.9127
9.10287
7.42065
6.38915
9.10287
6.52726
17.5192
17.5192
16.7105
16.5077
16.3506
17.108
15.1771
14.6788
15.0797
17.108
13.4045
13.4045
10.3497
12.2353
10.9007
12.9794
12.9794
9.10092
11.3605
11.1212
11.3703
11.3703
11.2961
10.3442
10.2864
12.4618
12.3905
12.4618
9.67409
10.5845
11.3121
11.3121
9.1438
11.0445
7.61064
14.9909
14.9909
14.4184
14.1595
14.7066
18.0086
18.0086
16.9297
16.6049
16.8215
14.8333
14.8333
13.6543
13.7165
13.6197
24.9184
24.7738
24.9184
19.3602
21.5371
24.9205
24.9205
14.4974
23.5129
17.5918
24.922
24.922
23.8957
23.9872
23.9414
15.2531
15.2531
13.53
14.3262
13.5568
15.8716
15.8716
11.1707
14.9538
12.5685
13.3751
13.3751
10.895
11.6485
8.84265
13.2481
11.2825
10.2977
6.96004
13.2481
13.1342
12.1552
10.0986
12.8137
13.1342
13.55
11.9974
11.1898
13.2452
13.55
17.4689
16.6437
17.4689
14.0498
15.0704
12.3092
7.69499
7.47259
7.47255
12.3092
13.7767
11.3291
10.7361
13.7767
12.1004
12.9365
12.9365
11.9677
11.8109
11.5816
13.4748
13.4748
8.56401
11.6422
10.0594
13.5967
13.5967
8.4372
13.0611
4.68173
13.1013
12.2098
13.1013
10.9982
11.7331
10.1422
9.59944
5.57294
10.1422
2.0023
16.7254
16.6372
16.7254
14.8413
15.8113
17.6272
17.6272
16.6843
14.4752
15.8967
13.6358
12.1254
11.3771
11.4087
13.6358
14.6435
14.6435
9.85808
10.5121
7.95956
13.6898
13.6898
8.63668
11.8064
8.03086
16.3085
15.2227
8.15009
16.3085
14.4839
17.8715
16.9465
17.1533
16.804
17.8715
15.8111
15.8111
13.7531
15.1178
14.6571
14.829
7.44797
5.1759
14.829
14.307
16.5258
14.8252
16.2767
13.055
16.5258
18.2204
18.2204
14.1491
11.2388
11.9859
12.0735
12.0735
10.34
11.0757
6.15032
13.5308
11.2422
7.9421
12.9482
13.5308
13.4682
13.4682
10.85
12.1511
7.58003
16.7954
16.7954
16.3222
16.4075
16.3556
