7.73475
2.46958
7.12488
7.73475
6.85722
7.75082
7.25042
6.48767
7.75082
7.53414
0.994981
0.574995
0.556042
0.994981
0.985429
17.9532
12.0279
12.922
17.9532
14.6648
8.54571
8.35137
4.09863
8.54571
7.13577
11.8426
6.60721
11.8426
11.5435
10.9835
16.4428
10.9151
13.4785
16.4428
16.3285
11.3961
11.3961
10.6735
11.3827
8.32117
18.5124
13.2481
15.9088
15.9824
18.5124
16.6471
11.7771
12.8461
16.6471
13.6083
17.4931
11.4677
14.1874
17.4931
14.8023
17.3418
10.2577
15.5231
15.5298
17.3418
14.2688
8.1651
12.8019
14.2688
13.8536
17.2112
17.2112
16.6942
14.7576
15.9069
11.5774
10.5473
7.79021
11.5774
11.1785
18.0036
11.8406
16.7538
15.336
18.0036
18.3439
12.311
17.4968
17.0813
18.3439
18.5272
14.3411
15.8101
16.7963
18.5272
18.7784
12.9047
16.6548
18.7784
18.777
18.2746
15.1589
16.27
18.2746
17.5902
18.6493
14.0211
15.7997
18.6493
17.4316
24.9319
14.8608
24.9319
16.2655
17.06
22.9124
22.9124
11.7832
22.1479
16.7333
19.5762
11.9821
12.3645
19.5762
17.3145
13.3357
13.3357
10.0975
10.6197
11.4409
21.5176
14.0033
21.5176
13.1598
12.9818
18.8822
11.1071
18.8822
14.6747
14.1753
17.2801
12.819
15.5559
17.2801
16.892
13.2566
4.33982
12.2824
13.2566
9.24314
13.6942
13.6942
9.506
12.4681
12.826
21.9144
11.0675
21.9144
17.9441
14.7192
17.3537
14.0583
17.3537
13.9539
14.6469
13.515
6.49642
6.35032
13.515
10.8266
18.8805
14.8776
18.8805
15.3092
15.1978
8.5594
2.45285
5.46006
8.5594
7.57348
16.25
12.342
13.5081
15.5749
16.25
19.7467
12.6084
16.7381
17.462
19.7467
13.6853
9.45125
12.0959
12.8861
13.6853
15.5404
10.4167
13.0872
12.8796
15.5404
18.6042
12.252
12.0582
15.7098
18.6042
16.282
12.0927
15.9652
15.0046
16.282
17.4754
10.5781
14.3192
17.4754
16.8169
19.1006
13.3588
19.1006
14.0383
16.0999
14.2891
11.5717
14.2891
10.8979
9.46545
17.4771
11.815
13.4818
17.4771
16.9439
15.7002
11.6768
13.4603
15.1712
15.7002
14.892
13.4794
7.39935
14.892
13.788
20.2738
13.4867
20.2738
12.309
12.9547
16.7781
13.3558
8.65496
16.7781
15.9529
17.3224
12.4644
17.3224
15.1618
17.1537
