8.74492
7.52179
1.79877
4.61958
8.74492
7.96892
7.96892
2.32278
3.61226
6.78702
0.995286
0.994631
0.995286
0.995286
0.995286
16.8511
13.812
11.2932
16.8511
16.39
9.53083
9.53083
8.23296
6.07955
6.2047
12.5283
12.5283
6.7132
9.09009
11.2183
16.1077
13.2125
11.3115
10.1094
16.1077
9.93114
3.66238
5.37521
9.93114
8.48788
16.9059
13.977
11.0569
12.8648
16.9059
16.2716
13.2237
6.87981
12.1593
16.2716
11.1114
11.1114
10.5797
9.72485
10.872
18.9025
18.9025
11.3516
12.9069
13.5969
9.63712
8.46609
8.87277
8.4869
9.63712
11.7494
8.93968
9.61837
11.7494
11.5837
11.8452
11.8452
10.0111
10.9539
10.3472
13.3737
11.46
8.99061
11.0603
13.3737
16.3713
14.4845
11.333
13.462
16.3713
14.1019
14.1019
10.2608
8.63387
13.3672
18.7298
13.4577
14.2368
12.1008
18.7298
15.8776
15.286
10.4492
13.033
15.8776
17.3016
14.1685
11.7785
13.4064
17.3016
15.2364
14.3011
9.82596
14.6203
15.2364
20.369
20.369
11.6165
10.373
12.9613
18.0027
18.0027
15.8845
16.5989
13.7274
9.25857
5.52306
9.23316
6.43375
9.25857
15.6728
11.6843
5.26028
15.2916
15.6728
15.5543
11.1881
6.42425
14.5978
15.5543
15.0675
11.4554
14.8544
10.8209
15.0675
13.9986
11.7014
3.5678
7.13937
13.9986
13.1048
13.1048
4.17052
6.80859
10.7756
15.8466
15.8466
11.8045
13.333
15.4407
13.4967
10.2337
9.21408
13.4967
11.3929
15.9233
12.7958
15.9233
12.564
7.94641
13.2112
9.89368
10.5972
11.2912
13.2112
10.9416
8.61035
10.9416
9.36639
6.18538
16.4056
12.0852
12.9363
12.1206
16.4056
16.2341
16.0317
14.183
12.7001
16.2341
15.0326
12.3927
4.64623
7.18714
15.0326
15.0529
13.8859
15.0529
11.0405
11.5368
17.2502
17.2502
14.2761
16.2502
11.6966
13.6654
13.466
8.11245
13.6654
11.8409
13.5812
11.4566
9.60248
10.2857
13.5812
14.9409
13.3455
4.06826
14.4076
14.9409
13.1491
6.55708
2.85679
13.1491
12.0966
13.6173
8.46993
12.8852
9.64575
13.6173
18.0979
9.35736
18.0979
8.61684
10.9639
15.5033
15.5033
14.3229
13.8066
9.83355
15.2538
10.3415
4.44246
13.7281
15.2538
18.3149
18.3149
15.9228
16.8613
12.1189
16.0961
12.87
8.77321
15.1313
16.0961
