9.04653
6.91272
8.6208
9.04653
7.98782
7.53821
7.34176
6.89828
6.99684
7.53821
0.994393
0.839011
0.994393
0.990329
0.56885
17.4506
11.2247
15.0195
17.4506
12.1529
9.28819
9.20279
6.67246
9.28819
4.79462
13.448
11.5119
11.9224
11.1377
13.448
18.6021
18.6021
18.601
17.2237
18.5626
9.22613
8.22422
9.22613
9.12544
8.87735
19.1902
19.1419
19.1902
16.1004
18.0639
15.2107
14.6309
15.0022
15.2107
13.9774
14.9166
14.0903
13.4612
13.9158
14.9166
17.5932
14.4863
12.5352
17.5932
12.4905
13.2403
12.4675
11.9233
12.0378
13.2403
17.2439
14.258
17.2439
15.1424
15.594
11.8664
9.82386
11.357
11.8664
8.05545
19.4359
19.4359
18.9685
17.7497
18.8494
22.4705
22.4416
22.4705
19.1414
20.9445
23.8865
23.8865
16.7386
16.9911
16.6437
20.9978
18.2936
18.3355
18.48
20.9978
16.9828
15.2261
16.7578
16.9828
16.3535
19.3729
18.8522
19.3729
18.827
18.9646
21.2477
20.3836
20.5031
19.6372
21.2477
18.741
18.741
12.3526
16.1334
11.1041
19.7432
12.4168
15.7738
19.7432
8.95573
11.9613
10.6783
11.9613
9.92661
10.891
23.0573
20.9059
20.9185
19.168
23.0573
18.1962
16.4241
18.1962
15.5434
18.0718
18.0488
15.3978
18.0488
14.5752
17.885
13.3434
11.0308
13.3434
11.0641
11.7483
11.6334
11.2484
11.232
9.60036
11.6334
19.8013
17.7383
17.871
18.6038
19.8013
15.7042
15.3249
15.7042
14.4581
15.2598
14.9171
7.78433
14.9171
14.2074
4.78217
22.5319
21.4955
20.7955
21.1316
22.5319
10.4723
2.63224
10.4723
10.2495
3.40064
19.5861
19.5861
19.5346
14.8293
15.9799
17.1063
15.7407
16.3633
15.9933
17.1063
13.8311
13.0441
13.0852
13.0937
13.8311
17.6538
10.9502
14.113
17.6538
9.64989
20.9286
14.0129
14.6664
20.9286
8.29839
20.7983
14.976
16.8933
20.7983
17.2497
18.0963
14.7239
15.0188
18.0963
17.712
23.3318
23.3318
23.3182
18.6754
22.6986
17.9845
14.3939
16.3952
16.1816
17.9845
17.2389
14.4769
14.4518
15.7764
17.2389
14.9942
10.9337
14.9942
11.2575
12.1182
15.6504
12.9894
15.4348
15.6504
5.77969
22.9027
20.529
20.4857
18.8608
22.9027
18.2754
13.0111
17.1191
18.2754
7.67835
22.1372
21.8901
22.1372
17.6869
20.8692
