8.34394
1.84899
8.32022
8.30494
8.34394
7.9172
7.9172
6.9898
7.72592
6.48284
0.995
0.992201
0.899376
0.986177
0.995
18.8805
7.68131
16.7392
18.8805
14.4127
9.82518
9.0176
5.80735
9.82518
4.4133
12.8347
5.32955
12.4642
12.8347
12.4479
19.0334
10.7056
9.93777
18.4266
19.0334
9.82139
8.65012
9.82139
9.73855
9.47367
20.1765
11.6452
11.8021
18.9868
20.1765
16.0846
10.772
11.7351
16.0846
15.1805
13.9155
8.91013
13.5359
13.781
13.9155
18.0923
8.38807
18.0923
18.0411
14.5512
12.3287
8.578
9.69975
12.3287
12.0715
16.0312
12.0131
16.0312
13.2265
15.3127
12.2407
10.5836
9.58314
12.2407
8.38317
18.4207
11.6438
14.6989
18.3333
18.4207
20.6306
12.6819
14.0214
20.4741
20.6306
14.8014
13.6402
11.8555
14.672
14.8014
18.7694
10.7662
12.1208
18.0956
18.7694
17.08
14.4578
16.911
17.08
16.5794
19.7922
13.3957
11.5326
19.0525
19.7922
21.6647
9.19037
21.6647
19.9708
19.7263
19.881
19.881
10.6642
18.1525
13.9414
23.9141
8.77921
20.8301
23.9141
12.7481
13.9435
13.9435
10.9755
9.97652
11.1909
24.9165
9.11564
24.9165
19.6032
19.8243
18.0323
6.3772
18.0323
17.2862
17.1044
19.9946
11.8811
13.4597
15.2992
19.9946
12.2987
3.52922
12.2987
12.2847
11.8583
13.6077
13.6077
10.226
11.3902
11.6782
23.2813
6.35084
23.2813
19.8058
18.9982
16.4742
9.56723
16.4742
15.1927
15.2603
13.486
3.29317
13.486
12.9402
9.50772
18.7514
11.5824
18.7514
17.5137
17.5511
8.51703
3.78885
8.4984
7.3846
8.51703
19.0473
12.9014
10.4719
18.5073
19.0473
17.8055
12.1856
16.297
16.9463
17.8055
15.2954
8.91123
11.1768
14.2793
15.2954
15.9971
9.83863
15.9971
15.3961
11.95
21.4884
11.0638
21.4884
20.5806
11.8517
17.7877
9.65931
17.7877
16.6266
16.3011
15.8656
10.8213
12.0752
15.8656
14.5679
21.0602
8.44296
21.0602
18.3013
20.1956
17.7063
6.91511
17.7063
13.7713
14.2356
16.3735
11.6356
9.93416
16.3735
14.9174
18.4128
12.1817
13.9658
12.145
18.4128
16.6116
12.3561
14.1471
16.6116
8.13822
23.6481
9.63625
23.6481
18.8097
19.017
20.5679
10.0461
18.8253
20.5679
9.73675
19.6089
8.91852
18.6822
18.6103
19.6089
