9.76568
6.48326
7.592
8.17593
9.76568
7.83651
7.21226
4.70505
7.83651
7.34294
0.666479
0.531451
0.506167
0.666479
0.634371
17.2455
12.3914
17.1828
17.2455
14.9842
8.36367
3.45837
5.9013
8.36367
6.97891
11.5448
8.94363
11.5448
11.4226
11.1565
18.1565
18.1476
11.5713
18.1565
17.8042
11.0577
11.0577
9.73638
9.02228
9.24461
18.9188
18.9188
15.833
18.162
18.2933
17.0473
16.138
12.2999
17.0473
14.0849
17.5157
10.6964
14.5488
17.5157
14.7677
18.4072
12.0482
16.7145
18.4072
14.211
13.9264
12.9005
12.0476
13.1274
13.9264
17.308
17.308
15.8304
14.3432
15.9233
12.8236
6.26731
9.94941
12.8236
10.709
19.1751
19.1751
15.209
15.1822
17.386
18.0771
18.0771
14.3952
17.7018
17.643
16.9122
13.7974
14.8728
15.7513
16.9122
22.5923
20.4615
16.7259
22.1738
22.5923
19.3314
14.1152
15.3367
19.3314
17.3894
21.5261
19.5306
13.8043
21.5261
19.7521
21.5106
17.8915
21.5106
17.9875
19.766
17.4804
12.2546
10.4372
17.4804
16.6188
19.4015
9.38388
19.4015
18.1717
13.2751
11.9967
11.9967
9.26663
10.5491
11.008
20.0673
15.4248
20.0673
16.4946
17.7622
21.9308
14.5769
21.9308
14.6765
19.8321
24.9163
17.326
16.5068
18.4896
24.9163
14.9478
9.74932
14.9478
11.6092
14.0515
12.3011
12.3011
6.11709
11.8252
10.8646
21.9084
15.0023
21.9084
17.5291
15.6057
17.6511
16.7089
17.6511
14.6035
14.9824
11.7625
4.84488
11.7625
11.0815
9.42664
18.9553
14.9202
17.6705
18.9553
17.6096
8.14584
3.77576
7.33226
8.14584
7.32492
16.7493
16.3363
12.2796
16.4948
16.7493
20.4138
16.5414
17.6296
18.8267
20.4138
13.4912
12.6996
11.385
13.4912
11.5436
17.5815
10.98
16.2865
17.5815
13.2306
20.262
9.36246
20.262
19.2852
13.5246
20.1702
12.9418
19.5567
20.1702
18.0671
19.4519
15.5991
11.6361
19.4519
15.2487
17.7352
15.4426
17.7352
16.5047
16.6189
13.6711
12.607
13.6711
12.824
13.1757
20.4025
16.698
11.6726
16.8106
20.4025
16.746
13.0051
13.2168
14.3707
16.746
13.9358
5.81
12.9805
13.9358
10.7705
18.1402
14.1008
18.1402
15.4132
15.7589
17.3273
7.25214
16.8082
17.3273
12.1608
17.9476
16.5263
16.8618
17.9476
16.9699
