9.03195
3.75223
7.81492
9.03195
8.80399
7.91059
7.91059
7.42775
7.64728
7.11446
0.995004
0.726657
0.798226
0.994631
0.995004
18.1981
10.5472
16.4221
18.1981
14.7046
10.1478
9.02162
6.81584
10.1478
7.84774
12.8547
6.04609
12.8547
11.5824
9.84626
16.6134
11.2647
10.1352
16.5883
16.6134
10.854
8.5828
10.7935
10.854
8.61722
18.6722
11.9072
12.1926
16.3143
18.6722
16.1142
11.8417
11.9462
15.4495
16.1142
14.8437
9.06655
14.6281
14.8437
13.236
18.6901
10.1612
18.5536
18.6901
15.7075
14.4162
8.25054
10.4249
14.4162
11.3056
15.5223
12.4054
15.193
13.898
15.5223
11.7436
10.7958
11.4659
11.7436
10.4075
19.2646
11.5112
15.3164
16.4054
19.2646
19.1056
12.842
13.9431
17.597
19.1056
17.243
14.3284
15.9975
17.243
16.9087
18.1883
12.0133
12.0891
18.1883
18.1455
17.6204
15.3965
17.6204
17.0224
17.1731
18.6259
13.6921
13.3991
18.6259
18.3299
23.1644
9.97901
23.1644
16.4347
14.8129
21.8754
21.8754
12.0572
18.7961
14.3944
18.8777
12.4199
18.8777
18.4992
14.8405
13.4959
13.4959
11.2256
10.0693
11.3693
23.2404
8.81785
23.2404
15.1228
13.7872
19.6247
7.95263
19.6247
15.1109
14.5657
18.6964
12.378
14.0376
16.3232
18.6964
14.2456
6.05341
12.6452
14.2456
11.2014
13.9322
13.9322
11.5514
11.0792
12.2669
24.9257
8.13909
24.9257
18.1112
12.767
20.9348
9.01858
20.9348
14.7952
12.6034
14.1518
4.04246
13.335
14.1518
13.0054
18.085
11.7656
18.085
15.7551
13.9738
9.70748
1.81876
9.70748
9.56672
9.41741
17.3924
12.0301
11.0045
15.8536
17.3924
17.8892
12.3023
16.2919
17.3088
17.8892
13.4713
10.461
11.1958
13.4713
12.9908
19.4858
10.6206
19.4858
17.7532
18.2873
20.5788
13.0931
20.5788
17.6717
15.3278
19.9142
10.1589
19.9142
17.3718
16.77
16.6609
10.7849
12.0164
16.6609
14.5644
19.5083
11.3573
19.5083
14.5845
16.6747
16.1678
6.27162
16.1678
12.7018
11.1847
16.7269
11.9493
11.403
16.7269
16.4764
20.0984
12.0377
14.3683
15.9633
20.0984
16.3287
14.4105
12.6432
16.3287
12.6464
21.5419
9.03662
21.5419
14.1898
13.3315
18.9592
14.348
16.8652
18.9592
14.346
17.5266
10.6601
17.5266
15.0521
16.7833
