9.57588
9.52958
6.24175
8.57926
9.57588
7.93572
7.93572
6.82821
7.9104
6.82733
0.995286
0.990329
0.995286
0.990329
0.549468
18.6853
17.1508
18.6853
15.8085
17.1229
10.371
10.371
8.38254
3.48986
3.17242
12.3567
12.0768
11.1534
12.1716
12.3567
17.9647
11.0852
17.9647
14.1488
17.4466
8.95584
8.488
8.03875
8.77962
8.95584
18.9601
11.608
18.9601
14.8421
18.3929
16.2397
13.0568
15.5352
15.1489
16.2397
15.6325
15.1048
11.8424
15.6325
15.4846
17.6275
17.6275
11.8031
15.2256
11.7329
12.5039
12.5039
9.33587
12.4796
12.3669
15.3263
14.6877
11.6227
14.4046
15.3263
12.3878
12.3878
12.2627
6.70759
6.60339
19.8359
13.696
19.8359
15.297
18.5426
21.9941
13.1597
21.9941
13.1728
19.2326
15.4478
15.4478
13.8876
11.8672
13.4167
17.1734
13.3795
17.1734
13.9824
14.6625
15.2241
15.1567
15.1752
13.4257
15.2241
18.6078
12.8363
18.6078
14.148
18.0686
19.7313
19.7313
18.1371
18.7381
19.6306
21.0621
21.0621
11.8931
8.81116
11.425
21.5308
21.5308
15.8628
13.3939
13.1496
11.1612
10.9097
10.5443
11.1612
11.1266
23.841
23.7831
19.3477
19.8995
23.841
16.5263
16.2213
14.8403
15.2458
16.5263
17.7431
14.9232
17.7431
15.2013
15.3965
12.653
12.3542
9.41067
11.8603
12.653
11.8281
8.17104
11.7738
11.8281
9.28259
22.0034
22.0034
16.4705
19.4557
17.9861
15.5618
15.5618
11.5297
13.9771
15.4053
15.9246
13.4038
15.9246
7.40415
7.37485
24.9153
24.7678
13.0342
24.9153
24.4425
10.9432
9.90231
10.9432
7.1397
4.05318
20.9233
11.9699
20.9233
12.4925
13.5611
16.6084
16.5912
14.7811
16.5306
16.6084
14.013
10.7207
12.9916
12.283
14.013
16.0675
16.0675
13.5303
14.0377
10.7664
19.6639
19.6639
14.6504
13.4236
13.2484
17.5828
15.546
16.2168
16.6754
17.5828
17.949
12.0641
15.5647
17.949
17.6035
24.346
20.0667
22.5013
18.5846
24.346
19.3659
17.6111
14.2085
14.3932
19.3659
18.1405
15.3883
14.6692
18.1405
18.0897
18.5844
14.484
18.5844
11.9891
11.4984
17.7488
17.7488
15.1444
5.75768
6.6059
24.2639
24.1856
18.9575
20.0537
24.2639
21.3389
21.3389
16.5482
9.84127
10.39
22.8904
17.6782
22.8862
17.7027
22.8904
