9.05059
1.32562
7.49664
8.71218
9.05059
7.2312
1.25513
3.61069
7.2312
6.58419
0.994836
0.985591
0.994162
0.994774
0.994836
18.3604
8.64713
13.8721
18.3604
15.1152
8.79673
3.06527
7.82822
8.79673
5.8506
13.179
5.19353
13.179
12.409
11.404
17.5416
9.98298
12.6535
17.5416
17.4918
10.8294
10.5639
10.8294
9.62579
9.37766
20.0923
10.6788
14.6932
18.1433
20.0923
16.4374
6.08511
13.6796
16.4374
14.5391
16.4238
9.72181
15.434
16.4238
14.5033
17.0748
7.66478
17.0748
16.8153
14.1376
12.9357
8.77833
11.7767
12.5451
12.9357
15.7994
15.2295
15.7994
14.2285
15.574
14.0326
7.50084
11.0728
14.0326
10.8711
18.9867
11.9837
15.8193
18.7999
18.9867
19.8282
11.1052
15.3641
19.5434
19.8282
17.6705
12.1516
15.7941
14.5148
17.6705
19.255
11.588
13.5108
19.0805
19.255
18.8052
12.1728
18.0977
17.7722
18.8052
19.1553
10.0793
15.6139
19.1553
19.1162
23.0487
13.9119
23.0487
16.6935
22.3243
16.6274
7.58336
12.0225
16.6274
15.049
16.9022
8.23977
15.2878
16.9022
13.2751
11.6513
11.6513
8.51949
9.9044
10.8
21.7154
13.0895
21.7154
18.2894
20.8858
19.0389
9.30522
19.0023
15.4408
19.0389
18.3114
13.5098
16.0535
18.0883
18.3114
12.5441
3.21711
12.3111
12.5441
11.3112
11.8408
2.7608
5.23176
11.8408
10.4043
22.6148
10.5461
22.6148
19.2047
19.2425
16.9958
13.2651
16.9958
13.7662
16.1379
12.3165
3.97943
12.3165
11.7709
10.0314
18.3836
13.7403
18.3836
16.5803
17.5646
8.75254
2.8223
8.75254
7.63142
7.59137
18.2251
10.9917
12.3811
17.6557
18.2251
24.9288
12.4576
17.7997
19.9079
24.9288
18.9364
7.19601
12.7616
18.5117
18.9364
24.9033
7.64332
24.9033
17.0649
13.9953
20.4622
7.596
17.5326
20.4622
12.2299
18.68
11.7643
17.23
18.68
18.357
17.1387
7.50781
14.0219
17.1387
15.5359
19.5481
11.8662
19.5481
16.8684
19.2992
15.5544
10.5642
15.5213
15.5544
15.3024
16.352
9.82082
12.1099
16.3462
16.352
18.0003
11.6063
12.6948
13.4096
18.0003
14.2917
6.23009
12.0571
14.2917
9.47013
20.3301
13.3652
20.3301
18.1094
19.0632
16.202
7.05734
14.2939
16.202
11.0861
18.584
10.6806
18.584
17.9964
18.0781
