8.32354
8.00215
6.96625
7.0668
8.32354
7.86206
7.86206
6.26651
7.53428
6.49648
0.995286
0.993098
0.994439
0.995286
0.546321
18.3086
16.1086
18.3086
16.1201
17.6896
10.4917
10.4917
8.52045
10.4795
7.33455
13.0005
12.2605
10.7151
9.26954
13.0005
18.2579
17.0383
18.2224
18.2579
17.7424
9.11899
7.49007
7.91998
8.58593
9.11899
19.366
14.2814
19.366
16.3308
14.9696
16.265
12.5988
16.265
13.5364
15.333
16.435
15.7744
11.606
16.435
16.1531
19.2491
19.2491
14.2406
16.3909
12.572
13.0824
13.0824
9.12311
12.567
12.8908
14.5279
13.1323
11.6122
12.2069
14.5279
13.4223
11.9289
11.9487
13.4223
12.9167
19.1675
12.3169
19.1675
15.702
16.6895
22.4032
14.9229
22.4032
15.4084
16.7298
17.8002
15.1963
13.8615
17.8002
12.6846
21.5857
21.5857
16.8816
21.4536
21.5082
18.7302
15.5688
15.9623
18.7302
16.1188
20.4044
19.5645
18.4707
20.4044
18.7704
20.6851
19.8346
19.1694
16.123
20.6851
20.9793
20.9793
12.358
19.9591
12.0685
21.0959
21.0959
18.1354
17.9895
14.7088
10.6201
10.5261
9.64003
10.0949
10.6201
24.2398
20.867
20.9954
14.2867
24.2398
17.3711
14.9939
16.0322
12.5938
17.3711
18.8527
18.4822
17.7834
17.2693
18.8527
11.6096
11.0316
10.3679
9.43849
11.6096
11.9473
9.3843
11.2016
11.9473
9.62961
21.8209
21.8209
17.5795
14.8073
19.1709
16.0843
13.4654
12.0714
11.7275
16.0843
14.571
13.0861
14.571
14.2593
8.97888
23.0171
22.6321
14.7281
17.0909
23.0171
10.4429
10.4209
10.4429
10.4025
6.13034
19.3763
15.6278
19.3763
14.6024
14.7393
20.9657
17.9171
16.3313
17.2864
20.9657
13.3552
11.4213
13.2906
12.104
13.3552
17.7526
17.7526
14.3749
15.3568
13.8289
24.8714
24.8714
20.2375
18.9852
17.416
24.9199
16.8158
20.7055
18.9592
24.9199
21.9266
16.7824
14.3936
19.1027
21.9266
24.9174
18.9985
24.5748
14.0574
24.9174
17.4167
14.1319
15.2083
11.7947
17.4167
18.9619
15.7546
14.7413
16.958
18.9619
18.9291
17.3604
18.9291
13.7051
14.4775
17.2627
17.2627
16.3008
16.4754
12.1658
23.8857
21.1551
20.5057
14.1302
23.8857
20.0181
20.0181
18.3995
18.968
13.9396
22.7241
17.2007
22.7241
14.6428
20.5623
