9.80419
9.61267
5.75445
9.56425
9.80419
7.94008
5.62543
6.52688
4.87503
7.94008
0.994981
0.990329
0.53059
0.994981
0.611915
18.1916
17.7716
17.2106
18.1916
17.5105
8.41947
7.67882
8.41947
4.77728
4.50468
11.2752
11.2752
8.75999
10.5177
10.3884
18.2309
9.22767
18.2309
8.75633
18.0837
8.74349
5.75406
7.03077
8.32956
8.74349
16.1719
13.5529
16.0503
11.5
16.1719
15.4158
12.5222
15.2621
12.5408
15.4158
12.1963
11.3742
11.5882
10.4535
12.1963
18.6906
18.6906
16.0788
11.8542
11.765
9.30828
7.1854
9.30828
8.09713
9.16773
13.2453
6.57947
10.2841
13.2453
12.4215
11.3881
11.1953
11.3881
9.27168
9.04819
15.8314
9.46884
15.5914
10.6586
15.8314
17.0367
10.6886
17.0367
12.2122
15.0792
11.698
11.698
10.1135
6.97013
11.0572
18.2267
10.1904
18.2267
8.54966
16.6009
15.6147
14.7949
13.2407
15.1838
15.6147
17.1593
13.6142
16.8606
11.101
17.1593
17.3067
14.8807
12.1085
15.8534
17.3067
17.4861
17.4861
11.9095
10.1309
10.9471
20.168
20.168
19.8907
13.4278
10.6057
10.5978
4.70065
10.5978
5.24182
7.05477
21.4536
17.8006
11.8511
18.3596
21.4536
16.0371
15.0864
9.41715
14.9669
16.0371
15.6675
11.5475
15.6675
11.0171
14.7118
12.516
12.516
6.73269
12.4594
12.4737
12.9925
9.93441
9.88501
5.7889
12.9925
19.164
19.164
12.3162
14.0753
16.1335
14.4476
9.91272
8.69663
14.4476
14.0009
14.3454
14.3454
13.0684
13.7483
4.84648
16.9207
14.177
9.69441
14.8294
16.9207
10.623
10.623
7.99149
10.5791
4.6717
15.3213
9.89889
15.3213
10.0405
13.1544
16.2461
13.8062
16.2461
12.2146
13.8485
13.3186
10.5977
9.3979
7.53058
13.3186
18.2524
18.2524
16.4338
11.1631
10.6489
21.834
21.312
21.834
13.7517
11.1468
18.8629
16.7996
16.4312
18.8629
18.4095
16.042
9.66869
12.7791
9.13569
16.042
19.2834
14.6934
15.9831
16.5254
19.2834
19.9134
13.3031
13.0672
18.2489
19.9134
13.8478
7.46156
13.8478
10.0636
12.6216
13.6705
10.2551
13.6705
9.54557
9.6374
16.556
14.2329
16.556
10.0292
7.32979
21.6685
17.9342
10.89
17.5182
21.6685
19.1249
17.6847
19.1249
11.6956
9.29475
18.8095
14.5227
18.8095
15.7332
18.3055
