9.66796
7.9735
9.66796
7.8099
9.45865
7.70853
7.70853
5.80628
5.51792
7.18321
0.995286
0.994981
0.654567
0.995286
0.990329
16.1421
14.7254
16.1421
15.1501
15.7864
10.5046
10.5046
8.33388
8.16124
8.10912
11.7797
11.7797
11.5806
11.4563
11.6307
17.4715
17.4715
16.7134
11.0043
16.1554
9.10126
8.39049
8.60225
8.96988
9.10126
18.2608
18.2608
17.8266
13.184
17.8972
16.1389
15.6511
15.4665
11.8512
16.1389
16.8733
16.8733
14.3171
14.8846
15.55
17.0788
17.0788
14.5024
16.2645
12.708
14.003
13.0136
12.5427
10.2905
14.003
15.077
15.077
14.6858
10.8689
14.1804
13.6336
13.6336
11.4313
12.9742
12.4973
19.8702
18.6169
19.8702
13.1667
19.155
20.7681
20.4501
20.7681
11.2076
17.504
16.1369
16.1369
14.9472
16.0138
14.8079
15.7657
15.6665
15.2841
11.4536
15.7657
17.4015
16.182
14.9857
17.4015
17.089
17.5243
17.5243
16.7618
12.8573
15.9524
19.3829
19.3829
19.2117
15.1154
18.6542
19.6534
19.6534
12.3283
18.3095
17.1805
20.3283
20.3107
18.3845
20.3283
14.388
11.5166
11.5166
10.2749
7.87307
11.3827
21.1621
20.1177
21.1621
15.6893
20.6534
16.9883
16.9883
15.6047
12.232
16.0532
19.1288
14.7311
16.8899
16.0763
19.1288
12.7742
12.6195
12.7742
7.62086
12.5425
12.2819
11.7473
10.0136
8.61495
12.2819
19.2179
18.1744
19.2179
14.4429
16.6147
15.3035
15.3035
14.158
11.0912
14.0007
14.4864
13.6067
14.4864
14.4293
13.2458
22.4101
22.4101
21.2566
12.4952
21.6855
10.4289
9.01746
9.45059
10.4289
9.47918
17.6765
14.8912
17.6765
10.698
15.6428
18.0809
16.4613
18.0809
16.213
16.3164
13.3373
13.0641
12.9353
12.0881
13.3373
18.0482
18.0482
13.4453
16.4259
13.0667
20.7542
20.7542
15.2733
17.8927
13.6324
20.7336
17.2103
18.1387
19.3634
20.7336
18.6619
15.5956
15.4816
12.0232
18.6619
21.5258
21.4297
21.5258
14.4826
18.5582
16.2097
14.3261
16.2097
12.0239
15.6328
21.9138
16.0388
14.1976
12.578
21.9138
20.9102
14.3149
13.1387
13.5677
20.9102
16.8606
16.8606
15.3038
15.7656
12.7675
20.7717
20.1192
20.7717
15.0903
20.0005
20.113
20.113
17.6508
19.0467
14.3462
23.8498
23.6428
23.8498
14.0226
15.8965
