8.92159
8.72348
6.79038
8.57739
8.92159
7.94927
7.94927
7.56769
7.84571
7.38845
0.995286
0.909696
0.995286
0.995286
0.572456
17.6671
17.6671
12.7161
14.9934
11.9493
10.3985
10.3985
8.23296
9.57699
4.58589
12.9013
12.1735
10.1018
11.9518
12.9013
18.8009
15.0823
18.8009
15.1184
16.687
9.18209
8.73167
8.56129
9.18209
8.61681
17.1857
16.3539
17.1857
14.9582
16.5332
15.4439
15.4439
14.8255
14.6974
14.7376
18.0281
14.159
12.2438
18.0281
16.3177
17.8502
17.8502
10.8657
15.3015
11.8609
12.4522
12.3733
10.7513
12.3793
12.4522
14.477
14.2581
13.1286
14.3125
14.477
12.6971
12.2748
10.0111
12.6971
8.46168
18.7669
15.9519
18.7669
16.9678
17.0292
20.4878
18.2229
20.4878
16.5954
16.7428
17.5704
14.0202
13.8275
17.5704
13.6161
18.26
14.8638
18.26
14.2468
16.5382
17.153
16.2625
16.4874
17.153
16.4424
19.6934
18.2753
19.6934
16.2732
17.418
20.2948
20.2002
18.7667
20.0058
20.2948
21.8385
21.8385
13.5264
19.5681
11.8794
21.7907
21.7907
14.8026
14.8875
10.5918
11.3445
9.85942
10.8886
10.6935
11.3445
24.1438
23.2896
21.0066
23.9402
24.1438
17.5082
16.3423
16.8203
16.5999
17.5082
17.699
16.6124
16.5955
17.502
17.699
12.2175
11.7464
10.5843
11.7239
12.2175
13.7661
13.7661
12.3297
11.9296
11.1312
22.1605
22.1605
16.2695
19.3705
19.5208
16.0237
14.6386
13.0231
14.851
16.0237
15.9217
13.4588
15.9217
15.4676
5.28034
23.7431
23.0814
15.0325
23.7431
22.243
10.9403
7.90985
10.9403
10.7172
3.90339
18.892
16.8326
18.892
12.7194
13.9776
18.8952
18.8952
15.9163
18.8288
17.5304
14.5034
12.0048
13.1106
13.5968
14.5034
14.9183
14.9183
13.7597
13.4493
10.6758
19.3892
19.3892
12.2928
15.0731
9.73349
19.8753
18.2775
15.4204
19.8753
18.0687
17.959
14.3862
15.1647
16.8419
17.959
23.9842
20.174
21.6435
21.9029
23.9842
18.0237
17.5247
15.7924
18.0237
17.8486
17.2603
14.0392
13.5033
16.9129
17.2603
18.283
15.5792
18.283
15.3677
13.0416
17.9287
17.9287
14.3214
14.8213
6.69059
24.9064
23.8029
20.6545
23.9188
24.9064
21.8746
21.8746
15.3597
16.606
8.42718
22.581
18.3807
22.581
20.4795
22.2292
