9.40036
6.90387
7.72536
9.27264
9.40036
7.9256
7.90692
7.9256
7.05155
7.2968
0.995286
0.990329
0.995286
0.990329
0.926635
23.9231
23.9231
14.1532
14.5057
10.7079
10.9497
10.9497
6.48042
6.5271
6.7451
17.9374
11.6583
9.22058
17.9374
9.41154
22.9229
22.9229
20.8049
15.5721
12.7864
9.73325
8.94554
8.92406
9.62452
9.73325
19.1857
16.0139
19.1857
12.9458
14.2534
15.798
15.798
15.189
14.7205
12.1152
13.1361
13.1361
10.9403
12.8115
11.2625
17.8447
17.8447
11.6733
12.2951
10.2375
10.5351
10.5241
10.5351
8.45546
8.86895
14.8393
12.1368
12.3138
14.0506
14.8393
12.4223
12.4223
10.7185
10.822
8.52164
16.2872
16.2024
16.2872
15.0683
13.9313
18.6124
17.8838
18.6124
16.305
15.361
15.3247
15.3247
15.1133
12.0581
14.7371
21.0938
21.0185
21.0938
11.7555
13.1041
16.7081
15.4456
16.7081
13.5183
14.1268
19.5576
19.2989
19.5576
14.4975
13.7023
18.5972
16.8258
16.4788
18.5972
16.7833
20.5505
20.5505
13.7391
10.9521
9.98585
19.8859
19.8859
15.1177
17.2907
11.6514
10.58
9.76499
10.58
7.06451
8.47667
20.4058
16.0352
15.9274
20.4058
17.8049
18.733
15.0898
15.9297
18.733
17.3438
17.9924
16.355
17.9924
11.2894
10.5387
14.0097
11.2068
12.4937
14.0097
13.3399
13.7441
13.7441
12.1705
8.72619
7.05298
17.2371
16.0844
14.3487
17.2371
14.4351
15.3038
11.1944
11.6618
15.0898
15.3038
14.3782
14.0362
14.3782
11.8167
9.3248
14.6982
11.8247
12.9613
14.6982
13.6498
10.3603
10.3603
10.1179
7.11982
6.13516
17.6651
17.2444
17.6651
11.8894
11.7029
17.3261
17.2342
17.3261
13.9276
12.3918
12.7501
12.7501
12.5134
12.4839
11.6051
15.4386
15.4386
15.0433
10.6901
8.85681
21.0344
21.0344
14.0299
16.901
11.4429
16.3785
15.6536
13.0732
16.3785
14.3576
16.6772
16.6772
15.4954
13.9605
12.3724
19.4497
16.75
19.4497
19.241
19.2701
17.4057
12.7438
12.7675
17.4057
15.3456
15.3371
14.9838
15.3371
10.1254
11.3453
18.015
11.758
18.015
11.3063
11.9171
16.1065
16.1065
14.5291
13.8276
10.7166
19.5354
14.9615
15.0725
19.5354
17.6872
19.0177
19.0177
16.1075
15.9445
12.0794
19.7476
19.0724
19.7476
18.5473
16.2404
