8.31932
8.29106
6.78167
5.1917
8.31932
7.9485
7.27214
6.3022
7.9485
7.4468
0.995286
0.994264
0.994264
0.995286
0.930308
17.2355
13.9264
17.2355
14.3213
17.172
8.72876
8.09241
8.72876
8.11225
6.55662
12.4015
12.1846
9.75551
8.96334
12.4015
17.4409
17.4409
12.1771
12.5535
16.8353
8.96289
8.45414
8.04929
8.5533
8.96289
17.4905
17.4905
14.8246
14.0868
16.7666
15.4966
15.4966
11.3492
12.7109
15.028
15.8332
15.8332
12.1637
12.3381
15.8099
17.4539
17.4539
16.8547
15.011
15.6483
12.5602
12.0066
8.92024
10.7338
12.5602
14.8761
13.6451
11.9914
12.2085
14.8761
12.4115
11.4713
12.4115
11.5985
10.8882
18.6826
18.2719
15.338
17.0181
18.6826
20.6612
20.6612
16.6279
15.1521
19.7361
14.9534
14.9534
10.257
13.8774
12.877
16.4509
15.8776
15.6313
14.8244
16.4509
18.2682
17.0101
12.0144
18.2682
17.2362
17.4132
17.4132
14.4885
16.9757
16.3066
19.6559
19.1645
15.8135
14.5155
19.6559
17.8486
16.2587
12.8197
17.8486
13.8227
20.2407
19.2919
20.2407
17.8041
15.1625
11.6703
10.9827
9.4367
10.2148
11.6703
23.8836
21.0255
13.3438
13.4671
23.8836
16.5994
16.0144
10.858
10.5988
16.5994
19.1217
14.4426
19.1217
16.4404
17.096
11.6211
11.4336
6.96301
5.90994
11.6211
13.7511
13.7511
9.79399
11.8981
9.04753
18.9314
18.2983
16.3287
12.8238
18.9314
15.4688
15.4688
10.9282
10.9123
14.6893
15.5333
12.9532
15.5333
14.5005
10.5276
22.8642
22.4589
11.562
12.1396
22.8642
10.6848
9.80678
10.6848
10.6142
7.22687
16.7055
15.0678
16.7055
13.637
16.4425
16.4737
16.1524
16.2388
15.9895
16.4737
12.9292
12.9265
9.55428
10.4324
12.9292
20.1039
18.7559
20.1039
16.3402
14.4173
20.0098
18.1441
20.0098
18.3633
14.6842
21.4531
14.8784
13.6632
18.5616
21.4531
15.5716
15.5716
11.204
10.3967
15.2558
24.3409
23.2004
14.0587
15.9804
24.3409
17.2194
14.0441
9.33288
8.95345
17.2194
17.6072
14.2342
12.4526
10.4951
17.6072
17.0642
17.0642
16.9714
11.2731
13.3674
16.4009
14.1176
16.4009
13.999
11.1529
24.1083
21.4275
12.6084
12.5316
24.1083
18.88
17.1369
18.88
16.2614
12.7272
24.9211
24.3097
15.5514
14.8677
24.9211
