9.8305
8.5191
9.80613
9.60478
9.8305
7.39462
7.39462
6.36952
3.11069
3.23738
0.993316
0.982396
0.993316
0.907261
0.924449
18.5259
18.5259
11.6814
8.90419
7.84754
9.06745
9.06745
3.87759
4.18193
3.09285
12.7967
12.7684
9.82404
12.7967
10.1566
17.8278
16.9826
17.8278
9.94237
8.6446
11.9589
10.2841
8.9087
10.3076
11.9589
17.8457
14.0322
17.8457
8.62881
9.38322
16.0343
15.9477
16.0343
11.8574
9.81084
13.7058
13.7058
11.8669
12.471
10.5478
15.2626
15.2626
11.6336
11.3172
9.13163
11.6939
11.1645
11.6939
8.81156
9.21232
14.1999
12.092
14.1999
12.2779
10.832
12.7922
12.7922
7.84624
5.29847
5.62714
19.0107
15.1248
19.0107
12.9813
14.5307
20.1151
15.7925
20.1151
11.2128
10.8456
14.6191
14.6191
13.5421
10.0149
9.49675
19.3125
17.0494
19.3125
6.87642
6.81536
16.9803
16.9803
16.4439
10.6381
10.3713
18.1247
18.1247
18.0156
9.49643
8.85575
17.9731
17.9453
17.9731
17.9255
17.581
16.6747
16.6747
11.6045
5.62043
5.14211
17.3798
17.3798
13.2347
8.72062
6.68114
9.88727
7.24736
9.88727
4.60527
5.2501
20.3844
19.6494
19.8138
20.221
20.3844
16.1195
15.7939
15.0586
16.1195
14.4163
17.2216
12.9498
17.2216
11.5023
11.5864
13.7492
13.5322
13.1517
13.7492
13.1048
10.4731
10.4731
10.1388
2.70058
4.57239
16.3784
16.3784
15.883
16.3165
15.3337
14.0629
13.4644
12.6766
14.0629
13.6021
12.7855
12.457
12.7855
3.05429
4.62895
16.534
14.8942
15.5386
15.2637
16.534
9.02586
8.94528
9.02586
3.09823
4.85307
16.2286
14.327
16.2286
7.60645
7.92941
17.1796
16.2297
17.1796
12.7844
12.8499
14.0089
12.8431
14.0089
11.2416
12.1229
13.7999
13.7999
12.6923
7.4807
7.03905
16.7925
16.7925
12.0891
7.97342
7.46424
17.0134
17.0134
14.5501
14.0486
13.7406
16.9539
16.9539
16.708
11.7256
10.4452
20.8898
19.5005
20.8898
18.2236
18.5516
15.0313
14.3066
14.2673
15.0313
14.6567
14.3543
13.3838
14.3543
8.73206
9.53568
18.074
10.1385
18.074
6.03726
7.94887
14.4494
14.4494
6.04639
6.97643
4.43003
21.0019
18.668
20.1559
19.3903
21.0019
16.7161
16.7161
11.2437
8.62782
5.78337
19.2162
18.386
19.2162
16.0486
15.231
