9.53384
8.91913
7.62037
9.53384
6.06006
7.74159
7.74159
7.04821
7.05353
7.29753
0.995286
0.993748
0.995286
0.994981
0.994981
19.4114
19.4114
12.1243
15.2819
13.9624
10.1069
10.1069
8.38851
7.81051
6.8228
12.2995
11.4571
9.7419
12.2995
9.76522
19.3309
19.3309
18.9101
13.2485
14.5073
9.85905
9.85905
9.09855
9.77273
9.63464
18.4298
15.0303
18.4298
14.5769
16.3787
16.9355
16.6665
15.4793
16.9355
14.3473
17.1644
15.8921
12.5108
17.1644
11.3705
17.0686
15.759
12.1256
17.0686
11.2654
14.3302
14.3302
11.8592
12.8892
9.67284
15.8066
15.8066
15.0059
11.8777
13.9926
12.8625
12.7362
10.8298
12.8625
10.9766
18.3318
15.4695
15.7298
18.3318
16.4456
18.3433
17.1605
18.3433
15.7496
16.114
14.9503
12.631
13.5733
14.9503
12.1552
18.5458
17.6809
18.5458
11.4777
13.8155
17.8621
14.4684
17.8621
16.4182
13.1409
18.4932
17.2325
18.4932
13.7897
14.7391
15.1188
14.9654
14.2754
14.9811
15.1188
19.796
19.796
14.9741
19.2172
12.6671
17.9437
16.3847
14.0115
17.9437
14.5258
12.6229
12.4453
12.6229
9.6292
10.453
16.1082
14.1582
13.2286
16.1082
14.9513
16.0379
14.8754
13.8246
14.5576
16.0379
17.2657
14.7875
15.6049
16.4969
17.2657
13.1945
12.5316
11.7594
13.1945
11.2625
12.9542
12.9542
12.125
12.6552
12.2243
16.5962
16.4932
12.655
16.5962
13.4535
14.4238
14.3601
14.4238
12.9253
13.8354
14.7264
12.8034
14.7264
13.4293
14.1658
15.9389
15.9389
13.4969
15.4944
13.0407
9.97031
8.84666
9.97031
9.15584
9.47321
18.4201
17.0739
18.4201
13.8278
15.2496
17.3626
15.0187
15.5358
13.7255
17.3626
14.0089
12.9938
12.265
14.0089
11.7621
14.0088
13.3126
13.3609
14.0088
13.3881
16.4349
16.4349
12.6605
16.3645
12.3306
17.3968
15.3184
13.2637
17.3968
13.9056
16.9445
16.9445
15.1544
16.2247
12.9603
17.4988
14.5814
16.032
17.4988
16.7176
14.239
12.9398
10.2803
14.239
12.8516
15.8803
15.8803
14.3875
15.7596
13.3116
18.1931
12.1939
17.0507
10.5236
18.1931
15.2818
15.2818
12.4574
14.6811
12.6268
16.4638
13.8976
13.1308
16.4638
14.2661
17.6439
17.4598
15.1575
17.6439
14.911
17.7571
16.513
17.7571
15.6757
15.4977
