9.57299
9.39989
7.1969
9.40208
9.57299
6.90638
6.90638
6.86952
3.68335
5.91389
0.994611
0.994264
0.994264
0.994611
0.786665
18.1674
15.8084
18.1674
8.98453
16.1727
10.3825
10.3825
8.58281
2.87424
3.41636
12.857
12.857
10.3941
12.1889
12.4965
16.5439
10.5358
16.5439
9.32094
15.1106
10.9316
9.31875
8.83314
9.97368
10.9316
16.9414
10.0373
16.9414
7.71146
14.2307
16.8117
13.2417
16.8117
13.0248
15.5262
13.1725
13.1725
12.6786
11.6017
12.6341
18.4264
18.4264
15.5338
13.0368
13.0101
10.8188
8.72353
10.8188
8.41243
9.12755
13.4411
11.5078
13.4198
12.5976
13.4411
12.6049
12.0693
12.6049
4.50041
7.43719
16.7097
10.3673
16.7097
9.63678
16.4801
17.5503
10.5935
17.5503
8.90989
13.553
14.2103
13.0589
14.2103
8.53485
11.1484
16.7867
9.13005
16.7867
7.66025
12.0296
16.703
13.7743
16.703
10.1414
14.0556
18.2542
10.1626
18.2542
8.35848
14.75
15.7447
15.6103
14.5121
15.7447
15.3957
17.3496
17.3496
14.8433
4.63678
9.5532
21.4254
21.4254
20.2299
7.76406
14.7694
9.88803
4.67991
9.88803
5.76139
4.8105
17.247
16.5138
13.0856
17.247
17.2185
16.3408
15.0544
13.805
15.6013
16.3408
16.7321
11.2581
16.7321
9.06856
15.1418
14.2525
12.4208
10.4111
13.3177
14.2525
11.5084
3.95654
11.5084
5.02273
6.71091
18.731
18.731
14.269
15.7574
16.315
14.3126
12.2004
10.7481
13.3896
14.3126
15.8574
15.7511
15.8574
5.90757
7.7455
14.4741
13.0648
11.9962
14.4741
14.3759
10.9184
10.9184
10.9182
6.60684
6.42323
16.5039
7.80102
16.5039
6.8457
10.0722
16.2877
15.294
16.2877
11.4118
15.1377
13.8012
13.6287
13.0534
13.8012
13.0613
15.8272
15.8272
13.4846
11.7691
12.0007
21.7021
21.7021
19.7714
10.3654
11.8686
17.3431
14.1002
17.3431
14.1966
16.9279
16.4604
11.9481
15.973
11.2762
16.4604
16.5732
15.6644
16.3711
15.0136
16.5732
14.4113
14.2144
10.2833
14.4056
14.4113
12.7667
8.88057
12.7667
8.695
10.6201
18.3072
10.4926
18.3072
8.21235
8.51856
17.4354
17.4354
16.8138
3.49554
7.31043
16.973
16.1474
12.046
16.973
16.9287
21.0431
21.0431
19.6197
5.00237
11.785
16.7462
15.2034
16.4251
13.067
16.7462
