9.56467
8.13602
8.53694
8.50072
9.56467
7.84688
7.84688
7.17018
4.31786
5.31436
0.995286
0.994631
0.995286
0.991588
0.983417
18.5621
18.5621
16.143
11.2554
13.0262
10.1669
10.1669
7.5394
3.17933
4.17836
13.1599
11.5716
11.5429
13.1599
11.8508
17.146
12.5527
17.146
10.6596
10.0842
11.2988
10.428
8.41179
10.0733
11.2988
22.9246
15.0964
22.9246
11.8647
11.701
17.4916
14.588
17.4916
12.178
16.3737
13.8673
13.8673
13.3663
13.5708
13.1909
18.9135
18.9135
13.6921
11.3426
12.743
12.6805
10.197
12.6805
8.27787
8.39875
14.3914
13.8231
13.6621
14.0946
14.3914
12.8601
12.8601
11.279
6.73947
6.8439
17.5776
15.6237
17.5776
15.717
15.056
19.0512
16.4761
19.0512
15.0122
14.7617
16.6331
16.6331
15.7427
13.1096
13.3828
16.7958
13.039
16.7958
11.5622
10.3987
17.2236
17.2236
16.2439
12.5029
12.7805
17.7794
16.4788
17.7794
12.0688
12.5638
19.5208
19.4199
19.5208
19.4579
19.4367
20.344
20.344
14.8504
7.74609
9.73663
19.7874
19.7874
14.9854
11.7595
13.1947
10.1579
7.54942
10.1579
5.95298
5.98882
21.4614
19.4979
19.3727
21.4039
21.4614
17.6203
16.8296
17.4171
17.2682
17.6203
17.4233
15.5458
17.4233
12.685
11.6739
13.463
10.8374
12.7193
12.9338
13.463
11.7471
8.2458
11.7471
5.62017
8.5861
19.0567
18.5958
18.7728
18.536
19.0567
16.0141
14.8994
15.9965
14.8965
16.0141
15.9217
13.1604
15.9217
5.50513
9.17443
17.1693
16.056
16.4866
17.0982
17.1693
10.9403
7.99099
10.9403
3.93973
7.26239
17.3933
14.0765
17.3933
10.6936
10.2501
16.2808
15.8587
16.2808
13.5247
13.5356
13.49
12.6609
13.49
11.2614
12.8317
18.0536
18.0536
13.4653
8.85863
10.7916
21.445
21.445
13.2275
10.1923
13.4306
18.1796
18.1796
16.0248
16.1085
14.6726
14.9337
12.7906
14.9337
11.2389
12.1706
20.0012
18.9444
18.9435
19.7017
20.0012
16.6191
14.5253
12.3286
16.6191
14.0787
16.2184
12.0533
16.2184
9.58444
10.1247
18.6114
12.8018
18.6114
9.1636
10.8357
16.063
16.063
14.5255
7.41654
9.28237
21.1055
18.6948
18.5044
21.1055
20.8263
18.8815
18.8815
15.4467
10.1807
12.1444
18.8045
18.8045
18.4572
18.037
18.0307
