9.33632
7.50039
5.69669
5.99674
9.33632
7.79435
7.79435
6.01355
5.8506
7.18673
0.994904
0.988971
0.612722
0.994904
0.815022
17.2383
13.2043
15.0007
14.7723
17.2383
8.79559
8.79559
8.23543
7.06176
8.31478
12.7914
12.2489
8.9914
12.7914
11.0339
17.7382
14.1891
17.5627
11.3119
17.7382
9.1259
6.33403
8.81058
6.20552
9.1259
17.8709
12.8608
16.7926
12.527
17.8709
20.93
13.8939
13.6656
11.2663
20.93
16.2731
16.2731
11.8582
10.6617
15.027
21.203
21.203
10.4579
16.9608
11.2836
13.5034
13.4717
10.2669
7.16127
13.5034
12.6185
11.9921
11.0202
6.25499
12.6185
12.9364
12.1854
10.3472
12.9364
12.6409
15.3797
11.9163
14.9046
12.6671
15.3797
16.3464
13.3197
16.3464
14.0273
15.5193
16.1401
16.1401
11.729
14.1776
13.9371
17.5844
16.9602
17.5844
10.8716
16.3448
17.3338
17.3338
12.5444
16.4668
16.6697
17.6355
16.7085
17.229
13.6573
17.6355
15.7761
13.4549
13.9683
11.4582
15.7761
17.6804
17.4617
11.8682
17.6804
16.5965
18.0844
18.0844
13.7994
16.9366
14.7953
12.6033
12.6033
9.20636
5.53074
11.2813
14.6839
11.5656
10.2451
9.01673
14.6839
15.1747
12.8754
11.7133
10.1988
15.1747
16.134
13.495
15.2352
10.4985
16.134
12.5656
11.326
8.40871
9.93777
12.5656
13.4906
13.4906
11.3006
10.9026
11.3238
13.9307
13.9307
13.6892
13.6946
13.4127
13.3632
12.0287
10.242
9.52243
13.3632
13.6211
13.2548
13.6211
13.5336
12.2823
16.1125
15.0782
11.2622
8.76196
16.1125
9.89991
8.79617
8.33552
9.89991
7.31773
15.5947
13.2553
15.5947
10.2421
14.5013
16.1109
15.1776
16.1109
12.7421
15.5826
13.8067
10.4357
11.2957
9.5586
13.8067
14.8151
14.8151
12.0717
13.6019
10.7989
19.6239
19.6239
11.392
16.3499
13.7457
17.9032
12.8897
9.28347
13.5655
17.9032
16.4598
14.6395
15.1975
8.59477
16.4598
15.8502
12.5792
13.831
9.94524
15.8502
11.7528
9.60581
7.51825
5.04388
11.7528
18.377
15.4296
13.7279
7.45964
18.377
15.7555
13.6193
15.7555
10.8375
12.265
14.6651
14.6651
13.7658
14.5331
13.7423
14.1345
10.6316
9.05237
8.13833
14.1345
17.725
17.725
14.2478
17.1089
15.5329
16.1836
11.3355
14.6575
9.53967
16.1836
