15.2446
12.8199
15.2446
11.3097
14.9688
13.0006
12.4519
10.9911
13.0006
12.2417
15.9499
15.9499
13.8259
13.9532
11.1745
2.69046
2.57403
2.69046
2.55734
1.9194
6.73391
6.73391
5.44851
5.31447
4.40439
11.7194
8.23073
11.7194
8.83947
6.32465
10.9559
10.3462
10.9559
9.14768
7.02051
17.1121
14.2439
17.1121
13.1377
15.5309
9.20673
7.52134
8.68874
7.18452
9.20673
20.0031
14.7472
20.0031
12.2986
13.2029
13.9633
13.9633
12.9501
12.9919
13.4839
11.451
11.451
8.91656
10.6316
9.53303
10.8228
9.59933
9.75193
10.8228
10.8184
11.9862
11.642
11.9167
9.8197
11.9862
11.7852
8.70909
11.7852
8.90553
7.44633
15.6282
11.1019
15.6282
11.7532
9.79407
15.4684
15.4684
14.8795
12.5315
12.9465
8.91012
8.91012
8.59749
7.4848
8.85769
14.7845
12.2627
14.7845
14.4492
14.6498
7.65127
7.19407
7.26804
7.23157
7.65127
16.4361
12.1026
16.4361
12.3049
12.0281
7.03256
4.94001
7.03256
4.86602
5.93951
17.8008
17.8008
13.6416
15.5427
12.9024
12.2232
12.1473
12.0189
12.2232
12.2217
16.9928
10.4045
16.9928
12.9917
13.8267
15.7043
14.254
12.0512
15.7043
13.0331
17.6875
15.6249
17.6875
13.1925
16.901
16.8462
15.6615
12.701
16.8462
15.9987
21.9319
18.5842
20.4626
17.6189
21.9319
20.7919
16.2021
19.9298
15.4099
20.7919
20.6103
18.2933
16.7467
20.6103
18.8779
19.3333
15.4431
18.7591
17.5963
19.3333
17.8639
15.5911
17.8639
13.9166
16.8012
17.4463
11.9804
17.4463
12.9781
15.2109
17.8041
14.9584
17.8041
13.4315
15.061
16.3357
11.6969
16.3357
12.667
11.8824
16.8146
14.0988
16.8146
13.2754
13.2758
17.8138
17.5531
17.8138
14.43
16.6143
20.4702
18.3942
18.8796
16.8073
20.4702
19.2956
13.7049
15.5562
18.5425
19.2956
18.6381
15.0156
14.5444
18.6208
18.6381
18.4295
13.3235
18.4295
13.0112
13.0198
18.7894
18.7894
15.8079
18.4812
18.4799
17.8989
17.8989
17.6111
17.811
17.8121
21.1682
19.1987
19.7918
19.873
21.1682
17.3074
14.1147
17.0131
17.3074
16.4866
18.3954
18.3954
17.331
17.5183
17.9448
20.6967
20.6967
18.4319
16.098
12.8526
16.1412
16.1412
15.3031
13.799
15.4641
20.0017
19.0964
19.324
20.0017
19.6045
