19.9252
11.2325
19.9252
11.2831
13.8321
14.9507
11.1744
8.82302
14.9507
12.4986
17.5125
17.5125
15.6921
10.4897
9.35961
2.46915
1.98826
2.21778
2.46915
1.91641
7.90722
7.90722
5.65109
5.3318
5.58161
15.7907
15.7907
13.0549
9.59301
4.89229
12.9026
12.9026
11.6084
9.10196
9.18458
15.2079
14.9089
15.2079
15.0483
14.9621
9.15611
7.22747
9.15611
6.84168
8.55583
19.7405
15.939
19.7405
13.0446
8.29793
14.4089
11.9503
11.2155
14.4089
13.6327
14.0949
14.0949
8.38285
7.40749
5.60539
8.91299
8.91299
8.89173
3.07952
3.45652
12.7918
10.5349
12.0753
10.4336
12.7918
12.6984
11.089
12.6984
6.97817
3.97234
15.945
13.6324
15.945
12.3906
8.45621
14.2822
14.2822
13.0007
12.5371
13.4238
9.50099
7.67782
7.07776
8.89513
9.50099
15.0117
14.4019
15.0117
11.47
10.4794
7.24613
7.20597
7.24613
6.33066
5.81199
16.7628
15.0487
16.7628
13.3007
11.5983
7.75848
5.15873
7.75848
2.99087
2.09823
18.1104
18.1104
13.3048
8.35126
7.30142
12.1812
12.1812
11.8042
5.06554
4.83157
17.9378
13.8962
17.9378
10.5623
9.61797
12.1645
12.1645
10.7507
11.5315
11.9912
14.6178
12.617
14.6178
12.0214
12.7389
12.8456
11.7225
12.8456
10.5614
11.6136
17.0557
13.6398
16.3778
12.8102
17.0557
17.533
16.5116
17.533
14.8924
16.3691
16.2907
16.2907
13.8431
9.87946
11.4999
16.6441
15.2354
16.6441
13.5325
12.3
16.1102
12.8456
16.1102
11.8856
14.4697
17.9835
13.5292
17.9835
10.858
11.1031
18.4991
16.2603
18.4991
13.8477
11.807
19.6295
12.9729
19.6295
12.2421
8.78926
16.9331
14.1539
16.9331
13.7143
14.4616
16.9051
14.8134
16.7045
13.2712
16.9051
17.2162
11.627
15.2259
11.4773
17.2162
15.6749
15.4823
15.6749
14.5403
12.502
16.2064
16.2064
13.3734
11.3676
10.5895
18.636
14.6514
18.636
12.1988
9.19771
14.9458
14.9458
13.102
11.1338
14.7809
16.9834
16.9834
15.9342
8.10357
9.25933
16.0909
14.9778
15.2687
12.9942
16.0909
18.2011
17.2787
18.2011
13.9297
11.2477
17.6128
17.6128
17.1043
16.2093
15.8725
19.3936
19.3936
18.0306
10.2433
10.8357
16.812
11.3293
12.4719
10.5128
16.812
16.2507
16.2507
13.8075
9.5662
9.19276
