14.6322
14.6322
10.9146
6.49697
13.2111
12.3245
10.5328
10.8987
11.3351
12.3245
13.7641
12.6592
10.9324
13.7641
12.3425
2.68636
1.90641
2.18578
2.68636
2.23722
6.60891
6.58735
5.27038
6.60891
5.57436
14.5025
14.5025
10.2988
12.1161
9.04042
13.5185
13.5185
9.30391
13.0291
9.67223
16.0409
15.3603
12.2173
14.2703
16.0409
8.76631
8.76631
8.10719
4.92128
8.21251
14.9782
13.7397
13.2847
12.3204
14.9782
13.1376
8.21359
10.9692
13.1376
12.929
13.5461
9.62836
8.64901
13.5461
8.56296
10.8352
5.48807
9.87231
10.8352
10.6182
16.9313
12.5366
16.9313
7.70535
11.526
15.9429
15.9429
9.72818
9.35051
10.7588
18.4157
18.4157
14.1491
13.6084
14.2772
14.9067
12.7092
10.7886
14.9067
11.9279
9.25247
5.33046
9.25247
9.0589
7.8055
15.8867
15.8867
10.7711
13.4994
14.2924
7.9562
4.94519
7.34848
7.9562
7.50506
19.4374
19.4374
13.6273
14.6373
15.0411
8.09657
4.91898
8.09657
4.91064
6.27079
15.2188
11.6286
11.5798
15.2188
12.2367
11.4866
7.92444
10.8435
11.1875
11.4866
16.9678
16.9678
14.3417
13.0797
16.0936
12.5895
12.2469
12.5895
12.0854
10.9592
17.4887
14.1516
17.1624
10.2896
17.4887
14.8892
14.8892
12.7502
9.92481
13.8559
18.865
12.6942
16.788
11.6355
18.865
19.1592
12.681
14.3818
11.0284
19.1592
14.9374
11.4281
13.1609
14.9374
13.9935
18.2541
15.1454
13.814
14.0463
18.2541
20.5471
15.2728
18.7982
11.5071
20.5471
20.1006
15.5571
18.487
12.8643
20.1006
18.1256
17.2644
15.9077
13.7705
18.1256
17.1896
17.1896
13.4769
13.3063
15.4557
16.4489
15.5134
15.4202
11.823
16.4489
14.7424
11.4759
12.1173
12.5394
14.7424
17.0597
11.6646
14.7827
11.1945
17.0597
16.2899
14.7031
13.9441
12.4496
16.2899
15.3045
9.48714
11.9718
13.5922
15.3045
16.375
14.9928
13.8199
14.1597
16.375
15.9099
14.3227
13.6976
11.2726
15.9099
14.8378
8.83367
11.761
14.0871
14.8378
17.3825
14.4837
15.8591
11.8393
17.3825
18.0608
16.6317
14.3063
16.193
18.0608
16.9591
13.3109
16.0644
13.1715
16.9591
16.4593
16.4593
16.1832
14.2079
14.9693
12.7954
9.70797
10.7853
9.63165
12.7954
13.528
7.66288
9.79888
12.9016
13.528
