14.5927
5.22295
13.8815
4.46481
14.5927
12.4202
7.38574
6.28524
12.4202
11.5795
17.9234
14.0334
12.6273
17.9234
13.771
2.39607
2.29618
2.07131
2.39607
2.08574
7.89973
7.89973
6.20176
4.33651
6.33831
15.7854
15.7854
14.7309
8.21372
14.0934
13.9155
12.7553
11.2885
8.90104
13.9155
16.1605
9.62217
11.8661
13.5565
16.1605
8.1957
3.55041
6.9717
3.24397
8.1957
19.1489
11.4915
19.1489
11.0446
12.7834
12.6731
6.87612
4.11886
12.6731
11.7107
13.3906
13.3906
8.08697
8.82337
8.93656
9.84469
9.84469
9.81808
9.35966
9.22393
11.9849
4.98719
7.26909
7.1638
11.9849
13.2501
11.187
13.2501
7.99855
12.872
20.9176
13.5931
20.788
8.90599
20.9176
18.9387
11.0669
7.20269
18.9387
11.0793
8.79937
7.02547
1.87832
7.27542
8.79937
13.0811
10.6658
12.9175
10.4275
13.0811
7.90262
6.95703
7.25862
7.90262
7.62781
18.1566
12.4697
17.3902
12.6062
18.1566
7.73794
4.58525
7.26219
4.6282
7.73794
16.4378
16.4378
10.8267
12.89
12.8219
12.3782
12.3536
10.5952
12.3782
11.9707
17.4404
13.1895
17.4404
9.51368
17.3874
11.903
11.903
8.18271
11.3661
11.6263
13.3269
12.8271
12.117
11.5444
13.3269
12.7539
9.82192
12.411
7.84997
12.7539
17.7186
8.4639
12.1306
11.2126
17.7186
18.1099
9.30225
11.1749
11.8862
18.1099
16.657
14.696
10.0425
16.657
14.9307
14.9391
11.2765
14.9391
11.5927
13.8764
16.5849
9.13885
16.5849
10.0475
16.556
18.9014
10.8337
18.9014
9.44121
17.4187
15.8815
14.0798
15.8815
13.2783
15.804
18.3711
12.2301
18.3711
10.0729
17.9346
18.1555
11.2149
18.1555
11.9392
17.3661
15.8193
13.041
11.245
13.3671
15.8193
17.206
7.02858
9.57526
10.3485
17.206
13.9357
13.0921
13.8174
12.9222
13.9357
18.0912
12.779
11.609
18.0912
15.5003
18.0921
11.1673
18.0921
9.07435
13.1243
15.3838
12.069
9.42965
9.47273
15.3838
17.3729
15.7855
12.5828
17.3729
16.097
16.4699
10.9587
10.7791
11.492
16.4699
16.9933
13.5712
16.9933
13.7491
16.2948
15.0306
12.6735
11.5071
14.8866
15.0306
19.2555
19.2555
12.4565
12.325
14.1182
15.4697
8.47805
6.84526
10.3233
15.4697
17.2901
14.1469
13.4419
17.2901
15.0978
