13.5187
13.5187
10.572
7.61355
12.6539
13.5159
13.5159
7.94527
9.22838
11.484
14.3165
12.2125
10.6233
14.3165
12.2916
2.29677
2.02018
1.71517
2.29677
2.22065
7.78073
5.97773
5.48235
7.78073
5.42643
14.8627
14.8627
12.3817
13.2426
11.1073
12.9964
11.8286
11.2584
12.9964
12.7863
16.8209
16.5041
15.4661
14.6871
16.8209
8.22167
7.91791
7.97226
3.74832
8.22167
16.7883
11.0795
16.7883
12.1952
16.4771
13.772
13.772
6.51957
10.3714
12.524
14.4379
7.51248
8.52169
14.4379
8.73162
10.8503
8.70775
10.8503
10.7971
10.8137
13.6379
13.6379
6.58705
6.4253
12.3856
12.3316
12.3316
12.2491
8.5764
10.2006
18.6735
16.1323
18.6735
13.2589
17.2309
14.3544
14.3544
7.93143
13.6949
12.249
9.95899
9.95899
8.4536
7.67535
8.80734
19.0314
19.0314
11.3915
15.402
15.7907
7.86191
6.7177
7.86191
7.19052
7.31751
19.3551
15.8697
19.3456
15.1006
19.3551
7.67609
4.80387
7.67609
4.88747
6.12861
17.6476
11.2911
11.3653
17.6476
12.5702
12.1296
10.3959
11.0966
12.0975
12.1296
17.9983
16.8121
17.9983
12.2073
14.0462
13.3927
13.3927
10.421
12.7526
13.2017
16.0342
14.5032
13
12.8687
16.0342
15.7461
15.7461
11.4424
8.44543
14.4732
20.1638
19.4543
10.3837
11.5834
20.1638
20.4632
16.725
14.8518
11.0162
20.4632
22.1505
13.0841
12.9006
22.1505
18.5004
20.57
16.6971
13.9121
15.661
20.57
18.6298
17.4996
14.3883
10.7172
18.6298
17.7966
17.4823
17.7966
12.3697
17.6947
16.7847
15.426
16.1397
16.7847
16.4411
17.8313
17.6791
17.8313
15.5472
16.9863
16.0091
14.8008
13.7326
12.6172
16.0091
17.2956
17.2956
12.5744
15.4009
15.8375
19.6722
19.3636
10.0225
9.37302
19.6722
19.0178
13.3845
13.8763
17.2841
19.0178
17.6267
11.1669
12.5183
17.2458
17.6267
14.9873
14.2997
14.1113
9.68082
14.9873
17.268
16.8704
11.8577
12.5312
17.268
16.5703
10.9563
12.0926
16.5439
16.5703
21.069
18.1682
10.1704
11.5513
21.069
18.9849
17.1002
17.3597
15.8401
18.9849
17.3513
17.3513
12.4553
16.228
16.7634
18.6182
13.9599
13.282
18.6182
15.6448
17.4163
17.4163
8.79829
8.98472
16.0727
22.2238
9.06604
10.8383
22.2238
22.0425
