13.9871
12.7728
12.0173
8.34161
13.9871
13.3831
13.3831
10.3175
13.0086
13.3575
14.3014
12.2018
13.12
14.3014
13.3976
2.7768
1.60571
2.7768
2.38576
2.32879
7.55494
6.54245
6.78071
7.55494
6.15214
13.4089
13.4089
12.491
13.366
12.1096
13.246
13.246
11.8369
13.0964
11.8821
16.8089
16.8089
15.6759
13.1472
16.3321
9.17644
7.65113
8.23664
8.06779
9.17644
13.9026
12.2245
13.4465
13.573
13.9026
13.9639
12.0367
9.7318
13.9639
11.6033
14.5735
9.40868
9.15587
14.5735
8.33645
10.1335
7.60219
9.74456
10.1335
8.93427
14.044
14.044
10.343
8.65441
12.8239
14.2557
14.2557
12.3853
10.6162
9.57742
17.5163
17.5163
16.7975
15.2135
16.5981
15.2273
12.6494
10.9195
15.2273
11.7417
8.46342
8.36335
8.39543
8.46342
8.16279
22.9189
22.9189
11.8319
16.6608
17.6298
8.96622
5.75714
8.96622
7.51055
7.11332
22.9222
22.9222
17.1037
15.2257
17.3194
8.95269
4.85246
8.95269
4.94778
6.06405
20.9288
10.7155
12.4455
20.9288
11.8417
12.4936
9.37843
10.4681
12.4936
11.5886
19.2891
17.4515
19.2891
14.6221
14.9253
13.2851
12.9764
11.953
13.2851
12.1694
18.1772
14.467
17.3125
11.6557
18.1772
15.5045
15.5045
14.1567
13.911
14.2336
16.4494
15.0416
15.6185
13.4007
16.4494
18.5691
13.4112
16.4126
15.2153
18.5691
15.9891
12.3321
13.0824
15.9891
13.0908
18.7474
17.63
14.5121
17.4236
18.7474
19.4798
16.002
17.2432
10.4525
19.4798
19.0832
16.6971
18.9339
12.3578
19.0832
18.9594
16.2148
18.9594
14.8928
16.6694
17.7631
17.7631
17.7627
15.1505
17.3127
16.4047
15.6056
16.4047
11.5786
16.3133
16.0563
12.4028
13.4584
14.9874
16.0563
15.4179
13.1926
13.2959
11.3875
15.4179
16.604
15.1512
16.0904
14.3322
16.604
16.1698
9.78757
11.3823
16.1698
13.7238
16.6091
13.6076
14.2289
11.4642
16.6091
14.3812
13.364
13.7744
12.2633
14.3812
17.2373
9.90017
11.1273
17.2373
14.6913
17.2402
17.136
14.9494
14.3447
17.2402
19.2986
17.8898
17.182
16.7966
19.2986
16.5554
13.1843
15.6572
15.5921
16.5554
16.9967
14.2935
16.9967
15.5901
15.1146
14.6943
11.911
10.9138
10.6064
14.6943
15.8586
7.86991
9.42198
15.8586
14.6593
