13.8626
13.8626
12.8574
7.56746
12.917
12.7167
12.66
10.7134
12.3244
12.7167
14.0925
13.4707
13.5073
14.0266
14.0925
2.42626
2.05658
2.42626
1.98329
1.97033
6.85113
6.85113
5.24517
6.60766
4.68935
12.763
12.763
10.7595
12.6358
10.6645
13.7258
13.2999
11.4176
13.7258
9.7742
16.1885
16.1885
15.56
12.8989
14.5378
8.76542
7.22631
8.76542
2.76545
8.2816
14.5192
12.1971
14.5192
12.0497
12.4715
13.7588
11.2525
13.7588
11.6599
11.8636
14.1825
9.37712
9.66349
14.1825
8.91901
10.3053
6.49013
8.90678
10.3053
9.91516
12.6582
12.6302
12.6582
8.93784
12.5903
13.3189
13.3189
11.4059
8.78787
8.84182
17.2806
17.2806
15.8222
14.6861
11.6053
16.3223
15.7842
16.3223
15.0392
12.348
8.99666
6.3167
8.95252
6.77068
8.99666
21.226
21.226
11.9725
13.9465
16.3326
7.1471
5.6082
7.03529
7.1471
6.88037
19.7895
19.7895
16.4899
15.6719
13.5813
7.6987
5.17573
7.6987
4.94936
5.94623
15.1375
11.679
13.1385
15.1375
12.2598
13.952
8.14795
11.4716
13.952
12.7159
19.235
17.245
19.235
13.0829
12.3119
15.0939
13.2254
15.0939
11.8896
12.4645
17.8981
15.0483
17.3592
11.0202
17.8981
15.4827
15.4587
15.4827
10.512
13.3989
18.4783
16.0963
15.3077
12.6662
18.4783
17.765
16.0837
17.304
12.6905
17.765
16.4448
13.8616
15.1786
16.4448
12.6936
18.9762
18.0089
16.0631
16.5434
18.9762
17.6907
17.6907
16.024
10.1531
16.9055
17.2182
16.1867
17.2182
12.4028
15.6326
18.0124
16.592
18.0124
13.1544
14.3148
17.6601
17.3914
17.6601
14.9307
12.1983
16.112
15.532
16.112
10.7583
15.0436
16.3921
14.4874
16.1189
15.336
16.3921
17.5622
14.7696
14.2321
11.2919
17.5622
17.9146
14.7225
14.471
13.7642
17.9146
17.4614
12.1652
16.8122
17.4614
13.9165
15.311
14.8028
15.311
9.92154
12.8578
17.3144
15.3859
15.2798
10.6259
17.3144
16.8982
11.1558
13.5716
16.8982
15.4763
19.4276
16.6516
14.9655
13.0128
19.4276
16.9503
16.9503
16.8488
15.722
15.1623
17.1227
15.8536
16.1989
15.6465
17.1227
16.2157
15.4102
16.2157
12.0407
14.8541
15.9198
13.6883
14.8178
12.0472
15.9198
15.5643
10.3197
14.5099
15.5643
13.7663
