15.0631
12.8902
13.5492
11.3648
15.0631
12.8231
12.8133
12.2243
12.8231
11.4795
14.8286
12.6171
13.3872
14.8286
11.3047
2.59666
1.71442
2.59666
2.45208
1.74438
6.7504
6.74207
5.36553
6.7504
6.18429
14.2476
14.2476
12.621
7.63514
12.1749
13.3394
13.3394
11.9424
12.9404
11.983
17.3728
16.1234
15.6125
11.1441
17.3728
9.03307
8.02797
9.03307
7.55529
8.67581
13.5432
11.2673
13.5432
12.4226
12.73
14.7175
11.4719
12.5724
14.7175
12.9763
14.7546
8.43936
8.54389
14.7546
7.13366
9.61096
5.84215
7.23815
9.61096
7.90336
13.2999
12.5825
11.9718
11.3454
13.2999
14.1924
14.1924
13.1031
7.19393
10.6242
18.2907
18.2907
16.7664
11.4616
14.5557
14.2227
12.9437
13.9039
14.2227
12.2599
9.60137
6.83906
9.30058
8.39904
9.60137
20.783
20.783
13.6497
10.7982
16.4695
7.70128
5.98738
7.70128
7.22591
5.96123
20.4272
20.4272
17.9081
13.5116
16.6476
7.52769
4.83336
7.52769
5.11525
5.85828
17.1225
12.2093
12.554
17.1225
10.2861
12.2414
7.47548
9.70169
12.2414
10.8713
21.9316
18.0284
21.9316
9.54529
14.6985
20.9258
18.153
20.9258
13.3626
11.7644
18.6277
16.2255
18.1105
12.1619
18.6277
14.5354
14.029
14.5354
10.9343
14.2209
21.0757
15.2107
19.2087
16.3741
21.0757
18.7415
12.7712
17.1266
16.8002
18.7415
16.1105
12.9098
14.2349
16.1105
12.1532
20.5907
17.7497
16.7715
12.8781
20.5907
18.3349
16.4693
17.9807
14.3375
18.3349
17.6444
17.2357
17.6444
11.3306
17.1888
19.9461
16.6959
19.9461
13.1171
15.325
19.163
17.6511
19.163
12.5026
15.2528
17.5667
15.7566
17.5667
12.6745
16.0068
20.5705
12.7757
16.9036
18.4821
20.5705
21.1534
13.4745
17.7499
16.3528
21.1534
16.4731
14.8977
14.9679
11.5568
16.4731
15.963
12.0561
13.0461
15.963
13.2814
14.4395
14.2288
13.8222
11.4113
14.4395
19.5168
13.6429
15.0039
15.1824
19.5168
16.3369
11.8807
13.416
16.3369
13.6434
19.628
17.263
18.4622
15.6881
19.628
18.3556
17.6962
17.5069
12.1774
18.3556
18.3286
13.7807
17.5067
16.7275
18.3286
17.6777
15.936
17.6777
13.4792
13.2939
17.6528
13.1575
13.0615
10.729
17.6528
14.559
11.5974
13.094
14.559
13.1555
