16.2803
16.2803
14.1884
7.37071
15.3285
12.0418
11.8336
12.0418
10.7271
11.7097
13.2084
11.6298
12.2268
13.2084
11.9245
2.29608
1.42666
1.45973
1.98791
2.29608
6.866
6.47449
4.60015
6.866
5.04182
14.3187
14.3187
11.5017
8.73844
13.7908
14.7525
14.7525
12.0754
11.3279
11.664
16.7507
16.7507
15.3904
14.4622
15.8666
8.64292
8.4484
8.20972
4.0828
8.64292
12.2085
11.3503
12.2085
10.6327
12.2068
13.2032
12.0829
12.0531
12.7286
13.2032
9.32136
8.47195
8.12029
9.32136
9.22526
10.306
7.67149
7.50917
10.306
10.2893
13.8391
13.6672
12.2977
7.5853
13.8391
14.114
14.114
11.5948
4.2175
12.2075
19.1704
19.1704
14.7613
10.1198
16.8724
13.6918
12.9498
12.9143
11.8289
13.6918
9.73323
8.54541
8.29741
9.66903
9.73323
19.8738
19.8738
17.7755
11.2191
16.2804
7.19532
5.39543
4.53485
7.10753
7.19532
20.9303
20.9303
16.191
12.1732
16.6348
5.88569
4.69147
5.07591
4.93223
5.88569
13.5083
10.3936
10.2474
13.5083
13.158
12.9475
8.21093
8.08899
12.9273
12.9475
18.635
18.3966
17.4411
9.02068
18.635
14.1137
11.7951
12.0169
14.1137
12.0566
22.9254
17.7281
17.5897
10.9425
22.9254
22.9126
16.2271
18.113
7.19952
22.9126
24.9172
24.9172
24.9063
14.4877
19.247
17.5986
15.6617
16.9351
10.6194
17.5986
15.0448
12.37
13.0555
15.0448
13.0781
23.438
19.1056
23.438
13.5049
19.7325
21.4126
21.4126
19.2738
9.78158
19.1322
19.4399
19.4399
18.9731
8.54076
18.0794
19.6112
16.8357
19.6112
10.6036
18.9282
19.2593
18.8673
17.2236
9.86749
19.2593
18.7181
18.7181
17.9604
9.41746
18.0184
20.706
19.7138
20.706
11.6242
17.2864
23.8928
23.8928
23.8867
13.9008
19.6156
21.4557
16.9244
19.5227
17.345
21.4557
17.3813
14.6013
14.5734
17.3813
13.9337
14.6173
14.4865
14.6173
8.40464
13.1126
22.4638
22.4638
22.4334
16.2683
18.6884
17.0645
8.72679
12.3899
17.0645
15.7517
23.8364
22.4109
23.8364
13.8253
20.5874
20.8484
17.2464
19.3022
13.5512
20.8484
18.8799
18.8562
18.8799
12.656
17.5227
17.0784
15.7407
15.1089
12.6368
17.0784
18.6686
17.546
17.4996
11.6857
18.6686
15.1711
8.19878
7.94848
15.1711
14.7445
