14.2161
12.3094
13.5706
7.04777
14.2161
11.5614
10.4376
11.5614
10.0422
11.5521
13.5712
12.6287
13.5712
13.375
12.8119
2.59501
2.49323
2.59501
2.10944
2.09234
7.54008
7.06982
4.27319
5.32437
7.54008
14.3656
14.2047
14.3656
13.8754
12.7555
13.1618
12.1139
10.6899
12.0028
13.1618
18.9799
14.1453
12.4653
13.081
18.9799
8.65011
8.30132
8.65011
4.65795
8.2261
19.0135
19.0135
18.8524
13.1251
17.8763
12.6944
10.7752
12.6944
12.0008
11.471
14.2494
13.7516
8.53325
13.2989
14.2494
10.8567
10.8511
10.3689
10.8567
10.7917
13.5786
12.8972
13.5786
8.10169
11.7175
11.8547
11.3385
11.1107
10.435
11.8547
16.3739
16.1397
16.1176
12.7038
16.3739
13.8423
10.0443
13.5843
13.8423
11.4021
9.40506
9.29465
9.40506
7.73341
7.49369
17.5988
15.0327
10.3944
11.0348
17.5988
7.18494
6.60633
6.18885
7.18494
7.09605
16.891
15.4453
15.629
13.3489
16.891
7.84138
7.84138
7.63761
6.81869
7.68522
17.3253
15.3799
12.192
17.1663
17.3253
12.5275
12.0543
11.1567
12.5275
12.4839
18.0573
16.3159
18.0573
14.0495
16.9947
15.3965
14.3975
12.5759
15.3965
11.4079
17.5702
14.5814
17.2947
13.5853
17.5702
16.1742
14.802
14.6895
9.90946
16.1742
20.8636
16.3361
19.4978
13.2565
20.8636
24.9181
11.5382
12.952
15.8391
24.9181
24.9199
16.9028
13.0142
24.9199
21.2973
24.9241
18.137
15.5527
12.0076
24.9241
24.9171
21.7528
24.9171
14.47
24.8743
24.9121
24.9121
23.3522
12.6035
22.9803
18.0224
17.771
16.5563
17.3798
18.0224
19.1209
19.1209
16.6608
13.312
17.7521
17.5226
17.4392
17.5226
14.4
17.4282
16.5524
11.2627
14.9433
16.5524
15.7037
19.9436
14.2957
18.4373
12.1969
19.9436
17.9757
15.6472
12.5968
15.2025
17.9757
19.3262
12.2093
12.5094
19.3262
19.1494
17.6994
17.6994
17.5877
12.3256
17.4962
17.5681
15.2223
14.9867
13.1699
17.5681
18.37
12.3466
12.0694
18.37
18.1632
22.6753
17.2132
16.8835
14.3618
22.6753
20.1808
17.5553
15.2857
13.4377
20.1808
18.497
14.0531
15.3131
18.497
16.9775
19.4447
18.5225
14.5553
19.4447
17.5295
14.317
12.0829
12.1332
12.2044
14.317
21.1759
11.5892
11.6278
21.0611
21.1759
