12.6909
10.748
10.8943
8.51444
12.6909
11.2908
7.99501
8.12465
8.08164
11.2908
15.1416
15.1416
13.9626
14.5
11.9207
2.41283
1.85262
1.1705
2.41283
1.98974
7.89025
5.41559
6.41919
7.89025
6.27728
15.7298
14.2634
13.5163
15.6663
15.7298
15.3769
13.1775
15.3321
12.3272
15.3769
17.1766
15.933
17.0933
11.7654
17.1766
7.68367
5.96946
6.13129
4.30037
7.68367
18.4468
18.4468
15.3932
18.1576
11.8636
12.9753
8.48071
5.97096
8.1531
12.9753
11.3542
11.3542
11.3172
7.63543
11.0733
8.8573
8.76436
8.55199
6.11238
8.8573
13.7585
7.83324
9.02207
6.32205
13.7585
12.0602
12.0602
11.9771
11.5427
11.882
18.4502
18.02
18.4502
13.4734
14.801
13.385
11.401
10.7479
10.565
13.385
9.80792
8.28845
4.55908
9.46144
9.80792
15.6891
14.6197
15.5146
15.5288
15.6891
7.54731
6.97027
3.97857
7.19946
7.54731
19.0429
17.5885
19.0429
13.3972
16.4689
5.1607
5.14429
5.1607
4.89761
4.95109
14.906
14.906
14.0619
13.7065
14.0016
9.87256
9.87256
9.81426
9.15826
9.69807
18.2739
18.2739
18.0687
13.3586
13.0819
13.0804
12.7956
10.5828
10.9737
13.0804
15.702
15.702
14.199
12.1868
15.3979
12.692
12.692
11.9046
10.4412
12.0169
16.2858
13.2487
13.0749
10.4614
16.2858
18.0914
15.1621
14.9555
13.4463
18.0914
17.054
17.054
14.5555
14.9817
15.0008
15.7905
15.7644
15.7905
14.7889
14.5528
15.9034
15.5328
15.9034
10.9547
15.5629
18.6983
18.6983
18.1884
10.901
16.0746
24.9322
24.9322
24.6087
15.3687
23.6188
24.9296
24.9296
24.8855
13.0978
17.3333
17.6907
17.5901
17.6907
14.241
17.6497
15.258
14.2597
10.7447
12.8378
15.258
16.8966
11.7509
10.0854
9.46231
16.8966
17.1035
17.1035
15.1801
13.9449
16.0157
16.9452
16.9452
12.0174
16.8532
16.521
18.698
17.179
14.8766
18.698
12.6155
15.0928
14.6419
14.7335
13.2386
15.0928
12.2204
12.2204
11.4105
11.2928
11.6268
18.0526
14.1489
12.3525
13.9536
18.0526
18.887
18.8292
18.887
15.8592
15.5784
17.2603
17.2603
13.2219
14.1468
16.2711
17.8182
17.8182
16.8834
16.3887
16.6571
16.786
10.5684
7.61033
11.4279
16.786
12.8133
12.8133
12.3807
12.2335
12.3799
