15.933
15.933
15.4767
14.7368
13.4661
12.4574
11.9745
11.7135
12.4574
12.356
17.5265
11.4192
11.1306
17.5265
14.3934
2.47501
1.65041
1.75106
2.47501
2.08251
7.17348
5.45875
5.22598
6.33726
7.17348
13.7978
12.0823
9.81011
12.9198
13.7978
13.7642
10.3713
9.83762
11.8775
13.7642
16.5833
13.8427
15.3456
13.7527
16.5833
8.84117
8.84117
8.65762
8.74248
7.41549
18.6964
11.958
15.4134
18.1529
18.6964
12.1938
11.5545
12.0734
10.0285
12.1938
14.1894
10.763
6.98802
14.1894
11.2228
9.83666
8.72598
6.8121
9.83666
8.47625
13.4964
12.7623
13.1933
12.1746
13.4964
11.9908
11.9908
9.43884
11.8619
11.8127
15.1176
14.2618
13.318
14.0909
15.1176
13.8973
11.7588
13.6139
13.0761
13.8973
8.99319
7.89658
8.54432
7.57501
8.99319
19.7896
13.7245
16.015
19.7896
18.6903
7.12255
5.90343
6.13461
7.12255
6.33094
15.4282
15.267
14.2962
14.4057
15.4282
8.28226
5.58688
6.23977
6.62742
8.28226
18.9517
10.5158
10.418
18.9517
15.2661
12.186
8.36421
8.10558
12.186
10.4002
16.6213
14.4276
15.6103
16.6213
14.4091
14.2327
14.2327
11.9915
13.5221
12.9512
18.5833
18.5833
18.0987
14.9667
14.2364
16.7403
16.7403
16.4137
13.5772
13.3863
24.211
24.1924
24.211
17.7807
17.9145
18.8844
15.6834
16.2937
18.8389
18.8844
16.663
12.2221
14.5441
15.6248
16.663
20.5851
19.3082
20.5851
18.165
17.6365
22.9239
22.9239
22.7745
18.3529
17.1235
21.6622
21.6622
18.6906
16.2366
17.3007
17.0635
16.6743
16.885
17.0635
15.5539
16.3332
15.2297
16.3332
16.0261
15.6018
17.6709
17.4684
17.6709
17.525
16.3398
20.5882
17.6526
20.5882
17.2757
17.5305
23.5624
23.4962
23.5624
15.728
16.1426
19.9033
16.9592
19.9033
18.8918
17.4305
15.5359
13.0633
13.1611
15.5359
15.4243
19.2754
13.8306
16.7231
19.2705
19.2754
21.7045
21.6054
21.7045
18.2165
18.019
16.7511
10.4428
11.7877
16.7511
15.47
22.45
22.1449
22.45
16.713
17.8192
18.2579
15.8574
18.2579
18.0427
17.8232
19.2572
18.1336
19.2572
17.2355
18.0456
21.2194
14.3321
13.8282
21.2194
18.205
17.4549
16.7433
17.4549
12.4172
15.6623
13.939
11.1068
9.40435
13.939
13.2032
