14.3051
5.56828
12.6631
5.12902
14.3051
12.857
7.3236
8.03822
10.302
12.857
21.8806
21.8806
12.7228
13.9487
16.9238
2.98415
2.98415
2.98387
2.13527
1.93775
7.96632
7.96632
4.55727
5.55965
5.75984
14.522
14.522
13.0418
7.87401
11.5113
12.7899
12.7899
9.72151
8.41091
12.2003
16.1324
12.068
12.9996
12.1874
16.1324
7.78122
3.82471
6.4986
3.67657
7.78122
19.0826
13.1761
19.0826
13.4905
13.946
13.0997
7.99521
4.86152
11.5043
13.0997
14.3691
14.3691
8.59931
7.49452
7.05663
9.75878
9.45275
9.75878
7.42897
7.68718
12.0412
6.20373
7.19741
6.66974
12.0412
11.8641
10.429
11.8641
7.89776
9.3321
17.204
13.8654
17.1454
8.3095
17.204
15.6129
14.946
8.45435
15.6129
12.9956
8.93289
5.86329
2.76543
7.46931
8.93289
12.8871
12.8871
11.6786
10.9651
11.1989
8.2689
7.65241
7.39868
8.2689
7.22176
18.1561
13.7307
17.6691
10.3099
18.1561
7.66828
5.33957
7.66828
3.77429
4.54692
18.1516
18.1516
12.4218
11.4958
12.2659
12.1335
12.0375
12.1335
9.01528
10.1959
17.188
14.568
17.188
9.70251
16.1888
11.6957
11.6957
9.34386
11.2595
10.6393
14.012
10.8831
13.4502
9.59347
14.012
11.326
9.48244
10.4712
7.75829
11.326
15.789
9.26082
13.3065
10.7098
15.789
17.5239
15.0764
12.2384
14.8794
17.5239
17.466
17.466
13.5567
17.2254
14.4683
12.774
11.1117
12.774
10.5655
12.6199
16.2584
11.2549
16.2584
11.181
15.9115
17.9591
13.0851
17.9591
8.04707
16.1547
16.1575
15.7447
16.1575
11.8549
15.7934
16.8368
15.4087
16.8368
10.3816
16.4371
16.4711
12.5788
16.4711
12.6768
16.2025
16.5015
11.8513
13.0396
10.746
16.5015
15.4731
7.74249
10.824
9.88238
15.4731
14.5691
12.0778
14.4498
11.0097
14.5691
17.8251
17.4464
12.2859
17.8251
14.5931
18.0981
10.5034
18.0981
10.6708
11.2039
14.169
10.1727
11.4167
10.0017
14.169
17.3017
17.3017
16.079
14.429
15.9687
15.1583
9.23825
12.2696
10.6392
15.1583
17.1375
14.6299
17.1375
12.5872
16.2504
16.2314
13.3299
13.2969
12.874
16.2314
18.924
18.924
14.1071
12.5788
13.845
15.5228
7.76636
8.04674
9.34356
15.5228
17.4495
17.4495
14.9044
17.4425
16.4632
