14.7699
13.4675
14.7635
11.3542
14.7699
11.8308
11.4274
10.2229
11.1462
11.8308
13.6559
11.3969
10.4874
13.6559
13.1088
2.9478
2.9478
2.52011
2.94315
2.93484
7.15361
7.15361
5.18956
5.83591
6.62352
12.9876
12.9876
11.3178
9.74635
12.8052
14.0356
11.1352
11.345
12.2714
14.0356
17.9533
13.6619
12.4641
14.4941
17.9533
8.26892
8.26892
7.52855
5.72313
8.19446
17.398
10.8057
17.398
14.3786
13.6056
12.7791
11.0308
11.8841
12.7791
11.9575
14.0575
8.4642
8.19614
14.0575
9.19915
10.8358
9.33385
9.99336
10.8358
9.91788
13.5516
13.5516
12.3489
9.89208
12.3265
13.0188
13.0188
11.7659
10.3849
12.2711
17.1865
15.9336
15.861
14.321
17.1865
14.5053
10.289
10.4399
14.5053
11.0071
9.29846
9.29846
7.99139
8.28127
8.2632
16.9572
16.0269
13.2717
12.7837
16.9572
7.41574
6.16746
6.57813
7.41574
6.95677
18.1448
16.0924
16.8232
15.1335
18.1448
7.78827
4.4079
7.39744
7.09669
7.78827
17.2679
11.4703
10.9038
17.2679
13.0341
12.4513
10.7177
10.8377
12.4513
11.2958
18.8164
17.2134
18.8164
14.6182
18.0429
15.9719
14.0744
11.4588
15.9719
11.8077
18.0303
16.3903
18.0303
13.5552
17.9563
17.3117
16.2044
17.3117
13.1039
16.792
22.9813
19.2733
22.9813
16.2807
22.8731
22.1064
13.1666
13.9423
14.5186
22.1064
22.3665
12.8979
10.3071
22.3665
17.2384
23.8465
20.6733
17.9756
16.5966
23.8465
24.0132
23.7202
24.0132
15.7244
23.6661
23.1803
23.1803
22.4509
17.7675
21.879
18.6576
17.8696
17.2608
17.7425
18.6576
19.2938
19.2938
17.8804
17.5979
18.8206
17.7389
17.4938
17.7389
16.1176
17.608
17.5708
13.9494
17.3222
17.5708
16.9628
23.2937
18.1349
23.2937
15.9389
23.0544
19.2525
15.4594
15.2834
15.4396
19.2525
17.7886
11.7309
12.0885
17.7886
17.3705
16.2755
13.577
16.2755
10.6582
14.9258
19.5034
17.8805
19.1217
14.9246
19.5034
16.8836
11.0594
11.7493
16.8836
15.8169
24.0474
20.6592
22.3429
17.2267
24.0474
20.4953
17.026
17.0715
16.8762
20.4953
19.1204
15.7253
17.5182
19.1204
17.5042
19.127
13.501
14.1664
19.127
14.2245
17.0507
14.5783
17.0507
16.2235
17.0168
20.2927
10.6082
11.4069
20.2927
20.0336
