14.4949
13.618
12.9594
13.6457
14.4949
11.307
11.307
11.1903
11.1778
10.7218
14.7101
10.6565
11.8777
14.7101
12.4225
2.37417
2.28427
2.17504
2.27055
2.37417
7.82698
7.82698
2.73239
6.4414
6.19782
15.7957
15.7957
10.5646
7.41962
14.1532
12.9782
12.5535
3.74432
12.2948
12.9782
16.3719
12.2313
12.7606
14.4101
16.3719
8.04871
7.76972
7.72141
7.43695
8.04871
18.0261
10.247
18.0261
15.1461
15.4479
12.4116
11.999
12.1039
12.3436
12.4116
14.278
10.0474
6.7815
14.278
8.02249
10.7245
7.9491
8.11068
10.7245
9.43443
12.1535
11.9422
11.8379
12.11
12.1535
13.7196
11.8046
13.7044
8.19642
13.7196
17.0263
13.6463
10.2062
12.367
17.0263
14.5316
12.3378
12.5348
14.5316
12.566
8.7697
8.40295
8.45235
8.7697
8.67964
12.7503
10.2701
11.9211
12.2581
12.7503
7.06679
6.8375
7.06679
6.84103
6.79077
17.3266
12.3659
11.3978
12.7429
17.3266
8.28733
4.87899
5.26966
5.95472
8.28733
18.2754
9.23126
9.85758
18.2754
10.9063
12.9579
8.50563
8.56754
12.9579
11.0173
18.4777
13.3614
15.7347
13.1019
18.4777
13.026
10.4888
11.1323
13.026
12.111
16.733
15.9203
16.1097
16.2892
16.733
15.3399
15.3399
14.4371
12.9644
14.0974
23.881
23.6968
23.881
19.5045
19.5267
18.5093
14.4907
16.465
17.8585
18.5093
18.5159
12.4408
17.4616
18.5159
15.8015
17.9398
17.352
17.9398
17.2846
17.2607
17.7374
17.3036
17.6395
16.06
17.7374
19.0478
11.0606
12.8339
13.9017
19.0478
18.8377
14.3336
11.6747
16.0419
18.8377
18.4652
12.3739
14.5907
11.8728
18.4652
23.9241
12.2795
11.7871
16.6313
23.9241
24.917
24.0202
24.917
18.8832
17.9068
24.9122
24.7498
24.9122
17.9082
17.8973
17.4711
14.075
15.9125
17.4711
17.4634
16.5382
14.0782
15.3925
16.5382
13.7376
19.7505
13.1512
19.7505
14.5587
18.946
23.0592
22.5439
23.0592
18.1334
18.2611
18.4575
10.2779
13.532
18.4575
15.6545
21.7678
21.6297
21.7678
19.4873
19.4955
17.2762
11.2678
16.2555
16.2953
17.2762
20.1412
19.1121
20.1412
19.507
19.5878
18.2435
13.2807
11.6818
18.2435
16.2456
18.6256
18.4722
18.6256
15.1887
15.049
17.5869
11.3065
15.2653
17.5869
15.3763
