15.1965
14.2642
13.7861
14.3958
15.1965
11.9152
11.8545
11.6608
11.6279
11.9152
17.0897
13.41
12.4323
17.0897
13.5822
2.21942
1.54385
1.55962
2.21942
1.71999
7.11945
4.9633
2.74209
7.11945
5.44189
13.2273
13.2273
9.68762
13.0396
13.0748
13.0128
12.8415
6.11698
13.0128
11.6239
17.6929
15.8976
14.1627
17.1611
17.6929
8.47137
8.47137
8.06657
7.56779
7.89092
17.587
11.6603
13.4991
17.2925
17.587
12.6926
11.8008
12.3203
12.6926
12.2504
13.3071
8.69593
8.34774
13.3071
10.1832
9.47301
8.78027
8.50006
9.47301
7.67306
13.8979
12.1996
13.6101
9.40375
13.8979
13.716
13.716
11.1541
11.6765
12.1501
18.3459
18.3401
11.8858
15.6753
18.3459
13.9387
12.5382
13.3212
13.3929
13.9387
8.48673
8.3527
8.42724
8.20972
8.48673
17.1573
13.9625
15.794
17.1573
16.7378
7.04814
5.42069
5.94331
7.04814
6.07858
18.0395
18.0395
12.4982
16.8359
17.1811
5.94907
4.60857
5.10373
5.83884
5.94907
17.8894
13.6987
11.7062
17.8894
13.5504
12.6015
10.6476
10.6431
12.6015
9.95055
18.2139
17.5105
16.359
16.9445
18.2139
15.7587
13.823
12.3828
15.7587
14.4339
18.619
16.5951
16.9634
16.8516
18.619
18.122
15.2472
18.122
14.4973
16.0752
24.4678
24.4004
24.4678
17.0643
18.0186
19.9501
15.3236
16.7536
17.9911
19.9501
19.5165
14.857
14.9348
19.5165
15.205
22.1553
18.5545
22.1553
18.4817
21.1626
19.846
18.9668
18.8697
18.3669
19.846
19.4271
19.4271
14.7906
17.3431
19.3242
19.2122
16.895
13.7467
18.496
19.2122
20.6164
19.435
14.5908
19.2588
20.6164
17.0724
16.5576
13.9809
15.8595
17.0724
23.2806
23.0179
23.2806
17.4372
16.3968
24.5104
24.5041
24.5104
15.729
16.5959
24.9232
15.6173
17.9822
24.9232
22.7866
18.5294
14.712
14.1799
18.5294
17.9569
19.3188
14.1835
14.0801
17.4107
19.3188
23.6943
23.5654
23.6943
16.815
17.4094
18.7589
13.3781
13.2148
18.7589
13.6913
23.4102
22.2488
23.4102
18.953
18.4112
21.5324
16.7345
17.7569
20.7756
21.5324
19.1993
18.4336
19.1993
18.6456
17.9622
19.1016
14.69
11.9264
19.1016
17.4487
18.218
18.2167
18.218
14.2444
15.1884
16.757
13.3861
13.1032
16.757
15.2202
