14.7061
14.7061
13.8287
9.73146
14.4391
12.1134
12.1134
11.6089
10.8444
11.5347
16.2025
13.0699
13.0893
16.2025
13.7916
2.46331
2.19295
2.04127
2.46331
2.32991
7.44787
7.44787
3.41276
7.05829
6.95663
14.9104
14.9104
9.22878
13.3654
14.7906
14.0444
12.3321
4.80843
12.0393
14.0444
17.5914
12.6527
12.6675
14.2486
17.5914
8.29564
8.29564
8.23629
7.5336
8.244
19.3388
10.6013
19.3388
16.4485
17.4351
12.5061
12.1899
12.5061
12.4033
11.532
15.0811
11.2319
9.06809
15.0811
9.55783
9.85754
8.30241
9.15369
9.85754
9.68677
13.2282
12.8441
12.4952
9.5789
13.2282
13.4492
12.4334
12.0876
13.4492
12.4834
17.5316
12.9783
9.42204
13.9935
17.5316
13.5161
12.4481
12.5737
13.5161
13.4251
9.44046
9.20856
9.01177
9.44046
8.63383
17.4053
12.5383
11.8901
17.4053
17.0776
8.03627
6.77486
8.03627
7.46479
7.39339
16.3461
12.6726
10.907
13.6527
16.3461
8.18128
4.94878
4.76207
4.92902
8.18128
19.2994
14.0767
14.2827
19.2994
13.6847
12.2661
10.345
11.0819
12.2661
12.0888
16.7399
14.1998
13.8934
16.7399
16.4675
15.7757
15.5983
13.5733
14.1547
15.7757
17.0007
16.5111
17.0007
14.4589
15.0947
15.8024
15.8024
15.4657
13.4497
14.7774
24.0861
23.977
24.0861
15.9953
17.2992
19.1369
13.6875
18.0329
15.8624
19.1369
18.5066
17.9785
18.4324
18.5066
15.2043
18.2122
18.1947
18.2122
17.4464
16.7944
18.5559
17.8916
18.133
13.7288
18.5559
18.489
12.3102
12.3107
14.3193
18.489
16.5181
15.1096
12.8521
16.5181
13.7883
15.341
12.016
12.2419
13.9918
15.341
16.5682
12.5358
12.8462
16.5682
16.4927
23.0795
21.3782
23.0795
19.2545
18.9925
24.7799
24.6442
24.7799
14.8761
16.5146
20.6269
17.4261
15.7492
20.6269
18.1291
21.9245
19.4236
21.9245
18.4683
15.5781
22.9212
13.0621
22.9212
17.0593
22.3553
24.9159
22.7083
24.9159
17.56
18.6552
17.6653
14.8217
15.883
17.6653
16.5249
22.3769
22.3769
22.2282
17.2854
16.6454
18.8269
13.9171
15.2075
16.8541
18.8269
20.8698
19.0413
20.8698
17.8053
17.6857
21.6167
15.3406
13.7021
21.6167
13.666
19.0866
18.7206
19.0866
13.004
14.018
19.2696
16.0721
17.2877
19.2696
16.3538
