14.1188
12.6467
14.1188
12.5736
13.7623
12.2416
12.0607
10.1118
12.2416
11.9726
15.3009
15.3009
12.6898
12.2997
12.0512
2.59069
2.23968
2.28939
2.59069
1.98945
7.91058
7.91058
5.11894
6.54895
4.4838
13.797
9.7866
13.797
11.9577
12.0225
12.6288
12.1686
11.9223
12.6288
12.3342
16.9911
13.2259
16.9911
16.8188
16.7453
8.22486
7.56333
7.43826
7.47686
8.22486
20.5814
13.5624
20.5814
12.2262
12.3564
13.7598
13.5097
12.1973
13.7598
12.875
14.847
14.847
9.25892
5.90201
6.25309
10.3029
10.2892
10.3029
3.56499
3.23318
12.5945
12.1799
12.4024
11.9415
12.5945
12.6599
6.48496
12.6599
10.9642
10.8825
16.3237
12.5761
16.3237
14.7731
14.6287
14.2582
14.2582
12.3401
10.5159
12.1652
9.78128
9.71671
7.58654
9.78128
8.47892
16.7679
12.471
11.3459
16.7679
16.5909
7.27429
7.24845
7.27429
6.63481
7.19297
16.8798
10.9134
16.8798
15.5879
15.5427
8.09132
4.9667
8.09132
3.89627
3.89066
19.2427
19.2427
13.0197
6.99672
8.92317
12.762
12.762
12.7492
5.27754
5.32702
17.9712
12.0426
17.9712
15.2911
15.1671
14.138
14.138
11.7135
12.4529
12.5796
19.2665
16.487
19.2665
16.1073
18.6936
16.5373
15.7185
12.7015
16.5373
16.1189
23.7142
23.7116
23.0342
23.4659
23.7142
21.1742
16.1203
21.1742
14.4229
18.4956
19.5229
19.5229
17.2924
11.0238
11.5647
22.8158
19.4433
17.1842
22.8158
22.7656
22.6791
17.9061
22.6791
17.4199
20.1251
20.4486
12.1212
20.4486
15.2392
15.0794
18.6598
15.0255
18.6598
13.3379
13.0391
16.2748
11.7108
16.2748
14.4014
14.2612
18.4436
12.7307
18.4436
14.0486
14.3305
23.9299
23.9299
19.1717
17.9275
19.1636
24.0885
24.0794
23.0569
23.7627
24.0885
19.2687
17.3211
14.9957
19.2687
19.1551
19.1104
19.1104
19.1011
10.2396
10.3352
20.1123
11.7855
20.1123
15.3617
15.1989
19.8393
19.8184
18.2887
19.6235
19.8393
20.9237
20.9237
19.4181
7.95648
8.46327
24.1599
23.6729
21.1253
24.1599
24.0974
20.265
13.8042
15.9016
20.265
20.2138
20.486
20.486
18.8759
18.9877
19.3704
20.9669
20.9669
16.9867
11.297
11.3829
18.9654
18.9654
16.6013
17.7581
17.8759
18.3648
18.3648
18.3413
5.97085
10.01
