15.1485
13.9329
13.7908
13.1457
15.1485
12.191
12.191
11.4743
10.9756
10.8681
15.8881
12.1802
12.7849
15.8881
13.7851
2.43151
2.43151
2.40245
2.25913
2.05613
6.60445
3.25037
3.16583
6.60445
6.27756
13.2802
7.65204
6.72206
13.2802
12.5749
13.1335
6.60472
7.54993
10.8418
13.1335
18.0602
14.2753
14.523
14.2807
18.0602
8.66626
8.66626
8.2317
8.09089
7.75912
17.3867
13.6973
14.7696
15.7128
17.3867
13.9324
11.9201
12.2444
12.9479
13.9324
13.7162
7.54748
9.15915
13.7162
8.48287
9.34713
8.18789
9.25896
9.34713
8.3721
13.1397
11.5969
11.3
9.77937
13.1397
13.3032
10.843
8.04798
12.9216
13.3032
16.4346
9.32125
9.93301
12.1646
16.4346
14.2644
13.227
13.3602
14.2644
12.6942
9.3464
8.18037
8.2008
8.52778
9.3464
16.4379
13.5612
13.6465
12.8139
16.4379
8.16608
6.41146
8.16608
7.39757
6.68117
18.1961
12.8626
13.448
13.9448
18.1961
7.06239
4.10447
4.50595
5.89989
7.06239
17.7411
12.686
12.4554
17.7411
12.1389
12.4034
9.98124
10.4061
12.4034
10.8711
18.3518
13.458
14.1353
16.2607
18.3518
14.2137
14.2137
13.5341
13.9804
12.7163
18.1072
17.791
18.1072
17.0831
17.1198
16.0417
15.8028
15.0605
14.7395
16.0417
23.4225
23.4225
23.2858
17.8561
21.2467
19.109
16.9523
17.8858
18.074
19.109
17.9823
15.3785
15.3852
17.9823
15.1392
19.3722
19.026
19.3515
16.7628
19.3722
19.163
19.163
19.0831
14.3416
18.189
18.754
16.0441
15.878
13.4
18.754
18.4448
16.1272
16.5944
16.76
18.4448
19.7918
12.306
12.801
12.9378
19.7918
17.8568
15.5044
16.2227
14.9796
17.8568
20.0865
20.0865
20.0394
18.4458
18.1533
22.3771
22.3771
22.1856
16.0945
19.6483
18.3123
17.7054
18.3123
17.7723
18.0328
15.891
12.6514
12.4636
15.7896
15.891
19.695
13.2532
14.176
14.3423
19.695
21.3944
21.3944
21.2449
20.3282
20.9371
16.4129
13.69
14.516
16.4129
15.096
22.0781
22.0757
22.0781
18.5057
20.2974
21.1123
16.5359
17.042
15.9366
21.1123
21.2158
20.6837
21.2158
18.8468
18.8425
18.3475
13.0687
14.0104
18.3475
16.9328
17.2269
17.2269
16.8516
12.5681
16.265
17.7654
13.7891
15.1051
17.7654
15.5703
