14.499
11.7583
14.499
11.7673
13.7677
12.1498
12.1498
10.9142
11.9967
12.1384
15.8199
14.9064
14.1238
15.8199
13.885
2.39922
2.39136
2.37787
2.39922
2.05359
6.86341
6.86341
4.70737
6.25031
4.89664
12.1417
10.2203
12.1417
12.0593
11.9836
13.3414
13.2355
12.4276
12.5495
13.3414
18.2824
13.7763
16.0579
16.2035
18.2824
8.61338
7.27985
7.82894
7.01459
8.61338
19.651
13.8884
19.651
12.8214
13.6523
12.8063
11.9545
12.4001
11.3923
12.8063
13.4118
13.4118
9.58943
12.2924
10.0273
10.2554
10.2483
10.2554
10.1743
10.1816
12.6927
10.9213
12.6927
9.91263
12.2808
12.2426
11.4187
12.2426
12.0433
11.4503
16.8468
15.3399
16.8468
15.8493
16.0285
13.8251
13.8251
12.1381
12.8078
11.9252
8.45483
8.26004
8.32581
8.03069
8.45483
16.7708
16.3007
11.7578
16.3245
16.7708
7.48078
7.37153
7.10732
7.47945
7.48078
17.5675
13.5246
17.3168
16.2885
17.5675
7.37563
5.47153
7.37563
5.26754
6.24521
19.074
19.074
13.9377
17.1421
13.8651
12.9359
12.9359
12.8858
12.7616
12.7529
17.8765
16.597
17.1535
17.8765
17.6434
14.9274
14.1297
12.2247
14.9274
12.9734
19.3578
16.7452
19.3578
13.8322
17.4141
16.7694
16.4363
13.4271
16.2804
16.7694
24.1358
21.2915
24.0076
19.5267
24.1358
21.3617
16.3671
21.3617
12.6591
20.621
20.2567
20.2567
19.6148
17.27
15.07
23.1232
23.1232
17.9178
22.6123
22.8736
23.0754
16.7936
23.0754
15.4025
18.8254
20.9693
14.7737
20.9693
17.8481
17.3129
19.9206
16.9941
18.401
19.9206
16.9288
20.1302
15.3295
16.7355
20.1302
18.8289
18.4639
16.1953
18.4639
16.2793
15.2735
22.1533
22.1533
19.0035
13.069
18.8688
24.345
20.6156
24.2662
18.419
24.345
21.7841
19.6509
14.919
21.504
21.7841
19.3006
19.0548
19.3006
18.6238
17.215
19.343
15.3583
19.343
15.3466
15.2328
20.8084
18.9542
19.1728
17.2424
20.8084
18.2243
18.2243
18.086
16.6255
16.2171
24.9205
23.6415
22.1301
22.0741
24.9205
24.9276
18.8503
16.0919
23.3358
24.9276
24.9269
24.9269
18.8652
16.4438
19.5068
24.9162
24.9162
16.4632
20.4609
12.9289
17.7404
16.7054
17.6272
14.207
17.7404
22.1806
21.8319
22.1806
17.8291
17.6156
