15.0765
11.7926
14.2935
11.7244
15.0765
12.3033
10.6666
8.15346
11.0433
12.3033
13.1804
13.1804
12.5438
8.11074
10.5669
2.47981
2.3061
1.32704
2.47981
1.98682
6.23717
5.3965
5.85166
3.78408
6.23717
13.6369
13.6369
11.7491
6.90647
6.91171
13.8598
9.79546
13.8598
6.33817
11.7224
18.4336
12.1968
18.4336
10.626
16.7956
7.87082
7.03327
7.49835
7.16189
7.87082
17.3401
12.0037
17.3401
10.7676
13.2399
13.8657
13.0016
10.0909
13.1203
13.8657
11.524
11.524
9.22257
5.55006
6.44967
10.1096
10.1096
10.0947
6.05556
5.06769
14.2768
12.7566
13.1564
13.0357
14.2768
9.85985
9.4736
9.85985
5.90426
6.13666
16.123
10.8448
16.123
8.37988
9.77447
13.3152
13.3152
11.5116
13.2732
11.8662
9.8001
9.74742
6.67862
9.77901
9.8001
12.7755
10.4388
12.7755
12.732
11.5256
7.25094
6.96914
6.94235
7.25094
7.23356
17.8447
10.5142
17.8447
8.70695
14.1331
5.90337
4.78246
5.90337
4.01399
3.14418
15.337
15.337
12.6061
8.21219
7.85408
12.8337
11.0068
12.8337
6.80058
5.85767
14.8877
12.6778
14.8877
9.82551
9.72525
12.7279
12.0393
9.58267
12.7279
11.2943
18.6295
15.2701
17.2664
14.4862
18.6295
14.5998
11.3198
9.8431
13.1046
14.5998
20.877
18.2025
17.0235
18.5514
20.877
20.6172
15.7678
20.6172
12.7166
19.1208
19.2886
19.2886
17.7894
12.0417
12.0023
16.6942
13.4046
11.9786
15.6811
16.6942
20.2355
14.5395
20.2355
14.1286
18.5597
17.9722
9.31283
17.9722
9.13818
14.0345
15.7708
13.6562
15.7708
10.1871
14.4537
16.5016
10.7298
16.5016
6.96912
11.0664
18.3102
13.2201
18.3102
11.1407
15.3665
21.597
21.597
15.1352
16.4157
17.6235
21.627
18.4653
16.8586
18.5744
21.627
14.934
13.4924
13.7105
14.934
14.4723
17.7545
17.7049
17.7545
11.2011
15.3765
15.8597
10.9708
15.8597
8.8536
12.4789
20.0311
17.5799
13.0447
20.0311
19.1734
17.8009
16.8166
17.8009
8.60874
10.9341
19.7491
18.2523
14.5539
19.7491
19.684
17.0348
11.295
17.0348
11.0244
12.5438
18.8524
18.8524
14.3718
15.485
16.5496
17.8621
17.8621
12.6582
7.91361
12.5784
20.9109
20.9109
11.3882
19.7635
18.5775
24.9165
24.8991
24.9165
10.4621
14.2011
