13.7896
13.3686
13.7896
9.68055
12.603
11.5681
11.5681
11.099
9.92558
10.9678
15.7962
15.1622
11.2019
15.7962
12.9791
2.3804
2.15373
2.15305
2.15242
2.3804
7.48613
7.48613
4.91981
5.11192
5.32162
12.7832
11.3118
12.7832
10.7522
12.6749
13.0511
11.6169
11.6715
9.98185
13.0511
17.7955
15.4349
16.905
14.0379
17.7955
7.89806
7.42241
7.81532
6.37818
7.89806
17.7346
15.5623
13.5138
17.0837
17.7346
12.9282
12.2297
12.2654
11.2169
12.9282
14.5644
14.5644
9.60582
10.1981
11.0405
10.8588
10.8311
10.8588
10.2145
10.2428
13.7547
13.7547
12.6263
9.49307
12.3524
12.3937
9.87385
12.2476
9.98904
12.3937
15.5956
15.5877
15.5956
12.538
15.4611
14.0129
11.8193
11.5453
14.0129
13.8431
9.77046
9.77046
8.3799
8.20795
8.71639
18.0643
18.0643
16.6759
14.9873
17.0597
7.58025
7.22649
7.24845
7.54009
7.58025
16.6865
16.5517
16.6865
14.0373
16.3498
7.40901
4.96595
7.40901
5.31781
5.73026
18.6295
18.6295
13.11
15.7063
14.054
12.6369
12.6369
12.578
12.6267
12.5929
17.8374
15.7761
17.8374
15.3306
16.7936
15.1568
14.0028
12.3325
14.5346
15.1568
18.7623
17.4893
18.7623
14.6999
17.9196
16.9528
16.9528
16.033
12.9165
13.9585
20.8656
19.7856
20.8656
14.2369
17.7892
21.3868
15.5444
18.7775
14.3015
21.3868
20.9072
20.9072
13.7427
20.2615
18.5057
22.3298
21.3904
22.3298
16.5296
19.0277
22.4887
22.4887
22.1717
14.0282
16.0035
20.7822
20.6751
20.7822
13.7011
16.9194
18.0748
18.057
18.0748
14.0546
17.2361
15.4457
15.3631
15.4457
12.3163
14.9
18.4591
18.1543
18.4591
15.5956
14.7256
18.4016
17.9767
18.0921
18.4016
17.5682
20.2327
18.5777
20.2327
12.6326
16.7527
20.9231
17.725
20.4765
20.9231
20.2273
19.512
18.0561
13.4489
19.4091
19.512
20.1937
13.9497
14.6886
17.7629
20.1937
18.8836
18.4014
18.8836
17.0405
18.0641
20.0761
20.0761
19.1554
17.7041
19.2575
22.5637
21.7859
22.5637
16.4427
19.9991
20.5305
16.9412
20.3889
17.0783
20.5305
17.8793
17.6519
16.8705
16.7029
17.8793
18.9108
18.9108
15.7166
17.2453
17.5756
15.8934
15.3962
15.6761
11.7315
15.8934
19.9371
19.9016
18.0802
19.9371
19.8743
