14.1498
12.6952
14.1498
12.7075
14.1327
11.9182
11.5496
10.4302
11.8555
11.9182
14.2026
14.0603
12.2563
14.2026
12.2561
2.14782
1.9899
2.13431
2.14683
2.14782
7.91162
7.91162
5.4268
7.74035
6.0901
15.7856
15.7856
14.1761
13.3641
12.1312
12.791
12.791
11.8327
12.3625
12.5863
16.8382
12.3591
16.8382
15.1129
16.696
8.07756
7.35614
7.35443
7.76951
8.07756
19.9455
13.7764
19.9455
11.4749
13.0277
13.0194
12.5556
12.8216
12.6156
13.0194
14.745
14.745
9.26206
14.6065
9.58899
10.853
10.3474
10.3597
10.8329
10.853
12.9069
11.4548
12.9069
11.5332
12.5468
12.9695
11.1813
12.9695
10.4675
10.6642
16.5666
13.569
16.5666
14.8426
16.0041
14.0594
14.0594
11.7772
12.0198
11.8179
8.90193
8.36121
8.84543
8.41687
8.90193
17.3819
15.3067
11.2897
17.3819
16.8643
7.41393
7.20733
7.26821
7.41393
7.32883
17.3208
12.3961
17.3208
14.2471
16.4868
7.92148
5.27004
7.92148
4.96129
5.53061
18.8965
18.8965
13.1004
17.9843
12.5017
12.0277
12.0277
12.008
11.9127
11.9609
17.5794
13.2913
17.5794
14.4526
16.2882
14.1745
13.6968
10.9959
14.1745
12.6618
19.2286
16.0203
19.2286
15.9255
19.058
17.303
14.4493
12.9753
15.6403
17.303
23.8721
23.5164
23.3757
23.5738
23.8721
21.5557
15.4071
21.5557
15.1254
20.191
20.2653
20.2653
18.9391
18.733
17.0217
22.4411
18.5977
17.0299
22.4411
22.4138
22.6532
17.4974
22.6532
17.512
21.4782
20.5538
12.0461
20.5538
11.8803
16.4285
18.3922
15.1856
18.3922
15.6247
14.9565
17.1982
12.2308
17.1982
13.4392
14.8964
18.2186
13.0237
18.2186
12.2374
16.6249
23.7541
23.7541
19.6782
18.5505
19.4317
24.4584
24.1546
24.0571
24.2161
24.4584
20.853
17.7545
15.6044
19.9354
20.853
18.3687
18.3687
18.3657
16.3825
16.5032
19.2416
13.2695
19.2416
13.2053
13.2932
20.5164
18.9858
19.1422
19.9242
20.5164
19.1736
19.1736
18.2054
14.0296
14.5861
24.0651
22.8487
21.5451
24.0651
24.0167
20.3862
16.1058
16.2164
17.9011
20.3862
19.5576
19.5576
18.055
18.61
18.8261
20.5767
20.5767
16.1969
20.1821
12.4025
18.1493
18.1493
17.8183
18.0877
18.1362
19.271
19.271
19.2684
18.4649
18.5047
