16.8441
8.93707
15.0527
12.3877
16.8441
13.753
9.28686
7.96589
13.753
13.0533
16.1113
16.1113
14.927
8.81255
9.96487
2.80339
2.14626
2.1212
2.80339
1.80145
7.62068
7.62068
7.21985
3.96288
4.99423
16.9324
16.9324
14.9788
9.70134
11.5734
15.941
12.6221
15.941
9.15614
12.2899
18.3519
12.5501
18.3519
12.0329
15.2915
8.66212
5.97511
7.73913
8.62211
8.66212
19.2882
13.8484
19.2882
10.9754
11.6078
13.546
12.1109
11.6324
13.3304
13.546
13.8395
13.8395
9.39
9.87798
8.9796
9.43771
9.43771
8.94292
6.5967
5.71874
12.847
10.2032
10.533
11.6072
12.847
12.4037
11.3182
12.4037
9.00244
10.4093
18.5286
13.8244
18.5286
13.545
17.6163
14.3539
14.3539
12.8884
13.6633
13.0177
9.31008
6.95583
7.29683
7.88914
9.31008
12.9663
11.5904
12.8313
11.769
12.9663
7.69704
7.69704
6.8574
6.92441
6.82884
18.3881
12.8905
18.3881
11.5148
14.7511
7.35358
4.86738
7.35358
3.91161
4.39129
17.4656
17.4656
13.481
10.9371
10.3472
11.715
11.715
11.5351
8.22742
7.49582
18.4745
14.8632
18.4745
14.1279
16.07
13.3263
12.1951
11.3469
12.4897
13.3263
15.1148
13.2628
14.7489
14.4813
15.1148
14.8845
9.00215
13.4533
13.4705
14.8845
20.2574
15.3639
15.9309
19.3818
20.2574
19.7046
16.3938
19.7046
15.0488
17.9825
18.4651
18.4651
18.2087
14.0713
14.3529
18.6656
11.1754
15.5384
15.9199
18.6656
16.2468
13.6316
16.0183
13.7468
16.2468
17.6896
12.1011
17.6896
11.3655
17.3016
18.1438
16.154
18.1438
12.2173
14.8942
20.876
14.0798
20.876
12.1918
16.9977
16.8041
13.3347
16.8041
11.3806
12.887
20.8607
20.8607
20.3397
19.5909
19.6048
20.3952
14.8865
14.7411
19.6672
20.3952
14.717
12.6627
14.5216
13.0304
14.717
18.8913
18.8913
17.0897
13.1953
11.7138
17.9475
13.6101
17.9475
13.0389
11.7071
17.1736
13.0805
12.3096
16.0411
17.1736
18.0095
18.0095
17.5864
11.4158
9.83735
20.2907
14.4025
13.8992
18.5137
20.2907
18.6951
14.3552
18.6951
14.1132
16.1698
18.4157
18.4157
18.4139
17.3079
17.6534
20.9899
20.9899
15.8128
9.2869
13.669
17.6898
14.2941
13.438
17.6898
17.408
20.1381
20.1381
19.3541
10.1095
10.0705
