15.2607
13.5207
13.8025
9.89683
15.2607
11.8051
11.5035
9.12889
8.83925
11.8051
14.7264
14.7264
14.1961
13.8658
12.6899
2.37996
2.37996
2.17361
2.22819
2.21701
7.90385
7.17431
5.2162
7.90385
7.38359
14.3332
14.2448
12.7562
13.1609
14.3332
12.7279
11.2079
11.0574
12.71
12.7279
16.8736
15.8697
16.8736
12.7068
16.4129
8.31097
7.58796
7.80757
5.15776
8.31097
19.83
18.5576
19.83
11.8743
16.8613
12.5626
11.5901
10.886
9.51444
12.5626
12.5398
11.9843
10.5051
12.4931
12.5398
10.7561
10.7468
10.7561
10.2613
10.2617
13.6329
13.0714
11.8695
9.06279
13.6329
12.1194
11.4314
12.1194
10.2547
11.3424
16.2978
15.5635
15.6638
13.6918
16.2978
13.7168
13.7168
11.2113
11.8912
11.4218
8.78751
8.78751
6.60997
8.16686
8.47225
17.1999
16.6458
11.484
13.6238
17.1999
7.32773
7.27068
6.90686
7.24845
7.32773
16.8828
16.8828
16.8452
13.9548
15.66
7.20646
7.20646
7.05912
7.14052
6.88616
15.2754
13.6384
12.967
15.197
15.2754
12.8898
12.8898
12.847
10.643
10.5974
17.6202
16.1533
17.6202
15.574
15.456
15.7357
15.7357
10.0322
13.4363
11.292
18.9789
17.7205
18.7239
14.3408
18.9789
16.5245
15.4543
11.0505
11.3738
16.5245
23.6316
21.3408
20.417
14.6953
23.6316
20.2086
14.7031
19.3764
15.0817
20.2086
19.8463
18.3547
17.033
19.8463
18.0364
22.3002
21.4905
14.4499
13.5141
22.3002
22.7926
22.6259
22.7926
13.6174
22.4669
20.5671
20.5671
20.4206
14.7542
16.93
18.1258
17.6865
17.6572
18.124
18.1258
16.9001
15.7543
16.9001
14.9661
15.3253
17.8287
17.8287
17.7333
14.7987
16.4772
19.2412
17.7185
18.6711
12.6261
19.2412
24.4009
20.9273
19.933
12.7137
24.4009
19.5459
19.1541
15.0633
17.6248
19.5459
18.6407
17.9712
18.2096
18.6407
18.6331
18.5243
18.2898
18.5243
10.607
18.2597
19.8366
18.3664
14.5391
14.8067
19.8366
18.191
18.1317
18.191
15.9172
15.9371
23.6551
22.7279
17.6376
15.4181
23.6551
19.2217
17.1637
16.7754
16.5283
19.2217
18.0014
17.0128
16.527
15.6232
18.0014
17.1264
15.3581
15.244
17.1264
17.0605
17.7798
15.8042
13.4667
11.1664
17.7798
17.0643
17.0643
16.9885
16.8555
16.8385
