13.6066
11.916
11.169
12.907
13.6066
13.2304
11.5794
10.3888
12.9532
13.2304
14.6614
14.6614
13.9681
5.64479
4.78764
2.87217
2.87217
2.29257
2.31835
2.00639
6.62114
6.47488
6.62114
3.41339
1.9017
13.2121
10.063
13.2121
4.32603
3.52643
14.2988
12.4455
14.2988
5.67079
4.14497
21.9273
13.246
21.9273
10.5267
11.4697
9.9677
8.0549
8.89117
8.17828
9.9677
17.4182
12.7446
17.4182
5.10505
5.87465
14.7942
14.3305
13.7869
14.7942
14.5281
14.0171
14.0171
8.47362
5.51224
4.21091
9.11985
9.11985
7.95753
2.93415
3.14533
13.0642
12.2234
12.7649
12.5794
13.0642
13.4419
8.29344
13.4419
4.92493
4.76166
17.0602
12.7181
17.0602
6.89273
4.56924
14.4301
14.4301
12.6583
10.5466
10.5028
9.62199
9.44771
9.01352
9.62199
9.48891
14.4518
12.6481
14.4518
10.8701
10.6716
7.66169
7.65201
7.66169
3.54336
5.11358
17.9921
12.1322
17.9921
8.1304
6.45292
6.71343
6.11789
6.71343
2.88864
3.13529
16.3529
16.3529
11.1763
6.03867
6.79789
12.0892
12.0892
9.5478
3.76264
4.41395
18.1227
11.6821
18.1227
9.98406
8.30963
15.308
15.308
12.2096
11.3097
12.2475
13.6961
12.4742
13.6961
9.65048
10.0861
12.8813
10.4562
12.8813
12.7049
12.0519
16.2754
16.045
15.0193
16.1915
16.2754
20.8061
16.1919
20.8061
13.3798
14.3809
18.9111
18.9111
14.6344
7.5891
8.41337
14.5963
13.4905
14.5963
12.7041
12.8222
17.0954
13.9998
17.0954
14.0073
14.5058
18.2793
11.9345
18.2793
9.49856
10.2187
18.7475
14.1197
18.7475
8.12284
8.12412
18.7294
12.0425
18.7294
6.13935
5.89312
15.6735
12.3582
15.6735
10.2874
10.6096
17.872
17.872
13.8868
13.1996
13.0508
16.4791
15.9101
14.5964
16.2242
16.4791
16.5301
14.8143
16.5301
11.4666
11.5759
18.1143
18.1143
15.4045
7.29783
8.3581
17.6932
11.7293
17.6932
7.47622
8.43578
15.3762
13.0896
14.2374
15.3762
15.0368
18.2506
18.2506
14.0312
5.96965
7.5314
15.7551
15.2464
14.5851
15.6145
15.7551
19.2818
13.7796
19.2818
9.56966
8.77383
18.1649
18.1649
15.2312
13.1736
13.9827
16.729
16.729
13.6563
6.02716
7.00125
16.6083
16.6083
15.1875
16.4421
16.5322
17.7906
17.7906
16.3193
3.73677
4.67122
