15.5112
9.647
12.1807
11.815
15.5112
13.7525
12.486
10.6315
13.7525
12.5721
15.4302
15.4302
13.3194
14.4373
11.9692
2.52159
2.52159
2.28129
2.39156
2.33285
7.39911
7.3416
6.63497
7.39911
6.43238
14.8778
14.8778
13.6963
13.7464
13.8263
14.026
12.3332
14.026
12.014
12.7813
17.9758
13.3022
17.9758
12.4085
16.0448
8.78279
6.75299
8.56078
7.32137
8.78279
22.9128
13.5942
19.1891
13.7579
22.9128
13.9084
11.7102
13.0997
13.9084
12.9979
15.2634
14.3075
9.35663
15.2634
7.86992
10.1669
10.1669
10.1537
10.0603
9.06973
14.2286
10.6582
11.5259
11.3861
14.2286
13.0883
12.2007
13.0883
12.0092
11.5272
18.7899
14.1581
18.7899
12.601
14.2299
13.4073
13.108
13.1769
12.8074
13.4073
9.60229
8.65105
8.83794
8.84553
9.60229
18.8367
12.5709
11.7178
12.1034
18.8367
7.7133
7.33211
7.7133
7.61251
7.05691
17.1341
12.2415
17.1341
11.9404
15.8094
7.85449
6.08849
7.85449
5.89694
6.87494
17.8186
17.8186
12.4104
17.5843
11.3997
12.6388
12.6388
11.6554
11.673
10.3814
16.8981
13.3762
16.8981
13.3193
15.8819
16.0453
14.068
16.0453
13.9525
14.2883
16.7912
15.2083
15.9566
12.3563
16.7912
14.1489
14.1489
12.0612
12.7908
13.7308
16.5985
13.235
13.4345
13.9148
16.5985
20.1116
15.4548
20.1116
14.0694
18.6991
18.2034
18.2034
17.4999
15.1537
14.1507
18.0953
13.76
12.8793
12.7199
18.0953
18.1437
11.9415
16.2514
11.4708
18.1437
17.4761
11.6531
16.1336
11.4224
17.4761
14.8898
14.7804
14.8244
14.8898
14.8125
17.2259
12.4867
17.2259
11.9779
15.2528
18.0131
12.4272
15.2469
12.3886
18.0131
18.2181
18.2181
17.4403
16.9438
17.5473
17.1655
12.296
12.8555
13.7072
17.1655
17.5846
12.5755
14.5353
15.5887
17.5846
17.7854
17.7854
14.8686
13.8375
11.4776
20.17
13.452
18.2224
11.8901
20.17
17.1068
13.9439
15.4265
12.6206
17.1068
18.7294
18.7294
17.9013
14.8906
13.7146
18.6449
13.7192
13.7865
14.1475
18.6449
16.2183
14.2207
16.2183
11.9463
16.0396
17.018
16.966
17.018
15.5385
16.5235
19.1714
19.1714
14.3577
18.8221
12.6629
15.5722
11.6654
12.1502
13.8874
15.5722
17.8857
17.8857
15.6528
11.5457
10.209
