14.5074
12.2961
13.6035
14.4674
14.5074
13.8377
11.3402
10.5811
13.8377
13.5225
15.5353
15.2482
15.5353
8.824
7.97493
2.66024
2.32773
2.29525
2.66024
1.96327
6.79899
6.79899
6.27082
4.46092
5.66071
11.4497
9.7826
11.4497
7.69142
6.14338
9.5985
8.89985
9.5985
7.44024
8.00688
15.9706
13.2429
15.9706
11.4059
13.645
9.22878
7.18273
8.17464
8.32781
9.22878
20.1616
14.6729
20.1616
9.73869
10.1996
15.9422
15.9422
12.4959
15.435
12.8154
12.7825
12.7825
9.88658
4.08218
6.7091
10.4652
10.4652
10.4258
3.64974
4.94959
11.9483
11.0639
11.519
11.9064
11.9483
11.6061
7.98281
11.6061
7.35168
7.97461
13.7294
9.12361
13.7294
9.77914
9.861
15.216
15.216
12.3967
12.272
12.524
9.25403
9.23755
7.38982
9.25403
8.60228
14.5511
10.4782
12.444
13.8276
14.5511
7.23437
7.23437
7.20605
5.92633
6.48437
15.441
10.8756
15.441
10.3046
12.8534
7.10104
5.54219
7.10104
3.2912
3.13778
17.604
17.604
13.6762
6.74964
10.4406
12.7268
12.7268
12.5704
5.55964
6.8569
16.5547
9.79586
16.5547
11.7477
13.0789
13.7468
13.1774
11.0654
13.1073
13.7468
18.443
15.2104
18.443
15.3539
17.082
15.7629
12.2989
13.2811
15.5992
15.7629
22.7083
18.8259
21.7792
21.3746
22.7083
19.8467
16.4963
19.8467
15.145
16.4051
20.0302
20.0302
18.5653
11.6202
14.191
20.1483
14.639
17.2873
18.1386
20.1483
19.9219
15.1171
19.0435
15.6838
19.9219
17.0874
10.6707
17.0874
11.8497
16.3613
18.276
14.3336
18.276
11.2096
13.6687
14.6489
9.58367
14.6489
9.30019
10.7418
16.5746
13.3574
16.5746
11.3149
14.183
21.0524
21.0524
19.1251
18.0451
18.964
21.9177
18.6455
21.2297
20.8217
21.9177
17.3628
14.1546
15.0174
17.3628
17.0728
17.6618
17.6618
17.3922
10.5412
12.1043
18.5518
13.9864
18.5518
11.7279
12.0396
18.8292
17.4766
16.5363
18.674
18.8292
19.6351
19.6351
19.3686
9.39901
10.3009
21.7399
18.457
20.9504
20.974
21.7399
16.0759
12.5321
16.0759
13.6162
15.7202
19.0845
19.0845
18.3406
18.2516
17.6784
18.2332
18.2332
16.0432
7.90971
11.3737
16.4413
15.8736
15.4249
16.4413
16.2069
18.7913
18.7913
18.1901
7.33271
7.754
