15.8697
10.9205
15.8697
13.3804
14.6203
13.3237
11.402
10.8428
13.3237
11.6861
17.2343
17.2343
14.5171
8.77359
7.34537
2.31599
2.31599
2.28219
1.98501
1.75791
7.34605
7.34605
6.59876
5.77003
6.01272
14.2686
10.1621
14.2686
8.73616
5.87363
13.4745
11.3488
13.4745
9.69776
5.80637
16.5484
14.4315
16.5484
13.3331
13.5994
8.96379
6.68197
8.94021
8.40237
8.96379
20.4578
14.6783
20.4578
9.43664
9.03839
14.7876
12.9144
12.4907
14.7876
13.519
15.9389
15.9389
8.979
7.35181
6.98747
10.0292
10.0292
9.48574
4.54491
6.26316
12.6707
11.7878
12.6707
12.1653
12.4027
12.6104
10.8583
12.6104
8.40784
6.15869
17.5905
12.1519
17.5905
13.7297
9.78398
14.6453
14.6453
13.6159
12.7499
11.5955
9.63435
8.65471
8.39016
9.63435
9.50491
16.9876
12.9341
16.9876
12.48
11.4419
7.26239
7.26239
7.25178
5.3279
5.92576
17.4252
12.9448
17.4252
12.8745
10.35
8.13582
5.7884
8.13582
3.90247
2.93016
18.8643
18.8643
12.2974
9.37347
10.834
13.0496
13.0496
12.4093
6.78628
7.45684
17.5337
11.9522
17.5337
13.9843
12.4063
14.599
14.1921
12.9154
12.3937
14.599
17.6797
13.7759
17.6797
13.8867
16.1019
14.4462
12.7362
13.2982
14.4462
13.9514
20.7737
15.3512
19.3283
18.4288
20.7737
17.5205
14.7103
17.5205
15.098
15.1652
17.6944
17.6944
14.2605
11.331
11.9398
17.7705
15.0028
17.7705
16.4453
16.8737
17.3061
15.2705
17.3061
14.9458
16.344
19.048
13.7425
19.048
13.8434
13.9102
17.4816
15.0847
17.4816
13.776
12.4465
17.2813
12.8949
17.2813
13.5301
10.4467
19.2621
12.7488
19.2621
12.2268
12.2927
18.1208
17.9733
18.1208
16.2028
17.8489
20.8232
15.2583
18.5475
18.8511
20.8232
16.276
14.219
16.276
12.8359
15.0116
16.1848
16.1848
15.2113
9.93429
11.5599
19.7142
12.6151
19.7142
12.2645
9.95851
18.0019
14.5822
15.8878
16.6418
18.0019
17.8286
17.8286
15.718
10.0207
10.9676
19.2818
14.6234
18.2706
17.4951
19.2818
16.1378
15.53
16.1378
14.0137
14.1225
18.4303
17.5699
18.4303
16.4051
16.7632
20.6426
20.6426
16.5276
10.9953
10.0063
17.8896
15.1677
17.2571
17.8896
17.8745
20.0915
20.0915
16.9148
7.98968
8.62692
