12.6764
8.82883
10.9517
9.92943
12.6764
12.1703
10.6093
10.6933
11.9414
12.1703
15.8094
15.7315
14.1251
15.8094
14.4488
2.2456
2.2456
1.81505
1.98682
2.19433
7.42922
7.42922
7.03765
5.0149
7.02703
12.1256
12.1256
11.6819
8.05062
11.9159
11.2931
11.2931
11.211
7.44926
10.4815
16.1644
14.5424
16.0817
13.27
16.1644
8.00704
5.90959
7.70264
6.43442
8.00704
18.3134
18.3134
18.0345
14.1009
12.5479
12.2901
11.6682
9.31559
11.7193
12.2901
13.4454
13.4454
12.8999
8.9145
13.1667
10.9539
10.869
10.9539
8.36593
9.43372
12.2391
6.95214
10.1621
9.49305
12.2391
11.6881
10.1658
11.6881
8.35696
11.0938
14.8592
12.1895
14.8592
9.61686
13.2274
16.0828
12.8928
11.7176
16.0828
12.5336
8.26214
6.55903
6.13032
6.60141
8.26214
17.8727
15.1419
16.6396
10.8179
17.8727
7.11066
6.99289
7.11066
6.85077
6.59527
17.0077
12.9949
17.0077
11.3351
14.9102
8.23314
7.59374
8.23314
4.41653
5.52396
17.2474
17.2474
11.8769
14.2815
16.5114
12.5094
12.5094
11.3518
11.2392
12.1163
16.2631
13.6784
16.2631
9.855
15.9135
15.3341
15.3341
10.9286
13.2412
11.6817
15.905
13.2277
15.2675
13.2938
15.905
13.9741
13.1008
12.9935
11.5045
13.9741
17.5562
12.0192
14.9622
13.7301
17.5562
18.3993
13.6691
16.39
15.3242
18.3993
15.9484
15.9484
11.016
15.4512
13.989
18.6527
15.3301
17.9953
13.438
18.6527
16.8008
11.3463
15.0507
11.6769
16.8008
17.7141
12.0288
17.7141
10.3801
16.2929
18.652
15.3812
16.9411
13.5055
18.652
17.4256
13.4182
17.3406
9.66049
17.4256
15.5213
13.0856
14.787
13.5196
15.5213
17.0385
13.933
15.2199
17.0385
15.7982
16.7004
9.56953
12.7119
12.3681
16.7004
18.939
18.8962
16.8807
13.3728
18.939
17.4835
15.0342
11.3136
17.4835
16.8488
15.135
15.115
15.135
12.0989
15.0671
16.888
13.8765
14.6145
11.8047
16.888
16.4802
16.4802
12.2831
16.471
16.1401
16.9653
13.614
16.2544
13.9421
16.9653
18.3706
15.5334
18.3706
13.107
18.2755
16.9039
16.7413
15.1293
16.9039
16.258
17.7917
17.7917
14.453
14.3435
16.3669
14.5007
8.55228
11.1142
11.5701
14.5007
16.0558
14.7419
11.0328
16.0558
15.4345
