13.6876
8.5653
11.6773
7.94308
13.6876
9.57827
8.89641
7.91924
9.57827
3.804
1.98955
1.94621
0.995956
1.9872
1.98955
5.03157
5.03157
4.3378
4.97108
2.09181
12.4531
10.5043
9.72751
12.4531
11.0796
17.0407
13.8424
17.0407
14.3182
13.85
15.3982
12.0555
11.3822
15.3982
11.2617
15.8356
12.0777
11.2975
15.8356
11.6167
17.3281
15.3211
16.8332
17.3281
11.711
16.3792
14.4585
13.577
16.3792
12.4842
14.7248
14.7248
14.0068
14.3625
14.4399
18.9371
12.6702
8.81847
18.9371
9.08282
16.5129
10.3501
13.0996
11.2611
16.5129
18.0786
14.6497
12.4536
18.0786
11.342
12.1058
11.1257
6.54158
12.1058
11.8957
15.5728
11.0507
11.8977
15.5728
11.5497
13.4078
9.91066
8.41774
11.3685
13.4078
17.235
12.7712
17.235
13.3234
11.2634
17.5664
15.8787
12.6578
17.5664
11.6932
18.5363
16.2701
12.7013
18.5363
11.6754
16.0043
12.8815
12.5254
16.0043
12.0533
19.6739
14.206
12.743
19.6739
10.5711
17.2626
13.7774
17.2626
15.9021
13.7162
17.6808
16.0605
16.8874
17.6808
14.8034
7.69393
6.36516
7.69393
5.73013
4.11516
14.6622
13.6097
13.6254
14.0575
14.6622
16.6811
14.228
14.5129
16.6811
11.7465
13.6294
11.4925
10.4717
13.6294
10.5901
16.2033
13.1329
14.8803
16.2033
14.08
10.9429
7.74948
5.06382
10.9429
9.34103
17.8603
16.2071
17.8603
16.85
11.967
16.3765
12.3625
8.23278
16.3765
15.3821
15.9536
12.4843
12.2094
15.9536
9.06047
17.2303
14.9811
13.0403
17.2303
11.7302
14.961
13.0959
11.2879
14.961
14.2088
10.3017
9.32227
5.75442
10.2615
10.3017
18.8184
16.8262
13.5931
18.8184
12.5014
13.5956
11.6176
13.0335
13.5956
13.4241
17.9192
13.1092
15.3809
17.9192
14.3776
13.8733
10.3485
10.379
13.8733
13.4084
13.3743
12.3169
7.53514
13.1926
13.3743
13.2747
9.73809
7.00362
13.2747
12.4697
12.9081
9.34986
11.7024
12.9081
4.06671
14.2388
14.2388
12.9675
14.083
11.3602
18.3474
17.2037
17.1568
18.3474
13.3132
13.6942
11.428
9.55264
13.6942
13.3793
14.94
13.7204
13.5036
13.7782
14.94
15.4532
11.9583
12.4865
15.4532
11.6123
20.4793
18.0384
16.6939
20.4793
12.0721
14.4334
11.3832
7.28287
14.4334
13.1171
