15.1275
12.373
15.1275
10.3596
6.84963
10.3422
6.92272
3.64987
10.3422
4.42402
1.9901
1.9901
1.98662
1.90038
1.98002
5.15764
3.76289
1.78257
5.15764
5.04856
12.7809
10.2756
8.6959
12.7809
10.9699
17.8645
15.6785
12.8002
17.8645
12.4072
14.6054
10.2864
5.56165
14.6054
6.37554
15.408
12.7922
12.3241
15.408
14.8261
19.2371
18.7548
11.92
19.2371
10.268
15.6829
15.6829
10.9734
14.5365
11.1298
16.3245
12.2981
16.3245
13.0559
15.7704
13.0432
9.75748
10.3953
13.0432
10.6392
20.9343
10.2281
13.6429
11.2992
20.9343
16.821
12.027
11.2442
16.821
14.2272
12.4791
11.8949
12.445
12.0792
12.4791
14.7064
13.318
9.6689
14.7064
9.74112
12.376
4.95251
7.30838
11.3125
12.376
16
16
12.2343
15.4239
9.21414
13.5665
13.5665
8.93676
13.3219
11.8233
17.5034
12.2129
8.65494
17.5034
11.1773
17.4632
9.80971
10.8438
17.4632
12.3745
17.5605
11.4862
9.47356
17.5605
12.5792
18.4712
18.4712
12.254
18.3071
9.93068
15.6992
15.4229
15.5108
15.6992
12.6695
7.94272
7.55716
7.94272
7.13973
2.93043
18.7785
13.3958
18.7785
14.0509
14.601
14.7093
13.1073
9.63923
14.7093
11.4828
11.6816
10.6202
11.1169
10.8837
11.6816
18.6561
18.6561
11.3806
14.6948
10.2794
11.2965
11.2965
9.74967
9.77771
9.53609
18.3689
18.3689
12.4585
18.3662
8.42915
19.997
12.4732
14.8378
16.764
19.997
16.7929
9.8712
4.69025
16.7929
7.55777
17.0964
9.86734
8.83471
17.0964
10.9587
15.7168
11.1668
13.7427
15.7168
14.5371
9.71242
9.42343
9.71242
9.61971
9.57631
16.9395
13.4252
11.2069
16.9395
13.1704
16.2352
16.2352
13.5158
13.8639
15.7628
13.6733
13.6733
10.9563
13.4151
11.1798
14.9357
12.9535
14.5409
14.2258
14.9357
14.4116
12.7108
13.3419
13.3474
14.4116
17.1311
13.7645
14.1504
14.7248
17.1311
13.1821
9.26348
2.62184
13.1821
4.16283
14.4668
9.8839
8.80907
14.4668
10.6432
18.2658
18.2658
12.9775
17.0148
10.0046
16.217
12.2506
14.4576
13.6123
16.217
17.4749
10.8877
17.4749
14.5622
15.6364
16.8177
10.2098
10.0921
16.8177
10.482
16.9184
16.9184
10.331
16.6771
11.3209
16.447
11.0006
15.4359
14.7656
16.447
