14.8766
9.64287
9.84453
10.459
14.8766
9.26799
9.26799
8.69128
8.69208
3.14188
1.98904
1.76018
1.30619
1.98904
1.98594
5.6106
5.6106
4.9449
4.48656
1.59873
12.1233
10.5822
12.1233
11.8627
11.5165
16.6918
16.6918
16.2267
16.6596
14.6
15.9555
12.7399
15.9555
15.6675
7.70087
17.1573
13.0519
12.4202
17.1573
17.03
18.7109
12.941
18.7109
16.9749
12.8107
18.0853
16.9129
18.0853
17.2537
18.048
19.096
14.5531
14.343
16.0011
19.096
14.4359
13.1302
9.9551
14.4359
10.266
15.9123
13.9377
14.807
12.1874
15.9123
22.9273
15.577
12.3114
22.9273
14.1456
12.51
11.6843
10.4124
12.3544
12.51
16.1409
12.9255
13.65
16.1409
9.07805
13.2522
10.6037
13.2522
11.8439
10.0342
16.1725
16.1725
16.1386
12.608
10.2996
19.4731
15.4353
15.8315
19.4731
12.2829
20.2796
14.6289
19.135
20.2796
11.8544
17.2136
15.0998
16.398
17.2136
12.5499
20.421
15.0338
16.1309
20.421
11.7906
19.8821
17.7822
19.8821
16.535
16.1939
17.9277
15.681
15.9324
15.9549
17.9277
7.90211
7.10105
7.90211
5.86752
1.64575
21.6057
14.8736
14.534
17.2772
21.6057
21.06
15.3783
16.3874
21.06
12.9652
14.8583
14.8583
12.2907
12.8747
12.4851
14.3419
13.4586
13.6996
14.3419
10.9117
10.6529
9.18221
8.6555
10.6529
9.54137
18.3923
15.5506
18.3923
16.8731
12.3794
19.4827
12.4711
11.1337
19.4201
19.4827
17.2678
13.6843
17.2678
17.128
7.58938
20.6669
14.503
19.3915
20.6669
10.5223
17.9901
16.4126
17.9901
15.5235
16.4719
10.3198
9.76755
8.41409
10.1934
10.3198
18.7074
14.8582
18.7074
18.5066
13.2993
15.4209
12.7685
11.3031
14.9267
15.4209
20.4492
18.0856
15.1085
20.4492
15.1247
18.2663
13.8867
14.053
17.8327
18.2663
14.2148
12.9537
11.7167
14.1624
14.2148
22.4465
10.8073
9.03638
22.446
22.4465
13.2211
12.8367
12.8159
13.2211
2.52449
18.4182
11.6202
18.4182
16.4248
12.495
18.7657
18.7657
18.4596
16.7314
12.7295
19.0459
19.0459
12.4495
14.2974
18.4921
21.6998
12.0563
12.4893
16.1291
21.6998
19.8229
13.3894
16.2557
19.8229
13.521
18.4708
16.6446
18.4708
18.1745
11.6674
16.1178
12.2205
9.8694
15.8131
16.1178
