15.1642
8.7014
15.1642
8.76285
8.11201
10.9581
6.50895
4.32456
10.9581
4.37834
1.99039
1.99039
1.99
1.92108
1.96635
5.48006
3.50207
1.91297
5.48006
2.03325
11.9709
11.4627
11.9709
11.2389
9.90114
16.6337
15.4051
13.1028
16.6337
9.60821
14.7784
11.0477
6.01738
14.7784
5.33801
17.7523
14.0929
17.7523
16.172
17.6465
18.2088
17.6639
14.1678
18.2088
12.1278
14.9885
14.9885
13.5025
14.4162
11.3396
15.7601
14.7923
15.7601
14.2567
14.7058
13.3108
13.14
11.5627
13.3108
10.3627
17.2243
11.4259
17.2243
13.2861
13.3453
17.036
12.1868
14.3787
17.036
14.6534
11.9364
11.7118
11.9364
10.3081
8.92833
15.5402
15.5402
9.13622
14.5888
9.23058
12.5499
5.88676
7.56602
12.5499
11.7103
15.4705
15.4705
12.5944
11.9683
7.97417
15.31
15.31
13.1134
15.098
12.3166
15.6422
13.5671
9.71825
15.6422
10.8015
18.4222
11.0427
11.6894
18.4222
10.4354
17.2046
12.2258
15.5947
17.2046
15.5363
17.3365
17.3365
15.1396
16.6824
10.4181
16.6834
16.6207
16.6834
16.0361
13.6067
6.92889
6.92889
4.33588
4.47252
4.34127
15.7329
14.714
15.7329
14.076
13.9499
13.7317
12.0501
9.44543
13.7317
11.1655
11.8199
11.8199
11.2734
11.5224
9.91638
19.71
19.71
11.1434
12.2489
12.2741
11.237
11.237
9.39311
9.02583
8.89675
16.8302
16.4645
12.5613
16.8302
7.94856
19.754
15.9221
19.754
17.2908
18.2186
16.3888
10.8065
7.57348
16.3888
7.59678
15.7171
12.181
9.11456
15.7171
10.177
16.9308
13.6199
13.3759
16.9308
12.6776
10.0747
10.0747
9.93485
7.25958
6.5881
16.0581
15.0569
12.3826
16.0581
11.5809
16.0403
16.0403
15.8263
15.1403
14.746
13.6341
13.5793
11.0314
13.6341
10.2373
19.0284
14.9962
19.0284
15.6306
18.9297
13.6236
13.2189
13.6236
13.1948
12.703
17.1724
14.7806
17.1211
16.2927
17.1724
13.5232
9.06277
4.1004
13.5232
4.08434
13.5975
10.9726
10.8705
13.5975
11.2491
17.853
17.853
14.4587
16.1317
8.24875
14.2219
12.3426
14.0352
13.1338
14.2219
16.6804
14.913
16.6804
14.3508
15.1473
15.8848
10.5385
9.39958
15.8848
9.64985
16.4789
16.4789
12.3659
15.842
11.2268
15.0441
13.8348
15.0441
13.6647
11.4629
