13.496
10.7884
10.7459
9.08315
13.496
9.68235
7.30813
8.18959
9.68235
9.23541
1.98036
1.94935
1.32659
1.93236
1.98036
5.2788
3.96345
5.0034
4.49983
5.2788
14.3582
10.7732
12.2399
14.3582
11.4921
17.6832
15.7889
17.6832
16.5565
14.5204
16.5758
12.6075
15.5955
16.5758
14.8563
16.5548
11.9459
10.2628
14.8117
16.5548
19.4116
16.6725
16.8166
19.4116
12.6293
18.892
15.9897
16.7363
18.892
15.3422
16.6331
16.6331
15.57
15.9461
13.8556
16.2004
12.9554
9.53823
16.2004
12.3194
16.2213
11.6035
12.502
12.5846
16.2213
17.4794
14.541
12.2356
17.4794
16.0354
13.9468
10.5993
8.67194
11.6833
13.9468
17.4948
12.0076
12.4017
17.4948
11.6257
14.0635
9.70062
12.7917
11.4569
14.0635
17.3765
15.887
17.3765
13.7833
11.6549
20.5128
14.7842
16.4208
20.5128
14.7815
16.3684
15.9854
15.1447
16.3684
13.6649
19.0159
16.1172
16.8916
19.0159
12.1806
19.2351
15.9352
13.2124
19.2351
16.806
17.8221
17.6699
17.8221
17.2339
15.3285
18.777
18.777
15.7517
16.2586
15.2655
7.50455
7.47565
7.50455
6.1236
5.02679
17.582
17.582
14.8083
15.8418
14.2214
17.4399
15.1782
17.4399
17.3697
16.1745
13.8943
13.0004
11.2138
13.8943
11.8502
15.8464
13.4098
13.372
15.8464
12.8171
10.311
8.04934
6.20781
10.311
9.37835
19.6711
16.2467
17.61
19.6711
11.9386
17.7327
11.5471
9.41017
16.1453
17.7327
16.4128
13.0839
12.5683
16.4128
11.4723
15.7276
14.7861
14.7801
15.7276
11.7515
16.644
13.6714
12.5039
16.644
16.1227
10.4896
9.06099
7.58956
9.61909
10.4896
17.5379
16.8765
15.7436
17.5379
14.0797
16.4159
12.7037
13.5817
16.1179
16.4159
18.3565
14.1527
16.9015
18.3565
16.5402
17.2095
11.2997
10.4482
15.0311
17.2095
15.4161
11.5863
10.4985
11.8869
15.4161
15.3507
9.21891
7.80418
13.9218
15.3507
13.367
9.8815
10.6441
13.367
8.49519
16.9111
13.9103
16.9111
13.504
11.5794
19.256
19.256
18.2506
18.2244
12.0522
17.7252
14.2168
11.6537
14.8934
17.7252
16.5721
14.0764
11.7575
14.4431
16.5721
16.0803
12.8989
15.2837
16.0803
14.7823
18.8578
18.8578
17.7443
18.5555
11.0809
15.8153
10.9137
9.14455
13.8741
15.8153
