14.1471
9.36745
10.9474
7.7176
14.1471
9.10037
8.12788
9.02491
9.10037
3.20375
1.96301
1.96301
1.72465
1.89298
1.93802
5.25057
4.36418
4.39953
5.25057
1.51868
13.2077
10.6719
12.2326
12.7462
13.2077
17.2539
15.3272
17.2539
12.0852
14.6147
16.2037
16.2037
12.1262
15.914
10.0211
15.4182
15.4182
12.1547
13.2106
15.0567
18.2671
16.2933
18.2671
15.472
12.1529
17.0853
15.0917
16.8855
17.0853
14.8633
15.8547
15.637
15.8547
15.8244
13.8028
14.4457
11.9178
10.7329
14.4457
10.8467
17.277
17.277
16.7699
13.3308
15.4164
16.6792
15.54
14.2039
16.6792
14.2322
13.063
11.7254
7.20514
11.382
13.063
20.9247
20.9247
12.015
14.8403
10.1071
12.8753
12.8753
10.1222
11.0804
11.681
15.9269
14.0826
15.9269
11.3732
10.7325
18.5103
14.0725
15.6242
18.5103
13.0331
18.356
14.97
16.0985
18.356
12.8323
18.5334
17.588
15.416
18.5334
14.4591
17.527
17.2378
15.8622
17.527
13.2896
17.8943
17.8943
17.4557
12.2655
15.297
18.1164
18.1164
16.1832
15.028
13.2129
7.20765
6.07361
7.20765
6.19835
3.86067
17.0665
16.3291
15.1815
17.0665
14.0405
18.3518
14.9029
17.2361
18.3518
13.6247
14.1899
12.1446
11.3201
14.1899
12.1976
14.5581
14.4866
14.5581
12.637
10.8352
11.1061
11.1061
6.71826
8.21465
8.67055
18.2353
13.9455
18.2353
13.4656
11.8101
19.3283
14.6008
10.931
14.948
19.3283
16.2487
14.62
15.0236
16.2487
10.8827
18.5985
14.6262
16.2264
18.5985
13.2796
17.005
16.7634
15.9282
16.7767
17.005
10.4705
9.37749
6.38577
9.41968
10.4705
18.0446
17.4185
16.9017
18.0446
15.1411
15.3181
13.7272
13.9311
15.3181
14.6337
17.6455
15.9604
16.7149
17.6455
16.2921
17.5787
14.3669
14.0177
12.8337
17.5787
14.6864
13.5372
10.1731
12.6266
14.6864
15.5961
14.3919
10.4897
12.9955
15.5961
12.7741
11.076
12.3882
12.7741
5.13993
16.3552
15.6863
15.5828
16.3552
11.7108
17.53
17.53
17.4545
15.1486
11.9754
18.307
15.5377
11.9778
14.3572
18.307
16.3136
15.1778
14.3535
14.8044
16.3136
17.9175
14.6283
15.621
17.9175
13.3277
17.4322
16.6122
17.4322
16.1979
11.4345
16.4157
12.3292
8.77986
13.7535
16.4157
