12.7624
10.4409
10.6063
9.2485
12.7624
10.0199
8.93615
9.10678
10.0199
9.92052
1.9646
1.94603
1.3967
1.52137
1.9646
5.62931
4.98322
4.77279
5.62931
5.13396
12.7533
12.7533
12.4586
12.6665
11.6319
18.3695
16.1931
18.3695
15.6592
11.348
15.6256
15.2539
12.8955
15.6256
14.6898
15.5142
14.0141
10.8682
15.111
15.5142
19.1566
16.2524
19.1566
18.9246
11.3974
19.2607
16.0795
15.8791
19.2607
9.8577
15.4006
15.4006
14.8134
14.5774
14.7222
14.9536
12.1882
8.90364
14.9536
13.103
15.4417
12.3776
12.3457
12.3855
15.4417
17.2632
15.9957
12.5465
16.9852
17.2632
12.8838
8.77836
5.86792
10.2012
12.8838
17.003
17.003
11.098
14.6566
15.0299
14.9478
12.4423
10.3023
12.3211
14.9478
18.9359
16.4503
18.9359
13.633
7.4858
24.9174
19.0836
16.3633
24.9174
11.3666
20.6895
19.129
15.3414
20.6895
16.1314
18.1154
17.6469
16.1821
18.1154
14.1001
18.5207
16.897
12.6606
18.5207
17.41
19.5543
19.5543
17.7568
15.508
12.623
19.5008
19.5008
16.0259
14.4276
13.4518
7.61875
7.39699
7.61875
6.15757
2.7444
15.9969
15.9969
14.2188
14.7065
13.9732
19.946
17.2011
17.6135
19.946
13.2839
15.3251
15.0907
11.0454
15.3251
11.3266
14.0948
14.0948
13.6771
13.9471
9.79628
10.1778
10.1778
6.61478
7.61372
9.89439
19.6466
16.0066
19.1018
19.6466
10.7106
16.8238
14.5995
11.236
12.8599
16.8238
19.0096
15.2378
13.6784
19.0096
18.2673
20.2733
18.0052
14.2465
20.2733
16.0661
19.8436
16.9475
12.2197
19.8436
18.1112
10.3885
6.89008
5.50563
8.28736
10.3885
19.8156
19.0648
15.0145
19.8156
16.1659
14.6505
14.1897
12.1205
13.0829
14.6505
19.0688
16.4691
16.7717
19.0688
11.5039
16.2928
14.5564
13.9204
14.2907
16.2928
15.3385
9.49738
8.28365
10.2222
15.3385
14.4343
12.1512
11.3429
11.7978
14.4343
14.0888
11.2102
11.7861
14.0888
12.7274
15.8032
14.2425
15.8032
15.0701
11.8243
18.9293
18.7797
18.9293
17.0208
10.7785
18.1508
14.7719
11.0201
13.6718
18.1508
16.4578
14.8518
12.0051
11.7559
16.4578
17.5433
15.6503
15.5714
17.5433
13.1584
18.4314
18.4314
17.8975
17.8536
13.1222
14.8921
11.5816
8.29803
12.0853
14.8921
