11.499
10.1213
11.499
9.06705
9.61928
9.64198
9.12121
9.04019
9.64198
4.84639
1.98604
1.05942
1.04024
1.9819
1.98604
5.40398
4.51529
4.59482
5.40398
2.62724
12.0868
12.0868
11.7992
11.9599
12.018
18.7891
15.2192
18.7891
15.4509
12.752
17.3159
16.691
17.3159
16.4873
9.61095
14.0657
11.4515
11.0763
12.2482
14.0657
19.5176
16.8026
19.5176
16.924
9.60303
18.441
18.441
16.9382
17.2195
11.4264
17.3
17.0306
14.4477
17.3
14.2665
15.0413
12.4791
11.6936
15.0413
10.1916
14.0984
13.1206
12.7492
14.0984
11.3028
16.0044
14.9647
12.9841
16.0044
13.1117
13.3916
7.54493
7.74198
13.3916
13.3885
14.8736
13.6766
13.2227
14.8736
8.04097
11.8683
11.0262
11.0138
11.8112
11.8683
17.6259
14.3063
17.6259
14.5383
6.90527
19.6345
19.6345
18.2515
17.2867
12.2053
24.9172
24.9172
24.8844
18.5961
14.5299
22.92
17.7165
17.7469
22.92
14.0399
17.3085
16.8895
15.4397
17.3085
11.2628
19.5668
17.7253
18.7713
19.5668
9.85842
19.7114
19.7114
16.0268
19.5022
10.954
7.69019
6.0135
7.69019
6.5228
1.07838
18.6746
17.3768
14.3023
18.6746
13.7213
23.5127
23.5127
20.0755
20.2274
12.833
15.5781
15.3551
15.1576
15.5781
9.35446
15.4843
15.4843
13.8162
15.2103
9.48055
8.71301
5.9769
6.65986
8.71301
8.55716
19.1604
16.2246
19.1604
16.0132
9.53888
18.1062
11.285
11.5681
16.8779
18.1062
18.9696
18.9696
18.9676
18.0803
9.27554
23.7433
23.7433
23.2567
18.822
14.206
20.3764
20.3764
19.8907
16.6066
12.6447
10.7506
6.59107
6.64186
10.7233
10.7506
22.3705
22.3504
22.3705
18.6822
14.4688
13.8231
13.8231
11.4859
11.6878
13.3001
21.8657
21.8657
17.5118
21.5717
16.1675
14.2831
14.2831
13.6904
12.915
13.7877
15.3261
10.3134
10.3805
13.4122
15.3261
14.8921
7.87338
8.21958
14.1695
14.8921
14.6215
13.4215
13.4168
14.6215
5.93867
16.9706
16.5492
16.9706
15.1864
12.0084
19.5299
18.7813
19.5299
16.8137
11.2219
15.2048
14.0865
13.8945
15.2048
14.7832
16.6094
13.296
12.2033
14.8086
16.6094
20.9506
20.9506
20.1624
19.4753
16.368
20.8217
20.1249
20.8217
19.9439
10.5882
16.3924
9.3439
8.45753
16.389
16.3924
