13.0045
9.22976
11.637
13.0045
12.7916
9.25192
9.25192
7.04324
8.24326
4.89973
1.98974
1.913
1.96177
1.95857
1.98974
5.35415
5.35415
5.04096
4.2072
2.4679
12.5645
11.5914
11.6592
12.5645
11.2781
17.3528
13.904
14.323
17.3528
12.9327
15.07
13.4109
12.5875
15.07
8.42299
17.8241
12.4204
12.6512
17.8063
17.8241
17.6945
16.4252
17.6945
17.3051
13.774
18.4038
13.6117
15.8931
18.4038
12.8189
17.9933
15.1459
17.9933
16.133
17.7873
14.4
12.2528
10.9338
14.4
12.8259
13.8263
13.7557
12.0911
11.5798
13.8263
19.2393
13.3792
11.7296
19.2393
15.128
12.1746
12.0702
12.1746
12.0026
11.9786
16.7275
16.7275
12.7836
16.3037
9.51999
11.2913
10.7768
9.54322
10.8406
11.2913
15.3782
14.3542
15.3782
14.5566
11.9372
19.5122
15.8118
16.5892
19.5122
13.3472
20.8908
19.4854
16.4267
20.8908
13.4021
17.4257
14.5915
12.9114
17.4257
13.7257
24.9164
12.776
11.162
24.9164
16.258
18.8043
16.7841
18.8043
18.0877
13.1734
18.0907
15.9091
17.9381
18.0907
17.258
7.58201
6.78239
7.58201
5.95681
6.13591
18.7559
15.1314
18.7559
16.5482
18.0685
23.9731
15.4015
18.6986
23.9731
12.6581
13.3915
11.6564
11.0095
12.5428
13.3915
18.3392
17.6219
18.3392
16.261
12.2083
11.3261
10.6751
11.3261
10.3269
9.49942
17.4106
17.3778
17.3734
17.4106
11.6716
21.5532
11.6397
12.0257
21.5083
21.5532
16.8389
16.316
12.7208
16.8389
10.1816
20.9711
17.9291
14.9469
20.9711
14.9221
17.787
14.6205
11.4523
15.7083
17.787
10.3077
9.73492
10.3077
10.282
10.2584
19.4724
18.8006
16.3907
19.4724
15.5862
15.7702
14.9358
12.8357
15.7702
15.1976
21.6115
14.7035
15.9655
21.6115
12.7572
19.4438
13.0205
12.3548
19.3088
19.4438
13.4416
12.7362
13.1457
13.4027
13.4416
21.0521
11.5865
11.5878
21.0521
20.9721
12.7457
12.557
9.59622
12.7457
4.76339
19.7374
15.8906
19.7374
18.1416
15.0469
19.7162
19.3457
19.7162
18.7312
14.0805
18.9023
13.8738
11.8911
15.7323
18.9023
22.0505
12.0449
15.8382
18.7634
22.0505
19.1901
13.8932
15.3437
19.1901
15.6152
22.389
22.3567
21.4607
22.389
15.453
17.446
11.2709
11.5553
17.3223
17.446
