15.9271
10.2802
15.9271
7.84918
7.25798
10.4022
8.78518
7.06183
10.4022
6.76188
1.99039
1.99039
1.98914
1.95641
1.92383
5.60864
4.73411
4.05208
5.39644
5.60864
12.925
12.1289
12.925
11.3837
11.0634
15.5897
15.5897
13.9991
10.8111
13.408
15.3999
15.1762
11.2172
15.3999
11.2953
18.4095
15.6005
18.4095
13.2617
14.1769
16.9463
16.9463
14.3357
13.7753
13.8683
17.1808
17.1808
15.9003
11.0408
12.9753
16.4509
16.4509
15.0264
11.7198
14.7754
12.5053
12.5053
12.452
8.39645
8.16385
15.0617
13.6767
15.0617
13.2195
10.9555
16.6295
15.5634
16.6295
13.7471
13.5354
11.9704
11.5987
11.9704
3.72025
4.34742
15.9917
15.9917
12.8932
12.4178
14.1115
14.3898
10.1524
11.6741
12.4668
14.3898
15.6199
15.6199
12.1324
5.87404
7.97774
15.4017
15.4017
15.3919
12.8445
11.4492
16.9234
16.3243
13.7821
16.9234
12.9618
18.1366
17.74
14.3108
18.1366
15.3106
17.2661
17.2661
17.2382
16.1358
14.7345
19.491
19.491
13.4039
8.74598
12.4526
18.4948
18.4948
17.0194
11.9069
13.5822
7.31611
7.31611
7.05644
1.72555
4.15744
16.3155
16.3155
14.7944
11.1117
13.4516
15.3358
15.3358
14.8563
13.9902
12.8685
12.7868
12.7868
12.1488
11.1087
11.0526
19.98
19.98
15.3856
7.96095
13.1687
11.3279
11.3279
8.29882
6.50869
7.35062
15.5888
15.5888
14.6682
12.7673
13.0075
18.0278
15.8033
18.0278
9.04323
8.92116
17.1075
14.8874
13.2498
17.1075
12.6103
16.9475
15.2736
14.1594
16.9475
12.3272
17.2991
17.2991
16.4568
17.2921
13.932
9.9987
9.9226
9.9987
3.52762
3.5207
16.7324
16.7324
16.6357
16.5655
16.1365
17.6392
17.6382
17.6392
10.7046
11.4442
15.989
15.5782
15.989
12.4729
13.7752
20.0223
15.303
20.0223
14.7066
12.4811
13.5886
13.2663
13.5886
6.34363
4.9172
15.5868
13.4607
15.5868
8.46011
9.68086
14.4623
12.6013
10.1038
14.4623
9.70799
14.2536
12.4567
12.9843
14.2536
12.9703
18.5503
18.5503
15.1889
11.0045
11.0699
15.0679
13.9247
15.0679
12.0386
11.7864
17.7123
15.8373
17.7123
10.8887
10.2648
16.1211
14.2631
15.6481
16.1211
13.6516
16.2597
16.2597
14.2313
14.1188
12.0563
14.4663
12.9465
14.4663
5.30573
5.84047
