11.8888
10.9456
10.8976
10.9463
11.8888
9.77975
4.96826
5.32555
9.77975
4.76829
1.9901
0.732197
0.90456
1.9901
1.98985
5.38595
4.33939
2.84962
5.38595
2.29193
11.2022
11.2022
10.9755
10.5968
9.67258
17.8175
17.8175
16.7524
15.8134
12.8141
14.6485
10.2478
10.4577
14.6485
7.73231
14.1207
11.2808
14.1207
11.8098
13.3888
17.5237
17.2079
17.5237
17.1218
14.0128
17.6282
17.6192
17.6282
15.8121
14.3464
18.4351
16.091
18.4351
16.3905
16.4045
13.2306
13.0422
13.0682
13.2306
11.5267
13.7683
12.9061
12.9638
13.7683
11.9051
16.3973
12.2788
14.0845
16.3973
13.5451
10.3653
10.3653
10.2779
10.2873
8.93465
14.807
11.0086
11.262
14.807
14.1473
12.2493
5.62838
8.49555
12.2493
7.36104
15.6296
14.6722
15.6296
12.8003
12.6443
14.5279
14.2972
14.4404
14.5279
12.5077
16.427
12.7711
13.954
16.427
10.7897
16.8831
12.4018
13.2641
16.8831
10.828
17.9291
14.7041
15.3265
17.9291
13.4197
24.93
24.93
24.8722
17.3998
13.4467
24.932
24.6739
24.932
24.2578
16.3847
7.967
6.10616
7.53569
7.967
7.93865
19.5201
17.2135
19.5201
17.682
17.6776
16.5106
13.2802
14.5029
16.5106
14.1326
11.9464
10.6466
11.8125
10.8903
11.9464
19.5004
16.4046
17.9344
12.0042
19.5004
9.9034
5.36706
9.12794
9.9034
9.651
16.0459
16.0459
14.2213
13.7229
12.3449
14.6918
14.4447
14.6203
14.6918
13.4181
18.0313
8.838
9.617
18.0313
8.62192
17.5156
10.4626
13.5546
17.5156
12.0374
14.288
12.11
14.288
14.2759
13.1337
8.11103
8.09829
8.11103
8.10276
4.98339
16.7776
15.7363
15.854
16.7776
12.0939
15.7114
14.275
15.7114
12.394
15.2155
16.2014
16.1994
16.2014
15.4321
14.6612
14.4625
14.262
14.4625
14.2557
12.3218
13.4025
9.29209
13.3299
13.4025
13.2984
12.3997
12.1633
12.3997
12.3853
12.0701
14.4694
5.86095
6.24924
14.4694
5.1223
14.6197
13.2349
14.088
14.6197
10.8816
18.9977
17.8978
18.9977
16.1511
12.1144
16.7273
8.5911
16.5954
12.8511
16.7273
16.4219
16.0898
16.4219
15.9953
15.1545
16.0684
11.6359
13.7568
16.0684
12.3762
17.9902
17.4776
17.9902
17.0687
11.5246
10.6472
10.6472
10.6125
10.6293
9.89163
