11.7141
8.95013
10.8614
11.2166
11.7141
9.5961
9.03656
9.5961
7.96145
9.25583
1.92176
1.33421
1.21147
1.91391
1.92176
4.78082
4.61034
4.60217
3.84662
4.78082
14.3289
11.4197
10.761
13.1561
14.3289
15.5982
13.1686
13.7423
15.5982
14.5681
17.7054
16.7348
17.7054
13.8709
16.1897
17.0184
12.691
12.8572
14.9038
17.0184
18.1932
16.5889
17.1339
18.1932
17.879
18.565
16.7254
14.4818
17.099
18.565
19.9354
15.6769
15.3507
19.9354
19.7859
13.6661
12.5021
12.2086
12.1631
13.6661
15.624
12.6055
12.3569
15.624
15.0646
17.9092
15.0509
13.2322
15.0635
17.9092
12.7679
7.0024
8.45146
10.3471
12.7679
15.6957
13.5311
11.9951
13.1591
15.6957
11.7504
11.4263
10.983
11.7504
9.99572
14.5367
11.7646
13.2078
14.2652
14.5367
19.68
19.68
18.5503
18.4
19.2135
24.4715
24.4715
24.1868
17.6379
17.5391
18.6294
16.8293
17.1745
18.6294
16.633
18.8364
16.2942
15.6609
18.1149
18.8364
16.5901
16.1306
15.178
15.5858
16.5901
18.1297
16.1686
16.0401
16.3828
18.1297
7.23731
6.60779
6.03844
7.19128
7.23731
24.9161
14.2037
14.3565
18.4976
24.9161
21.4262
21.4262
19.9587
17.8029
17.412
15.2599
15.2599
13.8124
14.0909
14.0792
18.2882
16.9985
14.1498
18.0961
18.2882
10.3112
7.74666
7.83645
8.76697
10.3112
18.817
15.2606
17.3587
18.817
18.0195
17.0068
10.4669
11.0944
15.2942
17.0068
19.0647
19.0647
18.9978
15.0941
16.7447
23.2986
23.2986
22.9235
17.3341
16.8885
20.4962
20.4962
17.4812
18.2034
17.8612
10.7373
6.35749
9.69822
8.3147
10.7373
22.1801
22.1801
22.073
19.1647
19.038
17.2883
12.9988
12.746
16.9739
17.2883
20.479
20.479
17.2038
17.6233
17.4477
16.5328
16.3278
13.6912
16.5328
16.2314
14.5488
8.76476
8.35944
11.9398
14.5488
13.5387
8.61267
11.1808
12.8331
13.5387
13.8128
13.5504
13.5372
9.34116
13.8128
17.0627
17.0476
17.0627
15.3178
14.6764
18.5548
15.555
18.5548
16.7647
16.5844
20.0026
16.166
11.2118
17.7661
20.0026
17.8161
12.4279
12.811
17.0456
17.8161
21.1939
21.1939
19.6044
17.9333
15.9117
21.78
21.541
21.78
16.4882
17.768
14.5265
8.26829
9.44606
12.2821
14.5265
