13.1947
9.44415
12.2164
10.0257
13.1947
8.83855
8.83855
7.77306
8.79419
6.2193
1.99039
1.91912
1.92349
1.91196
1.99039
4.49083
4.33534
4.27091
4.49083
3.58014
12.3154
9.78363
11.342
12.3154
11.9833
18.0621
13.5042
13.8646
18.0621
14.1837
15.2171
15.188
13.9993
15.2171
12.4949
17.2327
12.1863
8.96512
16.6187
17.2327
19.0676
15.9792
17.4084
19.0676
17.298
18.2987
15.7039
15.9524
18.2987
15.1858
18.4442
11.3375
15.4227
16.2312
18.4442
14.6491
10.7242
9.0779
14.6491
13.3491
14.9206
9.96966
9.91105
12.5298
14.9206
18.3162
13.3624
9.68675
18.3162
15.1448
13.3955
11.9443
11.9062
12.2774
13.3955
16.7736
16.7736
10.6605
13.797
10.6926
11.3774
10.3983
10.8726
11.3774
11.34
16.3484
14.3292
16.3484
14.7349
11.9538
19.2641
17.2062
18.2117
19.2641
14.9065
22.9132
22.9132
19.4973
22.836
16.4374
18.2155
15.6943
14.6757
18.2155
17.3121
22.1303
14.0478
12.3443
22.1303
15.4163
19
17.8989
18.9982
19
17.6645
18.5777
16.4793
17.1591
18.5777
17.2615
7.19377
6.66969
7.19377
5.93174
3.77989
20.7891
13.3998
15.6218
15.9121
20.7891
24.9219
20.4854
22.2476
24.9219
16.2377
12.878
12.6945
11.7657
12.7849
12.878
16.0652
16.0652
12.8423
15.6881
11.5196
10.9892
10.9892
9.21812
9.70269
9.78482
17.9395
17.0624
16.8386
17.9395
13.5828
19.2516
11.5595
11.4545
18.8041
19.2516
18.8789
18.8789
15.8791
18.5775
12.776
23.5146
23.3842
19.152
23.5146
17.6206
18.4575
16.6366
13.673
16.3386
18.4575
10.5905
9.3919
8.93259
9.52137
10.5905
20.5374
20.5374
18.2817
20.41
17.5339
16.9205
13.132
13.0071
16.7982
16.9205
22.312
16.5178
18.0074
22.312
15.9449
20.9794
12.954
11.7093
19.6457
20.9794
15.9673
12.6362
12.652
14.3171
15.9673
19.8455
11.6395
11.0228
19.4965
19.8455
13.6962
13.6962
11.7684
13.4744
7.79971
19.7479
17.7771
19.7479
18.0705
16.6517
19.0051
18.3639
19.0051
18.097
15.6821
18.1236
11.3603
10.8382
14.9244
18.1236
20.8944
10.3049
12.0075
16.1293
20.8944
20.481
19.7065
18.6559
20.481
18.2905
22.0638
22.0638
21.9325
21.7007
17.5295
15.5466
10.9809
10.9394
14.6879
15.5466
