15.2907
3.71306
15.2907
10.838
13.1369
9.43525
8.93336
9.43525
8.8944
8.77599
1.9832
1.43711
1.97457
1.97972
1.9832
5.2314
4.53232
5.2314
4.89539
4.90515
12.7271
10.8225
10.8003
11.5102
12.7271
16.7416
9.30291
11.4609
16.7416
11.3269
16.309
15.5654
16.309
15.2488
14.2312
19.8057
17.1087
14.2497
17.6232
19.8057
19.8096
10.8803
12.0161
19.8096
13.4909
16.0403
14.946
11.308
16.0403
16.0106
16
11.7195
12.554
16
15.8304
13.5186
11.3333
11.19
13.5186
12.7754
15.6567
13.8211
13.8118
13.8673
15.6567
16.545
15.3924
12.7937
16.545
16.4187
12.4854
7.815
7.88865
10.1124
12.4854
15.146
15.1004
13.1706
15.1202
15.146
11.8624
10.6364
10.6087
11.744
11.8624
16.4278
15.3273
13.1843
16.4278
9.81711
16.8959
16.3731
16.3762
16.6911
16.8959
23.642
23.642
23.5764
19.2396
19.1764
18.1936
17.7453
18.1936
16.6534
16.8021
18.0976
16.9873
14.3292
18.0976
17.7081
18.2563
15.488
12.2851
18.2563
12.234
19.0446
12.6935
15.3383
19.0446
16.4758
7.92111
7.65223
7.92111
7.61099
4.14786
15.4209
11.5858
12.615
15.4209
14.1315
18.5078
18.3839
18.5078
16.9296
16.9924
20.9317
15.2576
15.4725
17.9874
20.9317
22.9227
22.9227
12.2162
21.5166
14.4812
10.1198
10.1198
8.43686
8.85846
9.32976
18.1505
9.09487
12.5967
18.1505
11.6831
19.5055
13.9949
10.5902
15.7383
19.5055
19.1647
19.1338
19.1647
16.6953
16.305
23.172
23.172
23.1591
19.3633
19.3201
23.7378
23.7378
23.3968
18.8207
19.3546
10.4163
7.07759
7.41545
8.85043
10.4163
20.8826
20.7075
20.6089
20.8826
20.6235
16.6369
15.2606
13.0529
16.6369
16.5426
17.8174
16.931
15.1752
17.8174
17.7991
18.5669
17.4354
15.8139
17.0238
18.5669
13.3889
10.2262
9.99043
10.2101
13.3889
17.1393
14.6006
10.3916
14.8686
17.1393
14.439
13.7827
14.439
12.032
11.7899
15.7034
15.7034
14.9977
15.1446
14.8695
19.3677
12.8322
13.3295
19.3677
13.7303
19.1329
19.1329
18.3638
16.3392
18.8517
18.695
12.9136
11.0316
14.8705
18.695
19.6418
19.6373
19.6418
17.8602
18.0431
18.9423
16.529
15.9341
18.9423
15.6104
17.4936
8.82635
8.75497
14.4913
17.4936
