11.1215
5.5825
9.95888
10.1081
11.1215
9.25837
9.00533
9.0547
8.82639
9.25837
1.98974
1.18742
1.34716
1.59354
1.98974
4.69962
4.52662
4.68406
4.36917
4.69962
12.3108
11.6777
12.3108
11.8728
11.9045
16.502
11.1155
16.502
15.7026
16.1077
17.5199
16.4138
17.5199
14.5577
12.614
17.9816
15.4342
12.8906
17.3699
17.9816
19.5553
12.4464
19.5553
17.3218
17.3688
18.814
16.9977
15.1876
18.814
17.9553
19.4865
14.0888
15.066
18.7102
19.4865
14.1794
13.9182
13.8688
14.0921
14.1794
15.082
15.082
14.1855
14.305
14.6558
18.4034
14.5544
14.3939
18.4034
18.3497
12.3465
10.8028
10.9461
10.0522
12.3465
15.4724
14.7402
14.4638
15.3429
15.4724
11.4285
11.0503
10.5775
11.4285
11.3246
17.2904
13.9758
17.2904
14.9651
13.3851
18.5583
18.5234
17.9928
18.5583
17.2853
24.4196
24.4196
24.3315
17.8872
16.9115
18.4845
17.6232
17.5639
18.4845
17.1002
19.9975
16.6601
15.1028
19.9975
18.4831
20.803
15.0807
19.3318
20.803
19.0647
19.4115
14.462
16.4403
19.4115
18.5787
7.66277
5.29155
7.66277
6.42852
6.78237
20.4115
12.7802
16.3208
19.4264
20.4115
22.4356
22.4356
19.5492
19.168
18.3295
15.3252
15.2731
15.3252
13.2
14.9675
17.9982
14.4958
13.2673
17.9982
16.7908
9.75572
8.13681
7.83289
9.21882
9.75572
18.0766
11.3888
17.4186
18.0766
15.0139
19.8337
14.8847
15.5059
15.3108
19.8337
19.2154
19.1994
19.2154
15.672
14.1292
23.9591
23.9591
23.4824
17.057
17.8347
23.2843
23.2843
23.2481
16.7755
18.4728
10.2593
8.16881
8.29781
6.93843
10.2593
21.9228
21.9228
21.5746
18.249
18.3305
17.4056
15.606
12.9123
15.7757
17.4056
21.6227
20.2116
16.5189
21.6227
20.4377
18.1743
17.302
15.7052
15.3073
18.1743
13.8216
9.86307
10.2004
11.6757
13.8216
16.6393
12.9223
13.2272
15.1395
16.6393
14.1411
13.7698
14.1411
12.8899
12.264
17.7909
17.7909
17.0439
17.3704
14.579
19.1153
15.5677
19.1153
18.7182
15.9431
21.2552
17.461
16.2672
17.1504
21.2552
23.0528
14.8256
15.9868
17.11
23.0528
20.4576
20.4576
19.9728
18.7748
19.7504
20.0893
18.1586
18.198
20.0893
16.4959
16.554
12.5019
12.5566
12.4406
16.554
