14.7947
11.7034
14.7947
10.6364
7.14556
9.96424
7.30523
7.54092
9.96424
9.45101
1.98992
1.98123
1.98992
1.47008
1.98411
5.6838
3.88699
4.09977
4.48378
5.6838
12.8259
10.3567
12.8259
11.6857
11.2845
17.9208
17.9208
13.1292
15.1133
12.0556
16.8376
12.0382
11.0335
16.8376
15.5054
18.8584
17.3529
18.8584
12.8047
13.6163
18.8102
18.8102
13.9032
12.0214
9.72514
15.171
15.171
13.5887
13.2743
11.7986
17.3317
14.6216
17.3317
13.2818
11.7487
13.1554
13.1554
10.996
8.95941
8.45476
15.9591
13.3222
15.9591
11.5222
12.9928
17.3441
17.3441
16.5575
15.0983
12.0489
12.248
12.063
12.248
6.79408
8.7836
15.6806
14.6085
14.6286
14.5222
15.6806
13.2633
10.6916
10.8843
13.0075
13.2633
15.6056
15.6056
12.9556
12.6784
10.8263
15.6508
12.369
13.1671
15.6508
15.1212
20.0507
15.8562
15.2328
20.0507
19.3007
18.1784
16.9332
17.5461
18.1784
16.807
19.8537
19.8537
17.0948
17.915
14.7892
20.7247
20.7247
14.0596
16.9062
12.4525
17.3748
17.3748
17.1753
14.8893
12.2949
7.30383
7.30383
6.98551
6.03622
5.91328
16.6365
15.4143
16.6365
12.7393
10.2553
19.3775
15.7072
11.8216
19.3775
16.2493
16.1662
15.0647
14.6646
16.1662
15.2277
19.6243
19.6243
14.0147
12.016
12.1454
11.3348
11.3348
9.91054
8.8085
8.86288
18.7237
18.7237
12.6405
12.2166
10.6292
20.6365
19.2138
20.6365
10.5405
12.9348
18.7016
15.8886
16.2918
18.7016
17.1322
20.4398
15.6588
15.8132
20.4398
19.2935
20.8789
20.8105
20.8789
19.5828
19.307
9.61913
9.55238
9.61913
5.35092
6.58046
19.0164
18.0262
17.0293
19.0164
18.0751
16.9788
16.9788
16.4052
13.0184
12.4212
17.4426
14.8252
12.1408
17.4426
15.502
19.8151
19.3069
19.8151
14.892
16.4142
13.9911
13.8254
13.9911
8.37547
10.28
19.5203
18.5054
19.5203
9.28244
9.54663
13.6975
10.1042
10.8392
13.6975
13.4285
15.2486
12.6372
13.6831
15.2486
14.9153
16.8429
16.8429
14.2846
16.018
12.3214
19.5211
19.5211
19.2058
16.9926
16.0362
21.2344
18.094
21.2344
11.8971
12.8415
18.598
13.3935
14.1522
18.598
17.4237
17.1828
17.1828
13.8734
16.2716
12.9416
15.7006
15.3032
15.7006
7.69607
10.3233
