14.8489
4.55597
14.8489
10.7334
13.3665
10.0943
8.79818
8.92271
10.0943
8.3168
1.98875
1.67885
1.68695
1.98039
1.98875
5.45832
4.62225
4.66919
5.45832
4.41638
12.6443
10.8146
11.6605
12.6443
12.5798
16.254
8.86539
12.1222
16.254
14.7174
16.4931
16.4931
16.3506
13.7087
11.3788
17.2446
17.2446
14.5132
15.9712
17.0572
19.835
12.0414
12.198
19.835
16.8288
15.713
13.7463
12.5495
15.713
15.4566
17.7635
15.8267
16.4605
14.9483
17.7635
13.9209
13.9209
12.6578
13.4157
11.8923
14.9841
13.2626
12.2978
14.2402
14.9841
18.7308
18.3816
13.7035
18.7308
16.4829
12.9779
11.816
10.3684
12.2384
12.9779
17.1604
15.599
13.4145
15.6796
17.1604
11.4398
11.4398
11.1205
10.9897
11.274
15.877
13.6282
13.7478
15.877
15.4037
16.5916
16.5916
16.5166
16.4257
15.9254
23.7156
23.7156
23.6404
17.4122
16.112
18.7123
18.3217
17.2547
18.7123
15.9666
19.4337
19.1918
13.8299
19.4337
16.2603
15.3213
12.4914
11.9579
15.3213
13.9905
17.8917
13.475
15.744
14.3475
17.8917
7.89992
7.6578
7.89992
7.62073
7.38752
20.9038
15.0313
15.9956
14.6247
20.9038
19.4246
18.7183
19.4246
16.4029
16.8993
15.6381
14.7589
15.2278
15.6381
14.8702
20.1246
20.1246
12.7355
19.6388
16.2695
11.9419
11.9419
8.79144
9.15273
10.5429
21.9178
10.3506
12.2268
21.9178
15.0228
19.1113
19.1113
17.2217
15.7247
17.5221
19.0272
19.0272
18.9014
17.1869
13.7002
23.1423
23.1423
23.0025
16.9095
15.9434
22.0452
22.0452
21.4612
19.9219
20.2028
10.7306
8.98649
8.92695
10.4862
10.7306
20.82
20.82
20.5517
17.862
17.6154
16.6959
15.1861
13.8276
16.5546
16.6959
17.5743
15.6828
16.7548
17.5447
17.5743
19.535
17.9543
15.8651
17.4008
19.535
15.2262
15.0116
13.2995
13.2831
15.2262
18.8794
17.5792
16.2608
15.9287
18.8794
14.344
13.7276
14.344
12.7282
9.45948
15.9724
15.9724
15.8733
14.877
13.6034
18.3108
13.5422
13.638
18.3108
15.4216
18.4122
17.9437
17.1158
17.7165
18.4122
19.4147
18.3893
18.4074
14.9677
19.4147
20.2027
19.6153
20.2027
17.4815
18.5174
18.8523
16.5683
16.4018
18.8523
12.9814
14.6809
14.2395
12.6783
13.1813
14.6809
