13.7089
10.7632
13.7089
9.14418
9.25881
9.74032
8.73458
9.17945
9.74032
9.03015
1.99039
1.99039
1.99039
1.99023
1.98738
5.44815
4.44212
4.48775
5.44815
4.33132
12.5689
10.1954
12.2095
12.4952
12.5689
16.1332
16.1332
11.4412
15.6705
15.511
16.0888
15.0386
15.5431
16.0888
15.5402
17.9748
16.545
17.9748
11.8203
11.6208
17.8292
17.8292
13.0089
14.8435
15.6467
17.1748
13.4503
13.7808
17.1748
17.1336
15.9482
13.1214
15.0844
15.9482
15.9353
12.7934
12.7934
10.2638
10.0038
9.87982
15.6198
12.3027
15.6198
11.5023
11.851
18.1439
18.1439
14.966
16.1148
12.1559
12.7292
12.7292
12.6843
3.66497
3.67251
15.9659
15.9659
13.8068
14.3673
12.4221
12.2925
10.7842
12.256
11.5677
12.2925
16.3299
16.3299
8.10172
13.3614
13.2305
19.0334
16.6687
18.3352
19.0334
18.9544
23.6828
22.99
23.6668
23.6828
23.384
19.5219
19.2067
18.1419
19.5219
16.8487
21.2599
21.2599
16.2748
18.3256
14.1812
16.1606
16.1606
11.8179
14.4659
14.5428
17.5281
17.5281
16.2761
13.2951
13.2183
7.69189
7.69189
3.88776
5.98317
6.03053
15.8861
13.5731
15.1116
15.8515
15.8861
23.2871
18.95
21.314
23.286
23.2871
15.5699
13.6512
15.5699
13.7306
13.3653
20.6206
20.6206
11.7305
15.1004
15.0678
11.2469
11.2469
9.72129
9.94603
6.78709
18.8433
18.8433
12.2492
15.6356
15.655
22.9108
22.8862
22.9108
8.13569
7.54917
21.921
19.2356
19.5062
21.921
19.1598
24.9178
22.4899
24.9178
24.809
24.7882
24.9212
19.0591
24.9212
19.1557
17.9869
10.953
10.9069
10.953
3.5287
3.27208
22.0536
21.6181
21.9158
22.0536
21.1449
16.5383
14.7435
16.5383
13.3815
13.6731
22.0077
14.5798
18.4785
22.0056
22.0077
18.7239
17.3034
18.7239
12.648
12.0295
14.4602
14.4602
14.4237
5.76903
5.59582
18.0429
18.0154
18.0429
10.1362
6.28242
14.7541
13.7401
13.7754
14.7541
13.3982
17.5406
17.5406
16.3848
17.0653
15.9872
21.9969
21.9969
13.3781
14.7297
14.6698
20.3985
16.3447
20.3985
13.1956
13.0927
19.9667
17.4326
19.9667
12.0902
10.4763
21.9271
18.6688
20.6938
21.9271
21.8233
23.6536
23.6536
16.4818
19.0413
16.0992
16.7847
16.7847
16.7661
5.38733
5.21865
