12.4355
6.25604
6.03501
10.4174
12.4355
9.10265
8.96992
9.10265
8.87108
8.6968
1.97841
1.96126
1.96512
1.89719
1.97841
5.00087
4.52623
5.00087
4.48652
4.57963
12.8126
12.2472
11.676
12.1018
12.8126
15.4543
11.4841
10.7406
15.4543
12.7387
16.6835
15.9111
16.6835
14.5556
13.0393
17.1495
14.5437
14.1763
16.6315
17.1495
18.6972
15.5106
14.9015
18.6972
15.3762
18.8712
16.8174
15.6078
18.8712
14.2721
19.334
16.0248
16.0637
16.011
19.334
13.9936
12.497
12.2444
13.9936
13.9051
15.4616
13.668
13.5268
14.9545
15.4616
17.4371
14.9745
14.442
17.4371
17.3218
12.5111
9.99231
9.60063
10.8848
12.5111
15.9531
15.9531
14.7895
14.4167
13.4533
13.0489
11.4453
11.0269
13.0489
12.1553
15.1573
10.7097
11.2661
15.0527
15.1573
19.064
19.064
18.5898
16.5753
15.3079
23.3676
23.3676
22.8284
20.8602
17.6722
18.3807
18.3807
17.6372
17.9692
15.5581
18.5966
17.5742
16.6747
18.5966
18.3875
18.8332
13.0623
12.2157
18.8332
13.5312
17.5839
17.1011
16.5133
17.5839
16.9611
7.28745
3.3786
6.33778
7.28745
5.49249
19.5292
14.8679
15.551
17.3835
19.5292
19.6297
19.6297
19.3724
18.2625
16.9521
16.1298
15.8311
16.1298
14.365
14.2192
20.1999
13.8317
12.8748
20.1999
14.8309
10.2977
10.2977
7.80817
9.80495
8.54628
18.1811
11.8519
11.5566
18.1811
13.7549
14.8855
12.9216
12.0842
13.6113
14.8855
18.6858
18.6858
18.2707
17.9255
14.9354
22.5591
22.5591
22.1873
20.5753
17.4799
20.2757
20.2757
19.9789
19.0548
19.2231
10.0291
9.21271
7.67847
8.82991
10.0291
24.9278
24.9278
23.0231
21.2273
18.1738
23.9255
16.6202
15.6649
17.4639
23.9255
18.3591
18.3591
17.6452
16.8246
15.8432
20.9485
18.2654
17.6877
19.527
20.9485
13.5635
10.1486
10.0207
11.3427
13.5635
17.2291
14.6491
12.8012
15.7659
17.2291
13.3565
13.0496
13.2912
13.3565
13.3103
16.7137
16.4725
16.7137
16.1152
13.5167
17.3136
15.0514
14.5878
17.3136
15.2038
16.9975
15.1575
14.7654
15.8505
16.9975
19.0811
14.4365
14.1978
15.5068
19.0811
20.4642
20.4642
19.9598
18.5264
16.6162
18.8473
18.479
18.0063
18.8473
13.7229
13.9825
11.9287
11.611
12.34
13.9825
