12.4924
10.1656
12.4924
8.72807
10.2914
9.53796
8.98635
7.66058
9.53796
7.60583
1.99039
1.98123
1.97662
1.9901
1.99039
4.71443
4.49032
3.84168
4.71443
3.59366
12.9206
10.2156
12.9206
12.2065
12.2646
16.282
15.8462
14.7036
16.282
15.237
15.9901
15.7781
15.1798
15.9901
14.7745
19.1889
18.8863
19.1889
14.2514
14.7234
17.582
17.582
14.9482
16.1597
16.9993
18.6002
13.5886
17.951
17.9528
18.6002
18.9572
13.7871
17.4114
16.5389
18.9572
15.3668
13.5954
13.3764
15.3668
11.7302
15.9822
14.6674
15.2567
13.1701
15.9822
19.5596
19.4937
15.722
19.5596
13.4191
13.6439
13.4307
13.4577
13.5955
13.6439
15.1287
14.9976
15.1287
14.6579
11.2732
11.4325
11.0768
11.4325
11.1834
10.6867
15.4845
15.4845
14.4164
14.2737
14.6033
19.2464
17.198
19.2464
19.0664
18.1821
24.1426
24.0205
21.4225
24.1426
19.7849
18.5678
18.3043
18.5678
17.7675
13.8494
21.7982
21.7982
16.4204
20.4884
13.1396
20.2183
16.9145
15.7211
18.9611
20.2183
20.5555
17.564
17.784
16.1745
20.5555
7.03894
7.03894
5.80798
6.03655
6.52642
21.2368
13.2264
18.0517
16.1406
21.2368
22.9579
19.5441
22.9579
22.7864
22.4919
15.1506
13.7982
15.1506
13.8347
12.2051
20.0712
20.0712
15.2478
15.1329
15.6654
10.6877
10.6877
10.1597
10.1555
10.1721
17.8868
17.8868
13.1002
15.5266
15.0329
19.6115
19.6115
18.8911
17.0705
17.8987
21.0253
20.0629
16.8548
21.0253
13.9716
24.3549
23.5463
22.6431
24.3549
20.3988
22.4264
18.7799
22.4264
18.802
13.647
10.6906
10.5726
10.5451
10.6906
10.6785
22.1193
21.9309
22.0455
22.1193
18.4893
18.5328
17.5757
18.5328
15.375
15.785
24.9225
16.1366
23.2415
23.8637
24.9225
24.926
23.3096
24.926
17.3629
18.2252
16.9221
16.9221
15.6969
15.5423
15.5669
21.8867
21.8867
21.501
17.6052
17.7166
14.0625
13.8623
10.8438
14.0625
9.59175
17.6048
17.6048
15.481
16.5468
15.2901
21.3642
21.3642
15.2449
16.0715
16.3617
18.2475
16.2495
18.2475
15.6895
17.2665
19.7297
17.7938
19.7297
14.8196
18.7363
21.7563
20.0097
21.3176
21.7563
21.5189
23.4101
23.4101
16.5748
17.3814
15.9625
16.4989
16.4741
16.4989
16.2479
16.2604
