11.1787
9.83896
11.1787
9.26868
5.04689
9.90806
8.91471
8.98542
9.90806
9.67722
1.99
1.34291
1.98727
1.98928
1.99
5.47557
4.46361
4.58025
5.47557
5.04958
11.7967
10.3779
11.7967
10.2495
10.7887
15.8395
15.8395
11.435
11.5902
7.702
16.2265
14.0418
14.2289
16.2265
14.7305
18.4805
18.4805
18.1504
15.5401
11.1231
17.5632
17.5632
12.5457
14.967
9.25312
14.8408
14.8408
10.2082
12.4141
10.9124
14.4606
12.7821
14.4606
13.0001
11.369
12.5133
12.5133
10.4055
9.90629
10.5135
14.3714
13.2973
14.3714
12.4733
11.4218
17.4757
17.0229
15.151
17.4757
11.5826
12.9738
12.9738
11.8311
5.28732
6.08677
15.7212
13.059
15.7212
14.9808
11.8256
12.4392
8.91616
11.8382
12.4392
11.8448
13.0365
13.0365
11.967
7.07037
6.36617
14.7635
13.0505
14.7635
14.2752
14.6041
20.8236
17.0903
18.3171
20.8236
18.7047
18.5907
15.9392
18.5907
18.5501
15.5129
20.4212
20.4212
15.9243
18.8162
12.8797
16.5462
16.5462
10.8648
10.9278
7.41982
15.1874
15.1874
14.9536
14.2724
10.943
6.81736
6.81736
2.27247
3.7875
3.51836
15.9578
12.8842
15.9578
13.2826
9.94859
18.1189
13.4587
15.6445
18.1189
17.9211
16.1879
12.6118
16.1879
14.1731
14.3632
16.2493
16.2493
10.3446
10.1414
9.82419
9.82134
9.56349
9.76609
9.82134
9.40763
16.8527
16.8527
10.8466
15.1745
7.84953
20.1671
20.1671
19.1265
11.1483
10.0028
19.8866
17.1523
17.8816
19.8866
16.942
20.9781
15.7422
19.5386
20.9781
20.0807
20.4267
15.9639
20.4267
16.5139
17.0077
9.25251
9.24892
9.25251
4.40022
5.7386
18.7148
16.1864
17.4367
18.7148
17.0886
16.9624
16.9624
16.4148
12.7946
10.228
14.4826
13.7252
13.1254
14.4141
14.4826
20.3006
20.1644
20.3006
12.0958
14.8676
14.6774
14.6774
13.2555
11.2646
7.70852
24.9175
24.8985
24.9175
14.2664
10.65
14.9425
13.0094
12.8566
14.9425
13.1566
15.432
13.8214
15.405
15.432
15.1995
17.1212
17.1212
12.3691
13.8474
7.83909
19.5302
15.3726
19.5302
15.115
13.2229
19.2916
16.49
19.2916
11.2211
11.6715
18.0595
13.5275
17.5612
18.0595
17.6536
20.1469
20.1469
13.2958
18.3441
12.3689
16.2888
16.2888
15.3047
10.4841
8.73371
