11.6306
10.2457
11.6306
9.55583
8.03027
9.43541
9.43541
8.21927
9.20052
7.88997
1.99039
1.98988
1.98992
1.99
1.99039
4.84634
4.84634
4.16753
4.57549
3.52359
11.9646
11.8114
11.4114
11.9646
11.7858
16.1369
16.0591
16.1369
16.1063
14.8109
14.7142
14.7142
13.5194
14.2475
10.7546
18.558
14.0974
18.558
17.3064
17.5824
17.8325
17.8325
17.8204
15.3412
16.547
18.1496
17.2539
16.5532
18.1496
15.4408
19.7924
14.5627
19.7924
19.4183
18.7255
14.584
14.1438
10.3325
14.584
12.3095
15.7177
11.5755
14.0074
14.5117
15.7177
19.37
15.3637
16.1749
19.37
15.852
13.3641
12.7391
12.7887
13.3641
13.3625
15.8924
14.8524
13.5662
15.7753
15.8924
11.722
11.0525
11.6082
11.722
10.6821
16.0644
16.0644
12.9289
15.2012
12.2906
18.6038
18.2073
18.6038
18.1361
15.2719
20.8705
20.8705
19.9609
17.7103
14.2417
19.4639
19.4639
17.2983
19.1431
14.9698
21.5718
18.4271
16.4435
21.5718
14.5928
15.5204
15.5204
15.3799
14.9868
12.3137
17.9075
17.3938
17.2828
17.9075
15.0931
7.52263
7.52263
5.75785
7.01344
5.86779
20.0243
13.6164
19.554
20.0243
19.3129
22.3911
21.909
22.3911
18.6392
15.5661
14.8685
12.8947
14.8066
13.8673
14.8685
17.9128
13.9937
14.0139
17.9128
16.6862
10.0746
9.7835
9.45465
10.0746
9.96094
18.3008
18.1729
18.3008
18.0949
14.2639
22.0716
20.2457
22.043
22.0716
22.0291
19.8103
19.8103
15.4108
17.9155
13.5255
21.3749
21.3749
20.0952
18.5726
15.1703
18.9845
17.3934
18.9845
17.6067
18.3457
10.9298
10.9136
10.9298
10.7142
10.6933
19.9393
19.9393
19.3932
17.4088
15.7166
16.7708
14.0364
15.6883
15.1373
16.7708
23.1263
23.1263
19.9921
20.0088
17.4507
19.6671
16.0708
19.6671
19.5187
19.5437
15.7747
14.3276
14.3747
15.7305
15.7747
19.5459
17.4797
19.4909
19.473
19.5459
14.0386
14.0386
11.6891
13.8318
9.14027
21.9228
17.4066
21.9228
13.983
15.1681
22.9223
22.6216
22.9223
18.6931
14.9878
24.9046
12.067
24.9046
20.6965
19.5277
24.9149
17.4601
24.9149
18.5882
16.6702
21.4087
21.4087
20.2512
19.7044
18.0337
24.0864
23.9289
24.0864
17.3902
14.2783
17.004
16.6454
16.6574
17.004
15.8531
