15.6103
10.7912
15.6103
8.91282
12.9678
9.59457
8.97555
9.19118
9.59457
9.25566
1.9901
1.99006
1.99
1.98865
1.9901
5.01074
4.42034
4.51306
5.01074
4.50574
12.4151
10.5514
11.2202
12.4151
12.3522
16.8593
16.1079
11.5152
16.8593
14.3071
15.6478
15.0159
15.6115
15.6457
15.6478
17.7181
17.2603
17.7181
15.4011
15.3596
17.2783
17.2783
13.3774
15.7395
12.8215
17.4419
13.4508
14.927
17.4419
16.0494
19.6263
13.2297
13.8698
16.1594
19.6263
13.6662
11.8559
9.94202
13.6662
9.6822
14.6133
12.1708
14.6133
12.0457
13.6402
17.4289
17.2896
14.1423
17.4289
11.3094
12.6738
12.6732
12.6738
12.5595
12.5531
15.9388
15.9388
14.0086
14.356
12.7489
11.9101
11.4486
11.2978
11.9101
11.4139
16.3116
16.3116
12.2266
13.0966
12.2506
18.901
16.433
18.5907
18.3221
18.901
23.803
23.3431
23.4688
23.803
23.5455
18.8664
18.7937
18.8664
18.8019
18.4079
21.6588
21.6588
15.5522
20.7011
14.5075
17.2136
17.2136
12.2601
15.0224
13.8251
17.2945
17.2945
16.4943
15.3534
16.8414
7.74578
7.74578
5.53578
5.7957
6.04572
20.4043
13.1918
14.1137
16.0644
20.4043
23.2583
18.9319
21.2337
22.7869
23.2583
15.4588
13.4108
15.4588
14.7248
14.0194
19.9731
19.9731
13.325
13.9111
13.9936
11.261
11.261
9.8729
9.67051
9.65295
18.5721
18.5721
12.5621
14.7183
12.5783
20.9197
20.9197
20.9156
17.4805
17.4804
21.1365
19.2934
19.3273
21.1365
19.345
24.4525
23.15
24.0195
24.4525
24.4353
23.7261
19.3026
23.7261
19.2994
18.3483
10.9237
10.9046
10.9237
10.8324
10.8736
21.5943
21.2891
21.3915
21.5943
21.342
15.833
15.7501
15.833
14.3322
13.669
22.208
14.9002
18.4057
22.208
21.0286
19.9934
19.7377
19.9192
18.5322
19.9934
15.4132
14.7228
14.7455
15.4132
15.3962
18.8104
18.8104
18.8089
18.1832
18.2404
14.1986
13.7499
13.8397
14.1986
13.8621
17.7451
17.7451
15.3846
17.4352
15.9928
21.644
21.644
13.4676
15.4032
12.9032
19.5085
16.0724
19.5085
14.3129
15.8122
20.0066
17.1954
17.816
14.955
20.0066
24.9189
19.4241
20.2121
22.4131
24.9189
24.0412
24.0412
16.2973
19.951
16.2741
16.2551
16.2485
16.2551
13.3587
12.5749
