13.6257
10.5294
11.7716
13.6257
13.5843
9.53589
7.93391
7.87821
9.53589
5.58038
1.99
1.94711
1.98974
1.99
1.98727
5.13509
4.21786
4.05551
5.13509
2.69177
13.4452
9.89325
13.4452
11.9154
11.4349
17.0089
15.8781
15.923
17.0089
13.1899
15.9241
13.4832
14.664
15.9241
8.49891
18.5454
18.5454
18.5094
14.5432
14.5675
16.6759
16.6345
16.6759
15.2347
15.3666
16.8245
15.4663
15.3799
16.8245
14.863
17.4217
12.8635
17.4217
17.3544
17.3901
13.7728
11.5027
10.097
13.7728
12.5448
13.5592
11.6998
13.5592
12.001
12.6415
18.7248
16.7055
13.7147
18.7248
13.5824
12.478
12.3875
12.478
10.963
10.9238
14.9084
14.9084
14.2269
14.0721
8.71205
11.1849
9.92827
10.8928
11.1849
9.26314
15.4123
15.4123
13.1934
13.2491
12.232
18.452
15.7591
18.2505
18.452
13.9932
23.668
20.4806
21.3828
23.668
14.9229
19.4163
17.8245
17.7493
19.4163
12.8941
20.3739
19.113
14.5886
20.3739
15.4478
17.1219
17.1219
15.743
15.7205
14.8795
18.0733
16.4743
16.4766
17.9924
18.0733
7.78609
7.78609
7.78163
7.75274
4.99819
18.2222
12.3225
17.0024
16.3793
18.2222
22.9687
16.0232
22.356
22.9687
13.8019
13.8592
13.0016
13.1368
13.8592
12.0911
19.3079
19.3079
18.8979
18.881
11.1145
10.3585
9.96521
10.3137
10.3585
9.43518
17.673
17.6623
17.673
14.3429
14.4074
21.0354
21.0354
21.0327
18.4373
18.3645
20.8247
16.9717
17.1864
20.8247
9.39842
24.2142
18.8657
21.7053
24.2142
15.0677
18.9443
18.3391
17.1725
18.9443
14.2258
10.4
10.4
10.3967
9.45324
9.47022
21.2629
19.8833
20.0108
21.2629
15.5094
17.4567
17.4567
16.1948
14.6465
14.3686
22.306
14.9323
20.5088
22.306
15.6958
17.1658
16.097
16.2658
17.1016
17.1658
13.3782
13.3782
13.3472
12.9322
12.9105
16.7807
16.7486
16.7807
16.4114
16.2346
14.4739
12.4405
11.3095
14.4739
6.68967
19.8053
16.4193
19.8053
17.1447
13.1592
22.3077
22.1073
22.3077
16.0554
16.076
18.3124
18.0615
18.3124
13.7737
16.4172
19.5146
16.1126
17.416
19.5146
19.415
20.7303
15.0501
20.5922
20.7303
15.3793
24.9179
24.2813
24.9179
21.2544
13.9454
18.9186
18.9186
18.8323
14.4386
14.0302
