13.7845
10.117
13.7845
4.15886
4.88732
9.65913
9.17505
9.6309
9.6199
9.65913
1.97322
1.97322
1.94552
1.39706
1.94007
5.97322
4.82251
5.86063
5.66164
5.97322
17.9382
12.6802
17.9382
10.5077
10.5424
18.393
18.393
12.2444
6.75192
7.57952
16.2741
12.9675
13.6409
16.2741
15.2942
18.5292
15.7591
18.5292
9.669
8.86593
19.0117
19.0117
12.0633
9.75472
9.06023
15.7423
15.7423
12.6461
8.5009
8.75127
15.5354
14.0904
15.5354
9.74071
9.43969
13.0918
13.0918
11.2667
7.77656
8.24245
15.687
13.3342
15.687
7.82539
8.07037
17.1853
17.1853
16.0604
12.2084
10.8409
11.9531
9.62835
11.9531
2.74671
3.57358
17.1437
17.1437
14.182
12.0159
11.3975
13.8071
12.5174
13.0326
13.6261
13.8071
15.1221
15.1221
8.92763
6.42094
6.38914
14.4551
14.4551
12.8926
13.0732
12.615
16.2711
14.9087
15.7625
16.2711
15.9977
17.9111
17.3069
17.9111
16.5325
16.0984
20.4356
20.4356
16.12
13.9723
12.9085
18.889
18.889
12.0108
6.2115
6.61452
17.4959
17.4959
15.0016
7.92191
8.68665
6.61225
6.61225
3.57919
3.37546
2.66777
15.3302
15.3302
14.2282
8.08153
8.53709
14.2977
13.6606
14.2175
14.2977
14.0548
12.4572
10.6789
12.4572
9.38347
9.59394
16.59
16.59
12.246
7.56152
7.2198
9.88373
9.88373
9.30741
4.11056
3.23196
17.9823
17.9823
12.3944
8.56074
8.57228
20.1137
16.8567
20.1137
5.78985
5.38515
17.8656
17.8656
15.9462
16.9005
16.2572
16.2866
15.643
16.1141
16.2866
16.1547
18.6103
14.2627
18.6103
13.4616
12.81
9.87446
7.41053
9.87446
3.42697
3.09902
16.1171
15.7562
16.1171
14.8553
14.9252
15.8544
14.5725
15.8544
6.88228
6.51154
16.2337
16.2337
13.6712
12.9985
12.4082
18.2769
15.4843
18.2769
10.5645
8.80772
13.4043
11.313
13.4043
3.63903
4.2346
17.3071
15.7341
17.3071
4.02416
3.71224
14.345
13.0112
13.7623
14.345
14.1141
14.8006
13.3024
14.4602
14.8006
14.7296
18.135
18.135
13.3287
9.84582
8.13985
17.8104
14.5517
17.8104
9.08695
9.34946
18.6581
13.8631
18.6581
8.97057
7.20466
15.851
14.7559
15.4709
15.851
15.6302
17.3043
17.3043
12.537
13.3402
12.3835
15.7241
12.3607
15.7241
4.42574
4.59882
