14.8694
10.6371
14.8694
10.375
14.3184
9.99739
9.58185
7.42463
9.99739
7.77549
1.98782
1.98591
1.98782
1.95723
1.98727
5.42326
4.99007
5.37811
5.3152
5.42326
14.6663
11.4076
14.6663
12.4032
10.7088
21.8697
21.8697
12.0719
14.9867
12.4159
14.791
11.0178
11.3096
14.791
14.7563
17.9165
15.957
17.9165
13.0155
15.055
17.9131
17.9127
13.5049
17.9131
12.8456
15.8853
12.7747
12.9434
15.8853
12.5546
18.372
14.7796
14.902
13.2202
18.372
13.9043
13.0296
10.318
13.9043
11.004
15.1499
13.5551
15.1499
13.4897
13.8182
17.1762
17.1762
15.7068
16.3426
13.5399
12.2618
11.1981
12.2618
10.5133
11.816
15.3878
15.3878
15.0168
15.1253
13.6077
13.2383
12.2133
10.9689
12.097
13.2383
15.9452
15.9452
13.0059
14.2629
13.5725
17.028
11.4026
14.37
17.028
13.4834
16.6051
13.9669
13.4581
16.6051
13.845
19.0946
16.4385
16.5761
19.0946
17.0713
20.3236
20.3236
16.4951
18.3297
14.2879
17.2421
17.2421
12.5158
15.0995
11.8969
16.0308
14.4849
15.7493
14.6465
16.0308
7.64768
7.33728
7.64768
7.30038
6.87662
17.0199
13.9876
13.8492
14.7839
17.0199
18.2033
11.9242
13.1842
18.2033
13.3233
15.4592
15.4592
14.8006
13.3639
11.2843
19.8703
18.7487
14.6521
19.8703
11.4442
11.0985
11.0985
9.61046
9.34535
8.93428
19.3952
18.8203
13.3919
19.3952
12.1668
21.1746
18.2351
21.1746
12.5636
13.7777
17.289
15.3296
14.3275
17.289
13.6207
17.2109
14.3772
14.0713
17.2109
13.9733
18.8838
18.4791
18.8838
17.2516
16.7559
10.6296
9.93169
10.6296
8.86662
10.3955
17.9734
16.8473
16.4692
17.9734
14.7565
15.7336
14.8571
15.5467
15.7336
14.2968
17.9975
13.9965
14.8565
17.9975
12.5864
17.7013
16.4375
17.7013
14.6556
16.1714
14.1323
11.4961
13.9537
11.6828
14.1323
17.1194
14.6687
17.1194
10.2002
11.0746
14.4031
12.3872
10.3636
14.4031
12.2443
14.3786
14.1422
14.3786
14.2365
12.7607
18.3197
17.6286
13.5202
18.3197
13.5558
19.2483
18.7704
19.2483
18.3098
14.7514
18.815
15.9607
16.9966
14.7797
18.815
16.9928
14.5624
13.5996
16.9928
14.9976
18.9197
16.0046
12.6864
18.9197
10.8764
16.7344
14.5227
16.7344
11.7852
12.241
