12.1209
8.98634
12.1209
6.91832
6.73648
9.36744
7.68524
8.9093
9.36744
8.75356
1.97987
1.97387
1.97987
1.90212
1.9387
5.10204
4.23227
4.48335
5.10204
4.42951
12.9234
10.0758
11.1926
12.6295
12.9234
14.6794
14.6794
10.7418
12.107
12.3014
19.9291
15.5259
13.0648
19.9291
16.3923
23.922
23.922
21.4171
10.6572
11.2924
16.0868
16.0868
12.9985
15.5006
10.1016
15.9075
15.9075
11.8108
15.6718
14.2215
14.5734
14.1749
14.5734
12.7738
13.4493
13.3232
13.3232
11.0313
10.5836
9.77748
15.889
12.8553
15.889
11.5375
10.5112
16.8609
16.8609
14.6225
12.6693
11.8327
12.2459
12.2083
12.2459
5.62974
3.55626
15.5534
15.5534
12.1412
15.2145
13.2079
13.9778
11.6982
13.9778
11.8631
13.9319
14.1332
14.1332
8.95608
10.8432
9.5467
18.0305
17.1682
16.4384
18.0305
17.0387
22.45
21.6216
19.5342
22.45
21.4421
18.654
18.654
17.1412
18.0878
16.7686
19.4196
19.4196
16.2066
16.4658
14.9039
15.9558
15.9558
9.30573
13.1429
11.0321
18.2064
18.2064
14.5051
14.9161
11.9185
6.80332
6.80332
5.1173
3.99003
3.89567
14.136
12.51
14.136
13.2002
13.4758
20.3364
19.3641
16.4044
20.3364
19.9796
16.3236
13.3286
16.3236
14.2178
14.5433
18.9216
18.9216
13.497
12.0898
11.5067
9.75706
9.75706
9.46654
7.21736
6.86541
14.4095
14.4095
10.2241
14.2903
8.85073
21.6991
21.6991
21.6829
9.2968
7.68601
18.4429
18.2431
16.2693
18.4429
17.71
21.5904
20.6288
20.3123
21.0588
21.5904
22.139
18.3545
22.139
17.8448
18.018
10.8099
10.8099
10.8032
4.86119
3.18415
20.8742
20.8742
19.687
20.5973
19.9705
17.3869
17.3869
16.7238
10.4463
10.1455
19.2137
17.7607
13.9695
19.2137
18.2668
19.3888
18.2716
19.3888
12.7875
12.5755
13.7007
13.7007
13.6862
7.02354
4.093
18.0723
17.7199
18.0723
7.70528
5.27314
13.4461
12.0675
13.3364
13.4461
13.3338
16.0466
14.6086
14.8458
16.0466
15.036
18.6864
18.6864
11.6098
16.2545
11.431
18.6758
15.9524
18.6758
12.4845
14.0872
20.5559
16.9819
20.5559
13.1531
9.80118
20.5299
18.7336
17.007
19.9577
20.5299
19.7888
19.7888
14.7463
19.3255
14.607
18.1062
18.1062
17.9361
7.05237
5.46147
