13.084
11.0493
13.084
5.74453
8.33029
10.2883
9.36428
8.80724
10.2883
9.62546
1.99
1.98985
1.99
1.57001
1.87284
5.79289
4.80719
4.88181
5.79289
5.61612
13.1937
12.173
13.1937
10.3887
12.5321
17.1202
17.1202
13.3325
10.5894
12.7713
17.0358
17.0358
12.415
17.0068
16.2294
19.5054
15.93
19.5054
12.6565
12.006
24.9131
24.9131
13.5487
12.1693
11.4698
18.7233
18.7233
14.2471
12.0452
12.5303
16.6068
16.6068
16.2304
12.3994
11.929
12.9948
12.9948
11.396
9.02538
9.19958
15.8659
13.4412
15.8659
9.60363
11.3899
16.7854
16.7854
14.6836
12.0174
11.797
13.1981
12.5915
13.1981
6.62423
5.75726
15.3885
15.3885
12.9457
14.525
12.8707
13.9035
11.8182
11.8107
12.823
13.9035
15.9258
15.9258
10.6254
8.53459
11.3518
16.3084
16.3084
14.4697
15.1746
14.1408
20.554
19.2733
15.2841
20.554
18.2695
17.9414
17.9414
17.8489
17.6385
17.3288
17.303
17.303
14.7741
15.2175
14.4334
17.1573
17.1573
13.8719
10.4325
13.7024
17.5866
17.5866
15.8615
11.7258
13.8776
7.60026
7.60026
5.98951
3.31961
3.43803
15.4909
14.4122
15.4909
10.4721
11.5891
18.6097
18.6097
14.2448
17.1838
16.0308
14.7639
14.5914
14.5223
14.7639
14.1149
20.7805
20.7805
12.8062
9.77
12.292
11.3277
11.3277
9.7679
6.24659
5.90005
19.153
19.153
11.5515
9.78172
10.9984
18.6527
16.396
18.6527
11.2315
9.41917
18.8062
18.5921
16.0332
18.8062
16.9001
20.2135
18.3981
15.6584
20.2135
17.741
18.4547
17.9372
18.4547
17.6098
16.1329
10.6721
9.86021
10.6721
6.16378
4.64662
19.2628
19.2628
16.367
19.0005
17.0277
17.7551
16.8147
17.7551
10.3954
11.1869
16.5265
16.5265
14.9138
16.211
14.8143
20.0447
15.9388
20.0447
12.3103
12.7862
15.066
14.2074
15.066
7.80359
6.00236
19.5068
16.5727
19.5068
8.95628
6.66244
14.5671
12.4906
12.5677
14.5671
14.0077
16.0154
15.4182
15.6862
16.0154
15.4748
19.3697
19.3697
13.1126
13.0344
13.5865
19.4985
15.9587
19.4985
11.3293
11.8454
20.2002
14.8064
20.2002
12.6584
11.6023
17.7806
17.7806
14.5724
17.7541
16.5292
18.5487
18.5487
15.583
15.265
13.5925
15.8834
14.7477
15.8834
8.71646
7.49492
