12.127
10.7433
12.127
10.7015
6.83468
10.0201
7.1221
5.90932
10.0201
6.43
1.98647
1.73661
1.98647
1.984
1.98033
5.33116
3.74296
3.31233
5.33116
3.75381
12.1806
11.284
10.8205
12.1806
11.9001
15.1858
15.1858
12.9175
14.2518
11.1712
14.797
13.1027
8.97555
14.797
10.3045
17.0794
12.5319
15.4537
14.8389
17.0794
16.8718
16.8718
12.8313
16.2141
11.6147
24.915
21.4525
16.025
24.915
12.1447
24.923
15.5753
24.923
16.9206
16.476
14.6496
13.262
13.1892
14.6496
12.1925
17.2165
12.6104
17.1023
12.5715
17.2165
19.8258
14.9745
14.7028
19.8258
14.3703
12.1406
11.6067
12.0921
12.1406
11.3117
15.1394
14.5792
13.8151
15.1394
13.8818
12.2833
9.29032
12.2833
11.5477
11.7919
14.3487
14.3487
12.1272
13.9237
8.97374
17.3121
16.8473
13.3516
17.3121
13.0658
17.639
14.9948
12.0999
17.639
13.7044
18.0396
16.6512
12.4978
18.0396
15.7486
18.2853
15.6862
13.9328
18.2853
15.4946
17.6227
17.4819
13.6233
17.6227
9.45631
18.0915
16.209
16.6891
18.0915
14.167
7.26778
7.26778
7.08342
5.81048
2.916
20.3761
14.6742
20.3761
15.7612
16.441
17.2311
16.8424
14.3591
17.2311
13.6018
15.1433
13.2132
12.1366
14.3487
15.1433
15.6736
15.622
15.6736
14.4768
11.7982
9.71005
9.46475
9.28686
9.71005
9.07005
14.2324
14.2324
11.787
13.9187
8.43815
18.5627
11.9326
17.1187
17.7718
18.5627
16.4676
14.8195
8.93964
16.4676
11.623
17.0326
14.9382
11.7841
17.0326
13.5626
18.1119
15.4869
15.9854
15.8034
18.1119
10.2909
10.2909
9.98221
9.76889
7.88068
18.6139
16.8998
14.824
18.6139
15.4223
16.4522
14.6702
16.4522
13.6356
15.3139
18.8516
16.1576
15.6543
18.8516
13.2179
17.0553
13.1545
16.9516
13.2993
17.0553
14.1806
12.4133
13.9558
14.1806
13.9292
15.881
11.1186
14.7184
15.453
15.881
12.896
9.85321
7.04248
12.896
8.10942
13.8554
13.7824
12.2636
13.8554
12.0748
16.8805
16.4888
13.3833
16.8805
10.5196
17.2604
11.8526
17.0499
13.879
17.2604
19.8747
12.4025
19.8747
17.3346
18.0341
16.5019
13.8065
15.4579
16.5019
13.0136
17.7266
16.8087
11.4863
17.7266
12.0835
15.6604
11.6406
15.6604
14.9507
15.5703
