11.6126
10.1648
11.6126
6.66877
6.63793
10.1033
8.00622
10.1033
9.56931
8.39726
1.9901
1.9901
1.98975
1.93383
1.98608
5.45236
4.40969
5.31407
5.45236
4.53301
13.8146
11.2506
12.7239
11.7764
13.8146
15.3258
15.3258
12.761
12.6931
11.9634
16.6617
13.8224
13.5017
16.6617
13.0748
18.9665
18.9665
18.6134
17.2279
16.8307
17.6683
17.6683
14.1631
13.7281
12.0159
16.9953
16.9953
14.0779
16.8224
14.4229
18.5411
16.1853
17.0431
15.2409
18.5411
14.1672
12.1276
11.8385
14.1672
11.6489
17.1619
14.9856
17.1619
12.4301
13.1086
19.0268
16.8942
14.2729
19.0268
13.478
13.2856
13.1413
13.2856
12.2222
12.2114
14.9525
14.9525
13.0622
14.9408
12.1949
12.4636
12.1974
12.4636
12.4266
12.4519
14.357
14.357
9.89681
11.258
10.133
18.2516
18.1802
15.4741
18.2516
15.6333
21.8765
19.7077
18.6751
21.8765
17.6745
18.8667
18.0429
18.8667
18.7883
15.0103
20.8158
19.5622
16.1506
20.8158
15.3606
16.3617
16.3617
11.2095
12.7981
12.2379
17.8092
17.8092
15.0699
15.5331
13.6106
6.73428
6.73428
4.40562
4.6555
4.79688
17.1397
15.3944
17.051
14.2429
17.1397
19.3754
19.1965
17.2485
19.3754
18.46
15.649
14.8161
15.649
14.31
13.326
18.7082
18.7082
13.8509
12.7193
12.852
10.1892
10.1892
9.64275
9.69225
9.81935
16.5142
16.5142
12.3407
11.5212
9.4799
20.8214
17.2145
17.3519
20.7222
20.8214
18.2006
17.1258
16.6371
18.2006
15.4594
20.2468
19.3632
19.7556
20.2468
19.0472
19.0708
18.0679
19.0708
16.8303
15.4763
10.2501
10.1514
9.99064
10.2438
10.2501
20.8009
19.7359
18.7664
20.8009
17.6347
17.7795
17.5659
17.7795
13.9172
15.1503
19.235
18.1244
14.5293
19.235
17.1543
20.5808
19.3401
20.5808
18.5709
18.3011
15.16
14.675
15.16
15.1133
14.8654
19.7193
18.3988
18.3068
19.3519
19.7193
13.6941
11.9798
13.6941
13.3039
11.321
17.067
14.6138
17.067
15.1059
15.2561
17.7914
17.7914
12.852
15.4106
12.3912
17.683
15.1191
17.683
14.2839
14.8387
20.1835
15.282
20.1835
15.9535
17.3471
19.6428
18.6325
17.5959
19.6428
19.0292
18.9331
18.9331
15.4895
16.7158
12.2786
16.9435
15.2818
15.0472
16.9435
16.8958
