9.56571
9.04228
8.62002
6.63076
9.56571
6.9872
6.9872
5.12029
5.60408
3.89947
4.96415
4.96415
4.94329
4.64417
4.96018
10.9917
9.88524
9.96646
10.4062
10.9917
12.6096
8.98186
12.6096
10.537
7.94116
17.0472
13.3235
16.2326
14.4024
17.0472
9.49818
9.49818
8.138
7.7031
8.30001
19.1952
17.0578
15.001
15.8526
19.1952
19.1927
19.1927
15.5456
17.6491
19.0015
21.6967
15.1444
21.6967
12.785
11.9593
12.2783
11.6042
12.2783
11.722
11.4318
18.9254
18.7955
18.9254
13.2913
12.785
14.9873
11.1869
14.9873
9.99557
10.5294
12.2278
5.8398
12.2278
7.82152
6.22486
15.5523
15.5523
15.0451
12.3804
13.1517
14.1831
14.1831
12.463
11.4904
12.873
15.6514
15.6514
11.2356
15.5298
11.8907
16.5014
13.6029
16.0616
13.8926
16.5014
16.6689
11.4268
16.6689
9.55885
13.9891
13.2002
13.2002
11.8955
9.44248
12.2564
6.77118
6.61367
6.64262
6.72206
6.77118
13.7192
13.0378
13.7192
12.3056
12.2804
13.2469
7.4449
13.2469
8.50915
8.79929
13.7752
13.3226
13.4243
13.7752
13.3897
18.0705
10.9561
18.0705
11.7796
12.4164
21.1226
21.1226
18.9597
19.1097
19.4904
17.463
17.463
16.0923
13.547
15.5848
20.0297
16.2616
19.07
17.4871
20.0297
19.6247
18.0845
19.6247
16.2892
17.9062
16.6759
14.8028
16.6759
13.3093
14.5537
4.7116
3.33262
4.7116
3.50981
3.30714
16.7118
11.1669
16.7118
11.4687
12.3401
17.7247
16.8898
17.0212
17.634
17.7247
15.9123
15.9123
15.6565
12.1093
11.5905
19.0241
17.1879
15.9373
19.0241
17.2418
20.4721
17.5781
19.8591
17.1691
20.4721
14.4664
11.2517
13.443
13.2355
14.4664
19.3658
16.0101
19.3658
12.7871
16.5327
17.6693
17.0491
16.5416
13.4616
17.6693
20.4668
20.4668
18.223
15.1585
16.4437
19.306
19.306
18.8712
17.4891
17.4787
18.1104
14.6898
18.1104
14.0037
13.2701
16.78
12.7229
16.78
14.556
16.3309
21.0895
19.7169
19.9962
18.2221
21.0895
19.3813
14.8831
18.4483
17.785
19.3813
16.8987
14.7843
16.8987
12.8279
14.9564
20.3481
19.9953
20.3481
19.5328
19.9601
18.132
18.132
17.8949
14.5338
13.4953
23.7549
23.7549
23.749
21.2275
21.2354
16.7548
16.5241
16.686
16.0883
16.7548
