10.9011
8.05755
7.45238
9.59625
10.9011
6.71409
3.22214
5.56519
3.69716
6.71409
4.49782
4.49782
2.88458
3.60732
3.66524
11.7023
8.81233
9.22007
11.5351
11.7023
14.7931
5.39212
14.7931
8.00183
13.0259
18.2631
18.1405
18.2631
16.9837
18.0154
9.37534
9.37534
8.48326
8.89016
8.88792
14.7515
13.6501
13.3916
14.7515
11.6088
13.4156
10.1713
13.4156
13.0954
11.1564
16.0518
11.5502
15.1258
11.9072
16.0518
10.2157
7.77462
8.71844
10.2157
9.80746
11.5162
9.61957
10.2436
11.5162
8.65566
20.8945
10.5581
20.8945
11.268
12.3238
13.2179
4.58536
12.838
7.36018
13.2179
12.6848
12.1661
12.3686
12.6848
12.5765
12.5946
11.6482
12.217
12.3376
12.5946
14.5478
14.5478
12.8712
12.5502
11.2951
14.2336
10.4962
12.2701
14.2336
12.3639
18.7264
10.0484
18.7264
14.7886
16.8691
11.6593
11.6593
11.471
11.017
11.287
6.56204
4.31258
4.75563
6.56204
2.81099
14.5629
14.5629
13.033
11.4934
12.8761
12.9753
6.56404
12.9753
8.73737
11.4115
16.6864
11.553
16.6864
12.3727
15.7663
17.3995
7.36674
17.3995
12.5661
14.0523
18.869
14.5796
14.2259
18.869
16.5473
14.9199
13.2712
14.756
13.548
14.9199
17.1336
15.546
16.0339
16.938
17.1336
19.321
15.823
15.6463
19.321
16.1152
16.3898
9.73999
16.3898
13.5602
13.3324
4.60317
3.88681
4.60317
4.00721
4.50082
16.7119
7.44871
16.7119
11.6196
13.8164
15.9599
14.7654
14.97
15.9599
15.2512
13.6376
10.6683
12.2819
13.6376
9.29023
17.2689
14.6392
17.2689
13.4236
16.3229
16.4916
12.7086
16.4916
15.8957
15.4423
14.0866
10.3568
12.6926
12.2842
14.0866
16.9002
10.5401
16.534
16.9002
14.8104
18.9721
15.037
10.9349
18.9721
11.7486
18.6214
15.8043
14.9295
18.6214
15.139
15.6921
13.0556
13.3049
15.6921
12.6077
14.0295
11.714
14.0295
13.9428
13.3181
17.3062
12.1674
14.1793
14.8967
17.3062
20.3981
15.7824
15.3942
20.3981
17.9676
18.2481
14.9774
15.5845
18.1422
18.2481
13.0929
11.6111
11.949
13.0929
11.9212
13.6157
12.3089
13.6157
10.1855
12.3176
11.5039
10.6742
11.3212
11.5039
10.3703
14.7384
13.096
14.7384
12.1145
14.4826
12.8341
9.96178
11.4715
12.8341
8.81325
