9.17981
3.00428
7.71941
4.10845
9.17981
7.93784
7.93784
5.8924
4.84077
5.90614
4.96525
4.93037
4.96525
4.88379
4.60849
12.0239
6.84213
6.95125
11.0672
12.0239
17.7787
14.6158
16.5181
9.67361
17.7787
12.3466
11.211
11.493
12.2964
12.3466
8.56483
7.37059
1.98573
6.81146
8.56483
14.8243
9.71182
9.06693
9.79355
14.8243
10.992
9.59956
7.88529
10.3878
10.992
19.81
11.7613
19.81
11.8281
14.7981
11.5133
10.879
11.5133
11.3795
11.1545
16.8065
16.5862
11.7165
16.8065
16.7261
13.8149
12.2207
13.4753
12.501
13.8149
16.9254
16.9254
15.8662
7.07712
13.8794
18.9394
11.2432
7.58561
18.9394
10.9848
12.0122
7.02756
2.63025
10.7994
12.0122
11.8141
11.8141
7.83189
9.74204
11.3651
12.7413
6.07749
12.7413
8.43245
12.2378
19.4186
11.3439
19.4186
8.64362
19.3667
12.538
5.20831
9.67964
8.92289
12.538
6.37941
6.37941
6.32735
5.42971
5.77654
16.1857
6.85771
11.4558
11.9751
16.1857
14.6649
12.8877
14.6649
7.85605
14.5282
13.1063
8.52521
13.047
8.67095
13.1063
18.9945
14.8585
18.9945
11.0234
18.4814
16.7678
8.04639
9.53883
11.0505
16.7678
15.0144
13.1885
12.9614
12.494
15.0144
13.8095
11.5569
13.0933
11.7607
13.8095
14.6269
12.816
12.2633
13.9778
14.6269
15.7164
15.1531
15.7164
12.52
15.5929
4.82684
4.39401
4.82684
2.11876
4.5433
18.3251
12.3913
18.3251
10.1835
18.02
15.7655
12.3893
11.5871
12.5209
15.7655
18.033
18.033
15.1253
14.7443
11.1716
14.8655
14.2505
11.3947
14.8655
13.8023
15.7874
11.8271
14.8589
12.4446
15.7874
13.9518
11.4313
11.7632
11.3436
13.9518
17.1431
10.9375
17.1431
11.6957
17.1124
16.7461
3.39813
9.22883
6.34706
16.7461
15.6359
13.5365
11.4121
14.6969
15.6359
17.9705
15.9289
12.1564
17.9705
16.6287
17.8093
12.9054
17.8093
13.2647
12.3063
15.8825
12.3436
15.7699
11.5629
15.8825
17.75
8.64287
10.6311
11.2019
17.75
13.7431
12.8052
13.6518
12.7552
13.7431
15.7388
10.5182
13.0095
14.2735
15.7388
17.3034
14.2303
13.5282
17.3034
15.066
17.3722
17.3722
13.7794
15.3443
15.2519
16.9634
13.0232
13.193
16.9634
15.5729
15.3959
15.1153
12.2569
15.3959
14.3333
