9.60089
8.659
9.60089
8.66065
8.96462
6.51043
2.94264
6.51043
5.28314
6.38529
4.81013
4.81013
2.68964
4.30856
2.42014
12.2821
10.0409
12.2821
11.9861
10.3368
17.8153
5.2103
16.3836
9.18609
17.8153
18.7649
13.8497
16.9944
14.0494
18.7649
9.68652
9.52552
9.43085
9.52177
9.68652
17.9782
14.9855
15.4998
17.9782
15.3011
17.792
13.9613
17.792
14.0821
17.6534
14.9351
12.7855
14.9351
13.9832
13.6046
11.0442
11.0442
8.62992
10.4583
8.5352
12.9039
12.0418
10.5084
12.9039
11.2545
15.5657
11.7244
14.2695
11.3668
15.5657
14.3073
4.66924
11.6598
7.04923
14.3073
14.2685
14.2685
12.7952
11.309
12.1197
14.9481
14.9481
14.1696
14.9309
14.082
18.9378
12.0423
11.8853
18.9378
14.0315
22.9161
15.8157
16.3739
15.1047
22.9161
19.2839
10.6198
19.2839
10.8304
16.7832
11.9698
11.9698
11.4255
10.1038
11.1186
6.55315
4.62597
3.89793
6.55315
4.73844
15.1753
15.1753
11.9266
13.2022
9.72415
13.4575
7.50774
12.8807
7.84588
13.4575
14.5922
12.9038
12.2691
14.5922
13.8879
19.0244
10.6899
17.4199
10.4414
19.0244
23.5531
22.2419
23.3791
22.3945
23.5531
16.7019
16.7019
14.2112
14.0641
13.5039
19.4803
16.2478
18.1149
16.743
19.4803
19.2858
19.0411
19.2858
16.9228
18.7372
16.0068
12.1475
15.7168
12.4415
16.0068
4.6459
1.93577
4.6459
2.1346
4.57584
18.1533
7.04598
18.1533
10.2805
17.1214
18.8069
15.6979
16.6556
17.0686
18.8069
15.3434
15.3434
12.4783
13.4609
9.48887
16.5021
15.5943
15.2281
16.5021
15.6787
19.4849
17.4349
19.4849
17.0238
18.8363
16.0256
11.2044
16.0256
12.0512
14.7665
18.8412
16.0766
18.8412
15.7617
17.1089
18.6648
18.2688
18.4454
18.6648
17.9386
20.7494
20.7494
20.5454
17.5723
17.5686
17.6483
17.518
16.4234
17.6483
11.9756
13.9542
13.7384
13.9542
13.8384
11.0252
18.7985
11.5601
18.7985
13.4279
18.0108
23.8565
22.2805
23.7122
22.4159
23.8565
19.2888
14.5888
19.036
15.0291
19.2888
17.0522
17.0522
13.8335
16.5348
13.8645
16.5827
16.5827
12.8219
16.106
12.6757
12.1327
11.7599
10.6332
12.1327
9.79705
16.8865
16.8865
13.6929
16.2557
13.0798
15.5211
15.5211
13.3241
15.1006
11.3858
