10.3019
8.42188
7.81799
9.09949
10.3019
6.19554
5.91119
6.19554
3.94314
5.86307
4.6994
4.6994
3.53067
4.13325
3.42632
12.7727
8.52549
10.4072
12.7727
11.4223
16.206
5.25156
16.206
8.98309
15.7043
18.7787
12.0461
17.4727
15.3816
18.7787
9.17257
8.60543
8.08937
7.89941
9.17257
15.9529
12.4202
15.454
12.6937
15.9529
12.4275
9.65145
12.2886
12.4275
12.3155
17.1963
10.2171
17.1963
13.8354
16.8456
10.9878
8.10211
9.60155
10.9878
9.27219
13.9055
13.1863
11.1627
13.9055
11.2867
14.847
6.72217
14.847
11.584
14.7075
14.7694
3.94667
12.544
6.88117
14.7694
13.7234
8.88638
12.746
13.7234
12.3431
13.1028
11.6333
11.2028
11.8581
13.1028
13.7194
13.7194
11.2537
13.078
12.0852
14.2963
9.41868
13.1031
11.7602
14.2963
22.9243
10.9675
16.5891
14.3814
22.9243
13.9475
11.2654
13.9475
11.233
11.7931
6.51488
6.51488
5.34846
5.41213
4.70064
17.3762
16.5043
17.3762
13.3073
13.4264
14.4528
5.46607
14.4528
7.03994
14.2437
19.5742
11.4934
19.5742
12.2792
16.7345
21.0758
7.90983
21.0758
11.7172
18.2503
17.0634
11.2076
13.983
15.5268
17.0634
15.4457
11.2012
14.4574
15.2928
15.4457
16.6435
10.5469
16.6435
16.3831
15.7171
18.3952
10.6098
16.0966
18.3952
15.9319
18.0148
10.6266
18.0148
12.8502
14.4627
4.85341
3.14528
4.85341
2.20414
4.68392
18.1193
6.53313
18.1193
11.1867
16.5837
17.3162
11.4959
14.7421
16.0725
17.3162
14.7883
10.6521
9.84366
14.7883
11.0555
17.4765
14.7493
15.3
17.4765
16.5076
16.1727
11.319
16.1727
15.3833
15.7822
16.1892
7.53129
16.1892
11.665
15.8001
18.5237
9.59573
17.8793
14.7141
18.5237
18.5756
10.4435
12.6571
13.4197
18.5756
18.797
11.2193
14.7699
18.797
17.8642
18.8385
12.5048
13.4555
18.8385
16.7227
15.3638
10.8064
14.4671
15.3638
13.6599
18.4972
10.4641
18.4972
13.1942
16.5815
18.1183
11.0572
13.3585
16.5555
18.1183
18.808
13.117
18.808
15.5228
16.5362
15.7253
12.3358
11.8937
15.7253
14.4126
19.8289
11.7261
10.631
19.8289
14.9558
13.7955
11.3312
11.2809
13.7955
10.4923
21.4994
12.3288
13.7574
21.4994
16.2038
16.151
12.8117
10.6879
16.151
14.399
