9.37245
8.05359
8.46414
9.37245
8.30597
6.83152
4.54827
6.83152
3.05395
5.80276
4.5648
4.41764
3.57161
4.5648
2.59991
11.2456
8.41698
11.0557
11.2456
11.2437
16.0598
6.23472
16.0598
6.57046
12.6092
15.838
11.4627
15.5549
14.4592
15.838
9.17542
8.15187
6.11442
7.93926
9.17542
17.5825
12.0696
14.7424
17.5825
14.1114
13.5885
10.1682
11.2982
13.5885
11.445
14.1064
12.1249
14.1064
12.3853
13.5283
11.7987
9.09124
10.2808
11.7987
6.4869
15.1764
12.452
9.00463
15.1764
9.23899
15.7311
9.73759
15.7311
11.7274
12.6059
14.8988
5.95887
13.1284
5.9508
14.8988
14.5139
10.6216
10.8361
14.5139
12.4278
12.5159
11.0998
8.00422
11.5499
12.5159
15.3364
12.4146
10.3633
15.3364
11.69
14.435
8.89753
14.201
14.435
13.5424
18.9307
11.0945
16.2908
11.318
18.9307
16.9422
9.81637
16.9422
12.8677
11.1757
6.96967
6.96967
3.6424
6.63106
4.73528
15
11.0415
15
13.0467
9.44666
14.4674
7.44377
14.4674
7.29904
13.8852
16.3954
9.64824
16.3954
14.7092
15.5564
20.3596
9.57075
20.3596
10.5632
17.4996
18.6428
13.9174
15.0699
17.0417
18.6428
17.0553
10.6381
14.3808
17.0553
12.9583
15.2551
9.95159
15.2551
14.7119
14.9477
17.5907
12.0868
14.6255
17.5907
16.7193
19.3013
10.2579
19.3013
13.6979
14.8802
4.84743
3.26197
4.81641
2.38885
4.84743
17.7386
8.35098
17.7386
7.71798
14.9563
16.3819
11.3811
14.4913
16.3819
16.1513
15.5483
11.3369
10.866
15.5483
9.84426
15.6169
13.5742
15.281
15.6169
11.7335
16.3412
12.5882
16.3412
13.9174
14.8715
15.525
9.77377
15.525
10.0628
12.4722
17.9485
10.8027
17.9485
13.775
15.8117
17.3952
9.25862
14.1995
17.3952
16.1399
18.0086
14.4053
14.3124
18.0086
17.6715
15.9957
13.2477
11.4793
15.9957
11.3928
15.0746
14.1301
14.4629
15.0746
8.98678
18.2724
9.56605
18.2724
10.9815
13.0945
19.374
13.3552
14.5347
17.7734
19.374
17.8713
11.3364
17.8713
14.0585
14.6267
15.5047
13.3881
13.4767
15.5047
10.36
18.8262
10.6894
10.2105
18.8262
10.0076
18.0039
10.0647
10.1242
18.0039
9.20289
22.1265
13.0494
12.908
22.1265
10.7358
14.4606
12.4248
9.73313
14.4606
9.22278
