11.4109
8.70472
7.87517
9.59648
11.4109
5.9968
4.90914
5.9968
2.83601
5.4374
4.59395
4.59395
3.0115
4.22971
2.18675
11.3122
8.64693
10.5859
11.3006
11.3122
15.8853
7.10284
15.8853
5.24149
15.3628
18.3594
12.1904
17.7239
14.9346
18.3594
9.01697
8.89163
8.18739
9.00504
9.01697
16.483
15.7984
15.856
16.2178
16.483
14.7283
11.2928
11.7158
14.7283
14.7019
16.0095
11.3773
16.0095
11.835
12.333
10.777
10.777
9.3685
9.69369
7.08199
15.1103
13.3993
9.12892
15.1103
9.21931
15.1773
13.038
14.3639
10.9952
15.1773
14.1117
7.25925
13.9388
4.38744
14.1117
14.3148
14.3148
11.4802
13.8165
12.3122
13.2021
13.2021
11.1683
12.6376
13.0596
16.8616
16.8616
11.5171
13.963
11.5059
15.8895
12.1895
12.9201
15.8895
14.8128
19.5511
13.0531
17.1742
13.3795
19.5511
15.4575
12.0792
15.4575
10.7976
10.154
6.43896
6.43896
4.04629
5.56694
3.8838
19.9268
19.9268
14.974
13.0086
10.4341
15.9439
8.41303
15.9439
7.11392
12.8688
21.9321
13.6462
21.9321
12.3696
12.1126
22.8985
12.3755
22.8985
10.3698
18.7245
21.5518
14.7022
14.6906
21.5518
21.3004
16.6053
16.6053
15.2994
16.3239
15.2656
18.726
13.7251
17.8163
18.726
18.5756
20.0838
16.0244
15.4224
20.0838
20.0053
19.2013
13.1709
19.2013
12.3476
15.1657
4.868
3.46372
4.868
2.33023
3.57734
17.3922
9.92268
17.3922
8.22719
17.0998
17.0483
15.533
16.9718
17.0483
16.8681
16.7485
16.7485
8.94277
14.5837
10.8696
16.9456
16.1422
14.516
16.9456
14.3421
18.5384
14.1129
16.5869
18.5384
18.2433
16.246
9.50853
16.246
11.1184
15.6616
19.1122
13.5203
19.1122
17.6122
17.3694
17.6047
14.7671
13.9302
17.3372
17.6047
20.5992
17.2729
14.0876
20.5992
20.4229
17.7234
17.7234
11.9911
16.4887
12.5646
13.8432
13.6945
13.8149
13.8432
10.6829
18.8076
10.9022
18.8076
11.0885
15.8348
22.7207
14.3875
15.1204
22.7207
22.5511
19.2249
13.4146
19.2249
15.9344
16.7937
15.3297
14.0642
11.195
15.3297
11.7516
18.4929
18.4929
11.6367
18.1659
11.5673
18.3425
18.3425
9.50952
18.2207
9.36177
18.7446
18.7446
11.8053
16.0464
11.0884
14.3402
14.3402
10.0264
13.1859
10.5312
