8.48644
3.92374
6.5494
4.24305
8.48644
7.96763
7.96763
4.86871
6.08544
5.54435
4.96525
4.95865
4.96525
4.32733
3.43982
11.1158
8.25534
8.92722
9.20443
11.1158
15.6852
14.5146
14.4153
7.81492
15.6852
12.7408
8.12952
12.1581
10.8884
12.7408
8.6758
5.97705
2.93643
7.24434
8.6758
15.1669
11.7447
10.4605
11.6211
15.1669
11.0016
10.4105
10.7115
9.95279
11.0016
20.5039
13.917
20.5039
13.0015
13.4878
13.2203
12.8599
12.4332
9.76467
13.2203
13.6807
13.6807
12.9472
10.6763
11.316
16.1903
13.5126
15.3233
13.9177
16.1903
16.6109
16.6109
12.2672
5.93616
11.9832
15.6895
15.1804
8.99392
15.6895
13.3135
12.671
8.1827
4.666
10.034
12.671
10.9584
10.6381
8.78045
10.1404
10.9584
12.2302
8.15733
12.2302
8.30038
11.6673
17.6708
11.3051
17.0726
8.94919
17.6708
12.6568
8.58745
11.0962
8.45851
12.6568
6.03094
5.95297
6.03094
3.93719
4.26388
15.6547
12.8468
12.0339
12.8441
15.6547
14.109
11.1936
14.109
7.2634
10.0452
14.095
9.87502
14.095
9.84679
13.946
18.0386
16.1378
18.0386
10.9253
16.9158
15.6835
8.76852
11.9055
10.2467
15.6835
16.8584
15.5198
14.4533
15.4529
16.8584
13.233
8.93527
12.8066
10.5946
13.233
15.3286
12.2323
14.7887
12.1507
15.3286
16.5629
16.2791
16.5629
14.7754
15.8751
4.45041
2.69035
4.45041
2.56225
2.73736
17.4596
14.6359
17.4596
9.78873
16.9139
15.1647
13.0816
12.089
13.4051
15.1647
13.8305
13.8305
13.3401
11.1513
10.8794
16.3497
16.3497
13.858
16.216
15.3457
16.5513
12.4643
16.5513
11.8508
15.6542
13.6332
12.5868
12.2784
9.16952
13.6332
16.4732
12.7441
16.4732
11.6886
16.0905
16.4813
5.44033
10.0537
5.52282
16.4813
17.0141
13.5767
13.9452
12.8011
17.0141
17.8866
17.8866
16.031
16.1985
16.0158
17.7995
14.7119
17.7995
15.5152
15.4744
15.9624
13.3235
15.9624
10.6227
15.8589
16.0643
8.80251
12.5771
10.5696
16.0643
14.0331
12.0946
14.0331
10.4214
13.6921
14.8396
13.6373
11.7858
13.4355
14.8396
17.492
17.492
14.8848
17.4255
16.4303
12.5011
11.6914
12.5011
11.7979
10.863
20.0954
20.0954
15.392
20.0263
17.8429
15.0352
15.0352
14.1922
11.2822
13.1536
