9.83312
9.01504
9.07102
8.15805
9.83312
6.915
3.92358
6.03144
3.99793
6.915
2.87583
2.46418
2.46721
2.87583
2.14927
9.65661
9.01692
9.65661
8.82903
9.50738
17.3792
7.34226
17.3792
5.86225
17.0459
17.5253
12.4838
17.0894
13.2455
17.5253
9.30604
8.22114
8.22551
8.21407
9.30604
16.9189
15.6985
14.8886
16.9189
16.641
17.0914
16.4932
17.0914
16.4826
16.7462
15.3045
10.7564
15.3045
10.688
13.783
10.1399
8.39188
8.48102
10.1399
7.87974
12.8863
6.60597
9.49347
12.8863
12.8181
14.4415
7.82486
14.4415
8.95042
12.1669
14.0089
4.77478
13.9131
5.85253
14.0089
13.115
13.115
13.038
10.3006
12.8423
14.7051
13.4515
13.436
13.456
14.7051
15.6079
11.7702
12.9762
15.5882
15.6079
14.4547
13.9161
13.5898
14.1576
14.4547
18.7995
13.7267
18.7995
10.7711
14.1391
12.951
11.632
12.4913
10.6012
12.951
5.20886
2.12689
3.59706
5.20886
5.08093
12.5152
11.733
12.5152
10.8553
11.3184
15.0995
5.8536
15.0995
7.57556
12.8097
15.4933
13.1682
13.9327
15.4933
14.6378
21.5659
10.7791
21.5659
11.6152
16.5429
24.9202
24.9202
24.8845
24.8936
24.8852
14.7607
14.5889
14.7607
14.2262
14.5809
19.2123
17.0589
19.2123
18.6525
18.6818
20.5404
20.5166
20.5404
18.2141
18.8483
17.3649
15.2291
17.3649
14.8477
14.5625
4.93516
1.03411
4.92808
1.50468
4.93516
19.8646
9.18017
17.9802
7.25267
19.8646
19.2893
17.7811
19.2893
18.0631
18.383
12.1383
11.9903
12.1383
11.6679
9.61167
18.6406
14.9875
16.1418
18.6298
18.6406
19.7288
19.7288
19.7161
19.2698
19.4269
15.7431
12.4074
15.7431
10.4167
15.4386
21.1595
19.3773
21.1595
15.9004
15.8558
18.524
18.3945
17.7536
18.5093
18.524
20.3865
20.3801
20.3865
17.7921
18.6586
14.3334
13.3544
13.9721
14.3334
14.3146
14.3509
12.2641
14.3509
10.2931
11.9679
18.9565
13.2478
18.9565
12.0864
18.3697
23.5423
23.4561
23.5423
23.4605
23.4281
19.749
15.502
19.749
16.3715
18.4666
13.1212
10.7653
10.7805
13.1212
8.76136
12.3892
7.61276
8.40153
12.3892
12.2589
12.4912
10.8197
11.1407
12.379
12.4912
15.2545
11.9663
12.9081
15.22
15.2545
11.62
11.14
11.62
11.5061
11.5084
