9.15568
7.12765
9.04071
5.449
9.15568
5.9364
4.68367
5.47546
5.6209
5.9364
4.95792
4.95792
4.92735
4.91972
3.75616
10.8647
7.82639
9.33866
8.29939
10.8647
15.8506
7.92212
11.2649
7.80715
15.8506
18.1826
12.9864
16.7691
11.0719
18.1826
7.91143
7.77221
7.44837
7.74162
7.91143
18.4159
18.4159
17.1663
13.2632
17.4725
15.854
12.534
15.1798
13.2679
15.854
15.4368
14.2624
15.4368
12.3457
13.8136
11.6309
11.6309
11.6182
11.5802
11.4084
15.5306
15.5306
15.5001
14.5474
14.5221
13.2983
12.0868
13.2983
12.0872
12.3498
12.7241
6.07538
9.97253
5.73809
12.7241
14.1914
13.2351
14.1914
12.5651
11.9223
11.8403
9.73636
11.3503
10.4216
11.8403
14.0701
14.0701
10.7677
12.9184
10.7099
16.5774
8.75911
15.9289
6.49494
16.5774
17.7893
9.23711
16.4765
8.65308
17.7893
11.5257
10.5188
11.5257
8.20432
11.3018
6.21343
6.19022
6.16999
6.14019
6.21343
15.7972
14.7183
15.7972
11.0215
12.6738
12.3578
6.98623
12.2991
6.52379
12.3578
16.5847
13.3252
16.2205
9.96297
16.5847
17.8114
11.2985
16.3542
10.3624
17.8114
21.2514
12.5384
20.1275
12.732
21.2514
23.9239
23.9239
19.7411
17.5281
16.7487
24.9229
12.3726
20.0458
11.3308
24.9229
24.9221
15.5164
24.9221
15.2907
21.085
16.6051
14.6218
15.5102
15.7181
16.6051
4.08173
2.55816
4.08173
1.54924
3.73138
16.5657
9.86759
13.0642
9.01526
16.5657
18.1061
15.0702
17.2325
14.0647
18.1061
17.7602
17.7602
15.1966
14.4385
13.1084
18.5987
18.5987
16.3593
18.5752
16.754
18.9832
13.9433
18.9832
13.6059
18.688
16.5906
11.753
14.635
10.6162
16.5906
21.6285
10.6357
21.6285
8.87642
19.7029
17.3889
10.1678
16.4316
6.0022
17.3889
22.35
18.3734
22.35
16.104
17.8783
19.0431
18.856
18.3265
19.0431
18.6866
15.2349
15.2349
14.8132
14.9409
13.6452
19.0184
14.6937
15.9767
12.2479
19.0184
22.8634
11.4423
22.0108
12.5024
22.8634
22.391
14.7968
18.3904
13.4244
22.391
17.3628
17.3628
17.245
14.5758
15.1065
21.0358
20.7591
19.2554
21.0358
20.9282
18.6544
18.6544
16.931
16.4684
15.467
22.3164
22.1104
20.034
22.3164
22.199
16.1979
15.5445
15.4237
16.1979
16.1934
