8.85857
7.25312
7.28682
6.21674
8.85857
7.91521
5.31515
6.07226
7.91521
6.06488
4.96033
2.39528
1.99531
4.96033
4.95972
10.1525
8.09467
8.4347
8.00117
10.1525
19.3903
17.2578
19.3903
14.7387
16.6293
17.9406
12.1283
11.4724
16.3335
17.9406
9.55727
8.11887
3.72545
9.43855
9.55727
15.721
13.3403
13.0791
12.3499
15.721
14.0348
14.0348
10.4747
10.8754
11.2547
18.6645
17.6107
17.8129
18.6645
11.5746
12.7502
12.7502
9.43152
12.5424
10.1899
11.5852
11.5631
11.4607
11.0708
11.5852
13.5587
13.4099
13.5587
11.5317
11.161
16.8764
14.3252
14.5128
16.8734
16.8764
13.3524
11.328
10.8619
10.7436
13.3524
13.6251
8.72787
5.52837
8.38183
13.6251
11.396
11.396
11.3319
10.2247
11.2044
12.2464
11.9609
11.7025
8.62452
12.2464
17.8106
17.8106
17.434
12.0362
16.4762
11.1204
10.0006
6.41622
7.79999
11.1204
5.03519
5.01828
5.03519
1.90547
4.87308
12.8767
9.48631
6.55202
8.38847
12.8767
13.7241
13.7241
12.8223
12.8077
12.8234
14.9233
14.9233
12.5392
14.6958
11.3907
18.6289
18.6289
17.0143
13.562
15.9244
15.9823
13.0606
9.79385
10.3156
15.9823
13.3121
12.2575
12.0789
11.1463
13.3121
15.8207
14.39
14.1972
15.1396
15.8207
14.788
13.6466
11.2964
14.6515
14.788
24.9306
24.9306
23.921
20.156
23.9241
4.97911
4.96751
3.7342
4.97811
4.97911
24.9287
24.8844
24.9287
12.6592
18.4414
15.9952
15.9952
13.8361
14.7028
15.9664
15.121
15.121
7.23124
13.2201
11.5963
18.2784
18.2784
16.2984
16.2718
16.3601
17.1513
17.1513
16.5687
13.8362
16.3537
14.2981
13.3395
14.2074
13.7125
14.2981
17.4247
17.4247
17.2375
12.3642
17.391
17.4867
8.07343
7.23335
7.10556
17.4867
14.2203
14.2203
11.0262
12.8684
14.0265
13.4976
13.4976
12.5101
12.7477
12.9543
16.3475
16.3475
14.9786
15.758
10.9662
19.1062
19.1062
18.7352
15.7397
17.5052
17.0192
13.6149
10.5078
11.1286
17.0192
16.0692
16.0692
15.5439
14.5972
15.3495
14.988
11.4055
7.69168
11.8594
14.988
12.5661
12.4493
12.3442
12.2029
12.5661
12.4708
11.8163
9.82159
12.4708
9.83622
13.0364
13.0364
12.8055
12.4202
12.9581
10.6256
10.6256
9.93037
9.86065
9.98961
