9.41562
8.49207
7.874
9.41562
8.56523
6.92739
4.92932
4.17731
5.88277
6.92739
4.60253
3.12728
3.75763
4.60253
3.71335
12.1872
9.90425
10.6427
12.1872
11.6482
14.9459
6.75554
14.5491
14.3352
14.9459
19.6496
15.2436
17.8733
19.6496
19.637
8.78244
7.79186
8.16425
6.79308
8.78244
17.7833
17.2981
16.8118
17.0542
17.7833
17.2996
16.9232
17.2996
14.2722
14.0033
20.0747
13.4492
20.0747
19.2014
19.5807
11.533
10.399
10.3564
11.533
11.0805
13.0839
12.2574
11.2932
11.7545
13.0839
13.8196
10.4921
13.8196
11.5501
12.3125
15.0017
6.21666
12.2467
12.7825
15.0017
14.9062
14.9062
12.8152
12.9532
14.0043
13.1307
13.0511
13.1307
10.1505
12.3491
16.8065
15.0412
16.8065
12.3151
12.841
15.8007
14.1209
14.5864
15.8007
13.7404
17.2885
12.7701
15.721
17.2885
15.7195
12.9949
12.2145
12.1429
12.244
12.9949
6.05796
5.23554
6.05796
5.16327
5.68613
15.845
15.5949
15.845
13.8971
13.2834
12.5517
8.09609
12.0703
12.5517
11.8853
16.8487
15.6174
16.691
16.8487
15.4121
17.0594
11.791
16.9276
17.0594
15.1798
23.3577
23.3577
22.3877
17.5916
17.4598
17.003
17.003
15.8679
16.5447
16.3928
19.8927
18.344
19.8927
17.6521
17.4645
20.5954
20.5954
20.2668
17.3521
19.4133
18.9609
16.0757
16.7724
18.9609
17.9
4.91179
3.20684
4.06212
4.91179
4.79722
15.7127
9.89937
15.2851
15.7127
14.6637
24.9251
24.9251
23.2277
24.7493
23.0681
14.1026
14.1026
13.7832
14.0589
13.9864
19.7098
19.7098
17.6003
18.8413
18.1176
20.5679
20.5679
20.4753
18.3505
18.9454
16.7402
12.1462
15.754
14.5934
16.7402
18.9172
17.4544
17.164
18.9172
17.9594
16.5241
16.3087
15.4261
15.2805
16.5241
21.2009
21.2009
19.4089
17.1902
17.7075
15.263
15.263
13.7453
14.3407
14.4686
19.6471
13.8018
18.9629
17.5523
19.6471
19.5862
14.1483
18.3321
19.5862
18.2482
21.562
21.562
21.2692
17.2819
18.0901
19.7084
18.1838
19.7084
17.61
18.0024
15.2484
12.8365
10.9339
15.2484
13.9655
13.4736
12.0024
11.5375
12.4638
13.4736
13.655
13.4396
13.655
11.6441
13.3446
15.009
15.009
14.0826
14.4089
13.9847
13.3489
12.041
13.2395
12.3206
13.3489
