9.38516
7.32946
9.38516
6.52724
9.28302
6.22429
5.37888
5.37521
4.30164
6.22429
4.96353
4.96353
3.72535
4.75008
4.06493
10.6239
9.41534
9.85231
9.92583
10.6239
18.0414
6.55115
14.2254
6.86907
18.0414
18.0857
14.7157
18.0063
15.4473
18.0857
8.24126
7.95526
8.24126
7.91213
8.20863
18.6996
16.1802
18.6996
12.949
18.1023
16.1636
13.3792
16.1636
13.3665
16.1242
16.0005
14.0919
16.0005
11.5845
13.9603
11.8877
11.2849
11.2091
11.8877
11.1778
16.5157
15.8797
14.192
16.5157
14.8507
15.3754
10.9203
15.3754
10.919
12.605
13.5029
4.54284
10.6851
6.31247
13.5029
14.1888
13.8764
14.1888
13.7443
10.7638
12.7315
12.6233
12.7315
12.2567
12.6993
15.5242
14.7851
12.1764
15.5242
11.006
16.0537
9.96769
16.0537
9.43735
16.0495
17.9012
9.53477
17.0942
8.68424
17.9012
11.7131
11.5403
11.5075
8.93384
11.7131
6.67323
6.24204
5.93233
6.67323
6.16724
15.582
15.0887
15.582
11.4472
12.5565
12.9821
6.14719
12.9821
5.04756
12.1391
15.8562
12.9377
15.8562
11.1739
15.4623
17.9489
10.3907
17.9239
9.35524
17.9489
23.139
16.1337
23.0492
15.6513
23.139
18.2831
17.0458
18.2831
17.3176
17.09
24.07
14.4712
24.0263
15.2058
24.07
23.7401
17.7453
23.7401
17.7671
19.2294
16.9712
13.4169
16.441
13.9832
16.9712
4.19234
2.29926
4.19234
1.23206
3.65867
18.4384
8.37762
16.1388
7.02243
18.4384
19.2536
15.8086
18.5521
15.113
19.2536
20.8969
20.8969
14.561
15.1734
12.939
18.3346
18.003
15.9025
18.3346
16.3362
19.2372
16.1561
19.2372
15.9509
19.1782
16.0346
11.9081
14.1951
12.6826
16.0346
22.3107
13.0443
22.3107
10.6216
20.4233
18.5844
10.7727
18.5546
9.61804
18.5844
23.384
16.5134
23.384
17.7351
17.3882
18.062
17.5665
18.062
17.5592
16.1019
15.2255
15.2255
14.9988
14.4292
13.3658
19.398
14.4435
17.8421
14.3512
19.398
24.3342
16.3
24.2447
15.8488
24.3342
22.4216
16.2325
21.2751
15.622
22.4216
17.9102
17.9102
15.9267
14.7187
15.8947
20.4155
17.8785
15.8426
20.4155
18.3938
18.0936
17.7125
15.0869
18.0936
15.6312
23.9008
19.8498
17.5108
23.9008
21.8525
15.8589
15.4914
15.2644
15.8589
14.9434
