9.2105
9.2105
9.17544
8.69558
8.9934
5.92241
3.08826
3.54003
4.77141
5.92241
4.91697
3.39381
4.91697
3.67286
3.69381
10.6282
10.6282
10.5166
10.3658
10.127
15.2472
5.64519
14.8476
7.2094
15.2472
20.0049
14.8399
20.0049
13.592
16.0718
9.26269
8.24722
9.26269
8.22791
8.34797
16.5176
16.2933
16.5176
15.5267
16.1168
16.6818
16.4154
16.6818
14.2874
15.7145
20.8498
14.8691
20.8498
15.4549
15.3812
12.5145
8.80011
12.5145
11.1152
9.19428
12.9967
12.4214
12.5202
12.9967
11.9788
12.9144
10.6223
12.3157
10.862
12.9144
14.1841
4.70015
14.1841
5.63506
12.5486
14.3333
13.1611
13.8794
14.3333
12.5218
14.1106
12.8597
14.1106
11.5236
11.765
16.17
14.9317
16.17
14.3039
14.2599
15.9757
15.9757
15.4636
13.7456
14.5357
18.6227
11.5242
16.8495
11.8648
18.6227
11.7433
10.8129
10.7323
11.7433
11.586
6.57765
5.35212
6.57765
5.34067
4.91995
15.0531
13.9406
13.7545
15.0531
13.5931
14.9911
6.59259
14.9911
8.28089
11.1105
14.8836
14.1218
14.8836
14.0721
13.9471
20.636
10.263
20.636
11.7315
18.0637
23.7925
23.7662
23.7925
17.4271
18.0933
16.9333
15.8374
15.5526
16.9333
16.8351
20.1342
20.1342
19.1705
15.4908
18.2464
22.0382
22.0382
20.4664
18.0156
17.788
17.6422
15.6814
17.0273
15.8875
17.6422
4.94087
1.67054
4.94087
2.67309
3.19038
18.9551
7.95564
18.6488
10.8054
18.9551
19.7383
18.9589
18.2809
19.2618
19.7383
16.397
15.1556
16.397
14.9268
12.6742
21.2352
21.2352
17.8738
20.8688
19.6353
20.452
20.452
19.791
18.4137
19.9549
15.7869
11.9704
13.449
11.4589
15.7869
18.777
17.6787
18.4758
15.6168
18.777
18.926
18.926
17.976
15.9112
15.8813
24.1989
24.1989
22.1369
19.3723
19.0183
17.2644
16.208
15.7144
17.2644
15.9097
19.1649
16.0843
19.1649
15.0281
15.3434
18.8088
14.4767
18.2307
14.8271
18.8088
24.3228
24.3228
24.1013
18.2231
18.228
19.4103
18.1969
19.4103
17.0352
19.1712
16.0384
15.5051
14.4838
16.0384
13.8957
17.6761
16.099
14.9753
17.6761
15.8365
13.078
12.5949
12.7844
13.078
13.0188
17.9896
17.712
17.712
17.9896
16.0948
14.4206
14.1557
13.059
14.4206
14.0388
