9.43843
8.96581
8.66078
7.57853
9.43843
7.73481
3.91062
5.00418
7.73481
4.99771
3.76244
3.23124
2.31923
3.72833
3.76244
10.5396
10.5396
10.1804
10.0118
10.1956
18.4775
11.0416
15.367
15.7376
18.4775
19.4728
16.0479
17.5381
18.6098
19.4728
9.5618
8.00648
9.5618
8.18471
8.34961
18.9829
15.5695
15.6932
16.004
18.9829
17.1158
16.2595
17.1158
16.1281
15.2489
18.4087
16.6037
15.26
18.4087
18.1813
13.1973
8.86762
7.82185
13.1973
11.3233
13.7793
11.0672
8.95893
13.6082
13.7793
13.4263
9.83396
12.2958
13.4263
12.4791
14.2036
7.89057
12.242
14.1602
14.2036
13.8065
13.3355
12.3831
13.3901
13.8065
14.6808
12.9487
14.6808
12.4262
12.2302
14.2495
14.1711
13.522
14.2495
13.8019
16.1193
16.1193
15.1237
13.394
15.795
17.9891
15.9168
17.4573
15.2624
17.9891
12.4254
11.2409
11.3071
10.8537
12.4254
5.12215
5.12215
4.65297
5.09954
4.82357
14.5873
14.5873
12.5588
13.0136
12.7708
14.2752
9.52212
14.2752
11.8269
12.4268
16.1969
15.1108
14.0355
15.8092
16.1969
20.1951
14.5331
20.1951
15.9567
17.2317
23.0916
22.5621
23.0916
18.3189
19.7105
18.5849
16.6974
15.2445
17.9316
18.5849
19.9077
19.9077
18.0175
19.0196
19.1339
20.5881
20.5881
19.135
18.874
18.9307
19.1258
18.7383
17.0702
18.6118
19.1258
4.96025
2.96225
4.96025
4.58767
4.41874
19.9464
15.2533
19.914
17.4526
19.9464
19.8588
19.4779
18.3884
19.8565
19.8588
14.6694
14.6694
12.0995
14.3146
13.9176
24.933
21.1062
18.1105
24.933
20.4199
24.9346
24.9346
20.9818
20.3314
19.8121
16.3528
14.9317
16.3244
15.2533
16.3528
21.2302
18.9814
18.9064
14.7024
21.2302
16.9747
16.3501
16.61
16.9747
15.3897
21.661
21.661
20.5423
18.6812
18.9779
17.3174
15.5463
13.8911
17.3174
17.1008
17.8886
16.9212
14.2918
17.8886
17.8658
21.5268
18.2428
19.2104
20.0906
21.5268
21.8838
21.4884
21.8838
18.0695
18.9483
21.1562
20.188
19.2935
21.1562
21.004
15.5936
13.8614
12.9406
15.5936
15.2389
17.2902
13.1967
11.484
17.2902
16.4802
15.0755
13.0095
12.6384
14.9854
15.0755
17.6946
15.501
12.9617
17.6946
17.3437
14.5835
11.8732
10.4812
14.5835
14.1865
