9.50065
8.85401
8.15682
8.12167
9.50065
6.51467
3.69613
3.52673
5.9683
6.51467
4.88853
3.89794
4.86416
4.88853
3.47791
11.075
10.1539
10.1613
11.075
10.593
16.4431
5.18694
15.462
12.6295
16.4431
20.8729
14.2899
20.8729
19.1345
18.1409
9.60229
8.88871
9.60229
9.10632
8.62234
20.1603
16.7712
18.0563
16.4144
20.1603
17.9019
17.9019
17.4518
12.7537
15.0553
22.1483
13.7142
22.1483
16.0755
17.166
12.3304
10.401
12.3304
11.3585
9.66115
15.3302
15.3302
12.8088
13.9052
12.664
16.2353
10.294
14.7705
12.0004
16.2353
14.7489
4.31491
14.7366
13.4689
14.7489
14.2264
13.4158
14.2264
12.9935
13.0224
14.0289
13.4236
14.0289
12.7118
11.6252
16.8369
15.8488
16.8369
15.5542
15.3564
14.7534
14.7534
14.7114
13.2009
13.3519
19.2053
10.6602
19.1326
13.8176
19.2053
12.3462
11.1409
11.4821
11.101
12.3462
6.63326
5.89071
6.63326
5.61366
5.2534
15.0756
13.5494
13.7495
15.0756
12.3595
13.9667
5.60758
13.9667
13.6104
12.1078
16.5391
13.547
14.8951
16.5391
13.8154
19.9562
10.3071
19.9562
17.5013
16.6612
24.5173
24.5173
23.5219
16.2948
17.1597
18.9991
16.3599
17.7297
18.9991
17.3105
18.9123
18.9123
18.4077
18.0724
16.6978
21.6595
21.6595
19.7899
18.1699
18.0107
18.1741
15.499
15.1833
18.1741
15.0874
4.73371
1.42039
4.73371
4.6817
3.96658
14.8911
6.3874
14.8911
13.5573
14.815
19.1091
19.1091
18.9621
16.9887
18.0536
16.6448
14.6206
16.6448
15.895
15.1229
21.9128
21.9128
19.0133
17.8003
17.7971
20.597
20.597
20.1441
15.4198
16.2791
17.176
11.7015
13.4359
16.3986
17.176
19.4756
16.8621
19.4756
14.0345
19.4451
18.4381
18.4381
16.7172
11.4701
15.3416
22.4935
22.4935
20.5733
20.486
20.1603
17.8141
17.8141
16.7181
17.3161
16.6533
19.9645
15.5259
19.9645
14.4456
17.4003
17.6692
14.17
17.0262
17.5269
17.6692
23.9172
23.9172
22.8623
16.3099
17.6874
18.9395
17.8227
18.0626
18.9395
17.4757
16.7395
14.9793
13.6864
16.7395
15.8651
21.0375
21.0375
17.9838
20.3012
17.4045
16.4124
16.4124
13.8394
14.9782
14.4614
20.8434
20.8434
18.5961
19.6109
17.3148
15.2518
15.2518
13.7987
13.6737
13.2708
