9.17634
8.79314
9.16467
8.41766
9.17634
7.92938
7.92938
4.79718
6.3843
4.21147
4.96415
4.96129
4.96415
4.95919
4.96005
10.8885
10.1884
9.26583
10.8885
10.8353
14.1943
11.2357
14.1943
13.3237
13.4424
18.3022
14.9641
12.6727
18.3022
18.202
9.41144
9.41144
7.50946
9.33224
8.35196
14.9557
14.5057
14.2691
14.3047
14.9557
16.5601
16.121
15.4823
16.4968
16.5601
21.9475
14.0196
21.9475
13.8872
13.6273
12.5067
11.488
12.5067
8.58649
8.11298
14.4487
14.4487
14.0562
6.29766
6.03403
14.1444
10.7218
14.1444
11.2979
11.1116
13.8989
10.1093
13.8989
11.8335
11.8023
14.0304
14.0304
12.405
10.8214
11.7984
13.2035
13.2035
12.2298
12.8827
13.062
11.9545
11.9545
10.5212
11.7422
11.8853
16.6256
16.5481
15.3719
16.5896
16.6256
18.4073
10.6219
18.4073
14.8887
14.8537
10.964
10.7712
10.964
10.6261
10.9269
6.47072
6.47072
6.43809
2.08753
1.75036
14.1043
14.1043
13.8846
9.15224
12.527
15.2073
6.38568
15.2073
11.1515
11.1578
16.068
14.0996
15.1018
16.068
15.9537
20.732
14.606
20.732
14.8587
14.982
23.9116
23.8617
23.0201
23.3315
23.9116
16.292
16.292
14.5858
10.9775
14.2419
23.546
20.9135
17.2824
23.4908
23.546
22.0899
22.0899
19.4795
19.3968
19.5717
16.3354
15.7812
16.3354
15.0206
14.965
4.85704
3.50589
4.85704
3.67504
3.64061
16.69
12.2023
16.69
13.6956
13.8013
17.4901
17.2234
15.8927
17.4901
17.4245
15.6832
15.6832
12.8203
8.66011
10.9093
16.8258
16.8258
15.462
15.8613
15.6661
19.7244
19.5826
19.7027
19.5212
19.7244
19.9326
11.3098
14.276
19.7025
19.9326
24.9203
16.8589
24.9203
15.9594
19.0194
19.9251
18.0653
17.8713
17.7572
19.9251
24.9216
24.9216
18.9549
16.9945
18.8236
21.9224
21.9224
19.7496
8.60974
8.91212
18.3907
16.3863
18.3907
12.5271
12.4561
18.3473
12.4296
15.6174
18.3086
18.3473
24.5739
24.5739
23.5986
24.3877
24.5332
21.7486
19.0933
15.0947
21.7486
21.7199
17.7074
15.6328
17.7074
7.26282
13.1487
18.2417
18.2417
18.2371
6.54605
9.05242
13.3053
13.3053
10.7633
8.26487
8.91775
21.1458
20.9469
21.1458
8.17998
8.91824
16.3478
16.3478
15.9952
7.75242
7.40427
