9.17673
8.82265
8.67757
9.03389
9.17673
5.92153
2.75396
2.58595
5.83053
5.92153
4.88033
4.88033
3.28272
3.85606
3.66522
10.4201
9.77183
10.4201
9.75003
10.0013
15.0271
6.04791
5.78568
10.4796
15.0271
19.0251
14.0296
13.8272
14.7454
19.0251
8.90114
7.83281
8.90114
8.20633
8.81544
16.9887
15.9781
16.4753
16.9887
15.7451
17.1814
17.0688
16.9356
17.1814
16.9412
18.624
13.4695
12.8002
15.5084
18.624
11.95
9.14517
11.95
10.425
8.60457
13.9715
13.9715
12.5102
13.5905
11.2523
13.0742
8.59959
9.81562
12.879
13.0742
13.1134
4.23213
4.40435
9.06252
13.1134
14.153
13.5823
13.1346
14.153
13.7802
13.6099
12.7578
13.2481
12.8115
13.6099
15.6295
13.3895
15.6295
14.7347
14.5365
14.8588
14.8125
14.8588
14.4896
14.4269
19.8002
12.2518
11.6118
13.8635
19.8002
12.0219
11.3802
11.0395
12.0219
11.8465
6.39725
6.39725
6.13404
5.53248
4.72901
12.627
12.5702
12.3784
12.4322
12.627
13.3827
6.85118
6.57972
10.456
13.3827
15.8309
14.2645
13.946
15.8309
15.1369
18.4397
11.0305
10.6012
14.4398
18.4397
23.4369
23.1298
22.5361
23.4369
23.3862
18.6894
17.1926
16.3776
18.6894
17.1324
19.0908
18.5486
17.9656
19.0908
18.9674
20.8652
20.8652
19.7281
19.1771
19.4283
18.4922
15.4851
15.4117
17.0584
18.4922
4.8859
2.12358
4.85785
3.78742
4.8859
18.4554
9.66255
9.66745
12.6954
18.4554
21.1563
19.6232
19.6076
20.8615
21.1563
16.5459
16.5459
13.4274
14.6379
14.8314
19.2309
18.2215
17.7384
19.2309
19.1641
21.1858
21.1858
20.5147
20.7336
20.1772
17.3267
12.6347
12.2499
14.1976
17.3267
19.9344
17.5484
17.0436
17.2331
19.9344
17.4989
16.7443
16.1486
17.0007
17.4989
20.1683
20.1683
19.5116
19.2693
19.4944
15.2302
14.7292
15.0317
15.2302
14.3687
23.9161
14.7254
18.9875
16.1954
23.9161
19.5076
14.506
14.0191
17.9259
19.5076
22.6988
22.5276
21.9514
22.6988
22.694
19.8485
18.0698
17.4196
19.5261
19.8485
15.5628
15.5628
15.5066
13.6694
13.1113
16.0463
15.3582
13.6484
16.0463
14.8184
18.2675
18.2675
14.3167
16.1917
14.765
16.7151
15.166
13.361
16.7151
15.8259
14.5584
14.5584
14.0328
12.6125
12.1278
