10.7422
6.77228
8.0775
10.3362
10.7422
7.61607
7.61607
7.04964
3.78714
4.60742
4.92711
4.92711
4.87916
4.92292
3.6872
13.9514
9.95313
8.69573
11.5264
13.9514
19.9297
14.6253
19.9297
11.0878
14.5354
15.8285
11.1201
11.4345
13.764
15.8285
9.66356
7.43439
6.97515
7.63686
9.66356
15.6128
13.0994
13.984
14.0683
15.6128
16.4664
12.9764
13.4106
13.353
16.4664
21.4748
15.2195
21.4748
11.701
11.6871
11.9005
11.9005
10.3313
6.94892
6.0576
13.946
13.946
13.1563
10.2612
8.65497
15.2516
11.5075
15.2516
9.43754
9.50831
16.0118
16.0118
14.6226
10.081
12.4946
14.5779
14.5779
12.9345
13.5961
12.9131
13.2532
10.9243
10.7103
12.6305
13.2532
14.5193
12.0239
10.1102
14.5193
12.8961
16.3808
9.79655
13.2041
15.3079
16.3808
16.6483
11.6074
16.6483
11.8655
13.4468
13.1391
11.1385
12.6255
13.1391
11.7855
5.84715
5.84715
5.74868
3.74286
3.07354
18.3162
14.4235
14.0778
18.3162
13.8998
14.6714
13.1698
14.6714
10.2039
11.319
16.7762
12.3472
14.8811
16.7762
14.6347
19.1964
16.8201
19.1964
12.5206
14.8973
20.6792
17.153
16.7705
19.7516
20.6792
16.5935
16.5935
15.5451
14.3004
15.4958
19.1869
10.683
15.188
16.6724
19.1869
19.0719
18.8313
17.7167
19.0719
18.1541
17.3802
17.3802
16.9565
11.9598
13.8154
4.67051
3.16315
4.67051
3.78514
3.93813
20.643
14.666
20.643
12.1427
16.9606
17.2817
15.5944
17.2817
14.5785
15.6966
14.2331
14.2331
13.7195
14.1044
13.5101
18.3443
18.3443
16.959
12.6749
13.9253
17.2483
14.4087
15.8894
16.084
17.2483
14.283
12.4476
14.283
11.1041
13.1768
17.0014
14.1496
17.0014
13.1511
16.6429
18.337
14.7517
13.4695
17.3945
18.337
21.7865
21.7865
20.9268
19.6525
19.3978
18.7649
18.7649
18.5868
12.3183
11.4481
17.662
15.1373
17.662
12.7524
12.9338
17.8219
13.8164
17.8219
13.5356
15.437
20.8569
16.076
16.0961
19.8418
20.8569
17.4681
13.1316
14.5524
15.4162
17.4681
17.8117
17.8117
15.9387
13.1868
12.9537
20.0356
20.0356
19.2548
9.93551
9.97264
14.1555
14.1555
13.6951
12.1581
12.1557
22.2109
22.2109
20.9772
13.058
11.9423
14.7801
14.7801
14.7093
9.17489
7.46682
