9.63073
8.7627
9.63073
7.33834
9.6232
7.41278
7.41278
4.32142
6.26158
4.83314
4.9626
4.93348
4.96228
4.9626
4.94395
10.6545
10.4963
10.0467
10.6545
10.5485
16.0383
14.3062
15.1019
15.8705
16.0383
18.1804
17.8784
13.2634
17.5796
18.1804
9.17571
9.17571
8.05575
7.845
8.17125
17.8485
14.2928
14.9555
13.3312
17.8485
16.3781
16.3605
16.045
14.6247
16.3781
22.1754
13.9481
22.1754
14.9712
15.1618
12.065
10.895
12.065
11.6156
10.8594
17.1557
15.3463
15.0301
17.1557
17.1279
14.4145
11.3136
14.4145
11.8694
12.0351
12.3456
11.8762
12.3456
12.1155
11.9311
14.2227
14.2227
12.1916
12.8632
12.1004
12.7317
12.7317
12.5815
11.7809
12.7289
15.2074
15.2074
10.4068
14.8255
12.4694
16.7545
16.7499
16.1225
15.0236
16.7545
18.3615
12.2514
18.3615
15.8338
15.001
11.1575
11.1575
11.0159
9.24395
10.8944
6.71686
6.70624
6.71686
6.7119
6.67737
13.9393
13.9393
13.8297
11.7752
13.0849
14.0327
11.8846
14.0327
12.2607
11.5502
15.8435
15.8435
14.9613
14.5697
15.5731
19.31
16.2652
19.31
16.8326
16.7107
23.557
23.3156
23.4522
17.8339
23.557
17.7029
16.67
14.7341
16.5256
17.7029
23.8785
23.8785
18.5017
23.0195
23.4891
22.3324
22.3324
19.7016
16.631
19.7928
20.234
17.361
16.3647
20.234
16.047
4.96512
3.71186
4.96512
4.06035
3.74438
19.6862
14.6934
17.1785
19.6862
18.4221
19.3069
17.3089
16.9264
17.1797
19.3069
16.5302
16.1112
15.8486
16.5302
15.5278
18.2104
15.9886
14.3743
18.2104
16.9256
19.9374
19.9374
19.5963
18.9579
19.9173
18.6056
12.3687
13.1346
16.507
18.6056
23.6073
16.7884
23.6073
15.9256
17.4591
19.3806
18.4094
18.3814
13.2253
19.3806
24.2126
24.2126
18.7256
13.7816
18.3834
20.3551
20.3551
18.7599
16.8201
16.4575
18.7826
15.2731
18.7826
13.8174
14.2262
24.9246
17.4016
15.5765
24.9246
21.93
24.9151
24.4553
24.3024
19.8116
24.9151
24.9252
22.6833
16.5902
23.8439
24.9252
18.933
16.3983
18.933
14.534
16.1215
17.8329
17.5505
17.5224
17.8329
17.5905
19.1136
15.2766
15.2632
19.1136
18.226
18.5823
18.5823
18.3963
17.1248
16.9617
16.0707
16.0707
15.8006
15.2175
15.2034
