9.50831
8.31801
9.16129
8.52808
9.50831
5.97722
5.45599
5.39292
3.81032
5.97722
4.96426
4.03426
3.99643
4.9612
4.96426
10.1619
10.088
8.00802
10.1496
10.1619
16.8199
10.3767
16.8199
6.68455
11.4941
15.8764
13.792
11.9608
15.8764
13.7584
9.65308
9.42383
6.33371
9.52954
9.65308
15.5662
14.3373
13.411
14.7723
15.5662
14.3118
13.6593
8.87052
14.3118
13.7859
17.9308
12.2225
17.9308
10.8515
11.1627
11.4902
11.4902
11.2023
6.52754
11.4311
14.115
14.1076
14.115
10.6775
8.34199
14.5527
10.9327
14.5527
8.58674
7.99778
12.5691
12.5691
12.4824
6.34669
8.2265
13.3059
13.3059
11.6859
13.2722
11.7545
13.9088
13.3943
9.00822
13.542
13.9088
12.7208
12.067
10.2006
12.7208
11.0528
15.4364
13.6338
15.0136
14.0178
15.4364
18.038
9.93985
18.038
9.42488
16.0471
11.5214
11.1178
10.1353
10.0651
11.5214
6.27467
6.25893
6.27467
3.29458
2.21312
12.9599
12.9599
12.3097
8.36778
12.933
11.3477
9.27494
11.3477
5.88172
6.41512
13.5135
12.1151
12.6419
12.0068
13.5135
16.7364
15.4028
16.7364
7.31604
10.6374
20.8549
18.3897
16.0333
18.5068
20.8549
17.0337
16.4862
17.0337
12.6159
13.3151
17.7176
14.6027
11.2127
16.659
17.7176
19.7181
19.7181
14.3995
18.8568
16.9733
15.1212
15.0856
15.1212
11.6311
13.694
4.39198
2.12755
4.39198
2.83971
3.33677
16.331
11.0395
16.331
6.80631
11.5088
15.036
14.0891
14.2449
15.036
14.8956
16.6129
16.6129
14.3266
12.6079
12.0641
15.7021
15.7021
15.3809
13.6252
11.9149
16.0373
15.7485
14.6094
15.8452
16.0373
15.1576
10.53
15.1576
10.6607
14.2055
20.23
13.5222
20.23
12.4777
18.5469
19.5516
17.4128
17.4207
17.7599
19.5516
21.0366
21.0366
16.1022
16.1185
16.5177
17.9546
17.6259
17.9546
8.80958
10.8615
17.0127
14.4782
17.0127
11.0582
11.5764
17.0371
10.6769
17.0371
11.6162
13.0133
21.4951
19.3344
16.83
19.5968
21.4951
16.0464
13.8691
13.1609
16.0464
15.0442
16.3504
16.2922
16.1386
11.8216
16.3504
24.9167
24.9017
24.9167
10.4498
14.1255
16.2816
16.2816
16.2676
14.2043
9.11052
22.1977
22.1826
22.1977
11.7286
11.8852
15.1398
15.1019
15.1398
8.49174
11.1558
