9.4606
8.26062
8.80904
7.28959
9.4606
7.62142
7.62142
4.58828
5.1329
4.81944
4.96262
4.96262
4.93805
4.96038
4.96202
10.5782
9.98593
10.5782
9.93553
10.4751
14.7341
13.3899
13.4758
11.5689
14.7341
20.5605
17.7101
16.6851
16.9731
20.5605
9.41976
9.41976
8.20151
8.36376
8.49551
19.1624
14.2861
17.6356
16.4093
19.1624
15.5199
15.4639
15.5199
12.7939
14.059
18.6985
15.1436
15.4947
18.6985
17.6871
13.5586
13.5586
11.8523
12.3231
11.266
17.7264
14.911
14.1476
17.7264
17.7239
12.2454
10.2066
12.2454
11.3747
11.8274
12.93
12.3943
12.4338
9.80312
12.93
14.0555
11.8135
11.5244
14.0555
13.6946
12.6807
12.6807
12.3943
11.4046
12.6218
15.4895
15.3855
10.7433
15.4895
14.4718
16.7683
16.7378
16.7683
11.5308
13.0984
18.0643
17.8479
18.0643
14.5607
15.0006
11.1408
10.6563
11.0343
10.2404
11.1408
6.71462
6.71462
6.68702
6.62655
6.60448
14.477
14.477
12.4032
13.7771
13.8265
14.2628
9.84783
14.2628
11.2205
12.9015
16.5328
15.6712
13.9117
16.2131
16.5328
19.3065
19.229
19.3065
16.127
18.3726
19.537
17.6523
19.537
13.336
17.2775
18.6802
15.6238
14.0761
18.6802
18.5826
22.1526
22.0133
22.1526
16.9706
19.3104
19.4886
19.2385
19.4886
18.3497
19.1569
17.6769
16.4542
16.2516
16.5087
17.6769
4.93015
4.52268
4.93015
4.52947
4.7842
15.7642
15.7176
15.7642
12.1029
14.8083
17.9717
16.1155
16.955
15.3496
17.9717
18.2736
14.8241
12.389
18.2736
16.0346
19.3583
19.3583
15.0974
17.8062
18.5578
19.4592
19.4592
19.2259
15.7089
18.0574
18.1841
15.4807
15.9463
15.2151
18.1841
23.8366
23.8366
23.767
15.3368
17.1123
17.6441
14.423
17.6441
11.2124
17.0331
19.1783
18.7108
17.1037
19.1783
17.7897
20.9232
20.9232
19.5705
19.2452
19.7252
18.6641
17.0521
12.9501
18.1086
18.6641
21.9552
18.457
19.1609
16.859
21.9552
21.0391
19.5174
21.0391
14.2186
17.9953
22.2055
20.2228
22.2055
18.8144
19.8968
17.4227
16.4593
14.6733
16.7324
17.4227
19.8564
19.803
18.0025
19.8564
19.8024
20.9299
13.292
10.8572
20.9299
18.6148
23.6521
23.6521
18.531
23.4978
23.5034
16.1567
15.9407
16.0583
15.2006
16.1567
