9.42438
8.62807
9.33358
8.65135
9.42438
7.95149
7.95149
4.98461
7.74938
5.88943
4.96525
4.93155
4.96415
4.96525
4.91984
10.5435
9.70268
9.57117
10.3843
10.5435
14.785
14.6163
14.785
13.8848
14.5389
18.9981
16.5431
12.6971
18.9981
17.7094
8.81069
8.05421
8.76179
8.1684
8.81069
17.6847
13.9275
14.3764
14.0273
17.6847
16.4052
15.6725
15.7572
16.2019
16.4052
21.2641
14.5258
21.2641
13.954
13.0517
12.4933
11.8434
12.4933
11.9755
11.9789
14.6073
14.3374
14.3257
14.6073
14.3797
13.1063
11.1513
13.1063
10.6659
11.2919
16.8598
16.8598
14.3967
13.8868
11.672
14.0126
14.0126
11.8366
11.9608
11.8581
13.5535
12.8632
13.3022
12.9047
13.5535
13.8473
13.3085
10.8461
13.8473
12.2201
16.0667
14.7016
15.4798
15.8316
16.0667
18.0122
11.4386
18.0122
12.1448
15.3226
11.0681
11.0681
10.7558
10.673
10.9571
6.60047
6.5082
6.60047
6.47497
6.43985
13.6422
12.9963
13.6422
9.35688
12.8505
15.153
12.8781
15.153
10.3358
10.9619
16.1887
15.7349
14.6925
16.1887
15.1171
20.5189
15.0321
20.5189
13.7735
15.7283
23.7453
23.6267
23.3585
23.7047
23.7453
17.2477
17.1391
17.2477
16.0293
16.7809
23.1724
19.3568
17.6516
23.1724
23.0092
22.6007
22.6007
19.3485
20.5721
19.5425
16.7986
15.4876
16.3975
16.7986
16.4473
4.88226
3.60584
4.88226
3.70331
3.65053
17.4855
12.5996
17.4855
13.3234
14.3116
18.7713
16.5432
16.002
17.9397
18.7713
16.0318
16.0318
13.3249
15.0963
13.3191
17.0877
16.0668
14.8902
17.0877
16.2756
19.6416
19.0841
19.3302
19.124
19.6416
17.4864
11.1474
13.9435
16.3699
17.4864
24.2884
16.3858
24.2884
16.3445
20.6582
19.2702
19.1218
18.0179
19.2702
19.0853
23.4411
23.4411
19.1012
17.7338
19.0592
19.3893
19.3893
18.2995
15.7252
15.7233
18.3622
16.4764
18.3622
13.9947
13.2206
19.1014
13.9377
15.8135
18.807
19.1014
24.6268
24.1856
23.9263
24.3791
24.6268
22.3101
18.7234
15.2851
20.94
22.3101
15.6144
14.3755
15.3989
13.1369
15.6144
19.3873
19.2715
19.3873
18.6819
18.6651
17.0549
16.0217
14.4489
17.0549
15.4538
24.9059
24.9059
24.5941
21.5392
21.6156
15.7433
15.7433
15.45
12.3514
13.0328
