9.64934
8.08045
9.22221
4.89809
9.64934
5.86342
4.99184
4.74578
5.86342
5.6347
4.96415
4.65752
4.63442
4.96415
4.63653
10.6953
9.7478
9.22614
9.44095
10.6953
15.0898
12.4257
13.8209
7.04762
15.0898
17.6467
12.9905
11.2769
12.2461
17.6467
9.26007
9.26007
6.01485
8.25112
8.18246
19.5435
16.8948
12.7395
13.4697
19.5435
15.7882
13.5452
12.0259
13.7063
15.7882
15.0437
13.1568
15.0437
14.678
14.8173
13.333
12.6612
11.6101
13.333
12.7965
16.0095
16.0095
15.5798
14.8471
15.7284
12.765
12.5069
12.765
12.368
12.5163
12.7855
12.4309
12.7855
6.22442
12.417
12.7103
12.3637
11.1034
12.7103
11.5133
12.697
12.697
9.95341
10.3431
12.5986
15.7113
15.7113
9.84057
13.0471
11.1905
16.1901
14.5328
14.8409
8.41189
16.1901
17.7753
16.8651
17.7753
10.0076
16.0293
11.5609
9.48501
10.2447
9.71022
11.5609
6.70947
6.70003
6.61181
6.70947
6.70156
12.8869
10.6561
12.8869
11.4906
12.3158
14.0769
9.91216
14.0769
7.7471
10.4249
14.8344
9.78893
11.9426
10.3816
14.8344
19.6196
19.5328
19.6196
10.9002
14.2314
23.1995
16.0183
18.3431
13.7271
23.1995
17.5636
14.5244
16.9045
16.4556
17.5636
23.1272
13.2847
13.2264
12.9269
23.1272
19.2479
15.9769
17.2896
15.0849
19.2479
19.0392
19.0392
16.1543
14.1691
15.4392
4.92941
3.56407
4.92941
2.91596
3.83434
16.373
15.2846
16.373
8.40054
15.1015
18.3613
13.6494
14.6439
14.4746
18.3613
15.7167
15.7167
15.2282
14.5492
13.3353
17.5614
16.9879
13.1201
17.5614
15.8254
19.6138
17.5043
19.0499
15.7764
19.6138
16.4189
13.1686
14.1599
12.8738
16.4189
23.8759
21.0372
23.8759
11.3139
22.2982
18.4032
14.1205
15.5574
7.01881
18.4032
17.7734
15.3431
17.2995
16.0885
17.7734
18.433
18.3606
13.3296
18.433
18.1836
16.2803
16.2803
12.929
15.9949
15.589
19.2249
15.7159
16.0444
15.0958
19.2249
24.3342
16.9628
19.852
13.8942
24.3342
22.0017
15.5697
13.6892
15.1694
22.0017
14.8258
11.7133
14.7453
13.9417
14.8258
17.1143
16.8451
13.9995
17.1143
16.923
17.6925
17.6925
17.1835
16.7373
16.8928
19.8798
19.5478
14.3049
19.8798
19.8163
19.8886
19.701
11.5399
19.8886
19.4664
