9.31346
8.80124
9.11065
8.27803
9.31346
6.62231
6.21811
6.62231
3.50665
2.4084
4.80425
3.83573
4.80425
3.46069
4.00955
11.5915
11.4169
9.72702
10.9932
11.5915
17.4538
12.2381
17.4538
6.58647
3.73731
13.3333
13.2816
13.2357
13.3333
12.9616
9.59056
9.35019
9.15503
9.31894
9.59056
16.4322
15.346
16.3837
14.3909
16.4322
13.8441
13.8441
10.786
10.2866
10.9916
17.9067
12.9211
17.9067
5.8239
6.7007
11.0551
11.0551
9.89447
4.22938
3.04861
13.1647
13.1647
10.8129
5.54222
4.79959
15.7348
14.1588
15.7348
6.30518
5.00687
13.2352
12.0774
13.2352
4.52116
3.98506
14.45
14.45
12.4402
10.1973
10.4792
14.2179
14.1693
13.8043
14.1218
14.2179
12.4356
12.4356
11.6354
10.9013
12.2091
13.2996
11.4617
12.8455
13.2996
12.8117
16.5166
11.1839
16.5166
10.3403
11.2852
13.9821
12.2444
13.9821
10.4244
12.1069
6.27233
6.27233
4.72913
2.54958
2.23237
14.4707
14.4707
13.6204
9.51673
12.0761
13.2715
7.4877
13.2715
4.96818
6.00693
15.2183
12.2467
15.2183
11.5125
12.0265
19.433
12.9126
19.433
7.65084
8.21176
16.6402
16.4882
16.0557
16.528
16.6402
16.8252
16.8252
14.8833
10.1418
12.4481
14.1443
13.5027
14.1443
13.6209
13.7205
17.1401
17.1401
13.6847
13.3079
13.6246
17.1417
14.4144
17.1417
8.90484
7.93132
4.42323
3.02344
4.42323
1.77256
2.73162
18.7251
12.6159
18.7251
6.15386
5.68777
15.594
15.594
15.3516
12.1807
13.2888
15.0837
15.0837
12.7489
6.59712
6.3794
18.3901
18.3901
14.967
9.46263
10.4711
16.7039
14.0739
16.7039
12.9483
13.1362
15.5171
11.9174
15.5171
8.89703
9.90253
17.9651
13.9055
17.9651
12.7176
13.5307
17.7354
17.1614
16.1572
17.5563
17.7354
19.0899
19.0899
14.2163
12.8149
13.5465
19.0281
19.0281
14.4644
6.96845
7.65849
15.7638
14.6939
15.7638
5.61363
6.11138
18.4551
12.5055
18.4551
9.27735
9.11788
16.5003
16.3263
15.5268
16.5003
16.4399
16.5401
15.041
16.5401
12.6871
13.0435
16.9219
16.9219
15.0839
6.33202
8.90957
17.991
17.991
16.215
4.02537
5.04157
12.8809
12.8809
11.9656
6.50345
6.38182
20.0679
20.0679
17.7521
5.1459
6.50726
15.0113
15.0113
11.9932
5.11949
5.46984
