10.3811
7.82565
8.81995
8.40219
10.3811
7.24313
7.20978
6.69592
7.24313
5.79124
4.91176
4.65525
4.91176
4.59724
4.31574
11.7839
11.7839
9.51955
11.3589
11.1791
17.3926
14.4735
17.3926
13.1693
13.5196
23.9079
13.4917
12.5208
14.9957
23.9079
9.96126
8.99293
8.85856
8.92276
9.96126
23.9044
16.0779
23.9044
13.7186
16.1459
13.6327
13.5311
13.6327
12.2805
12.0202
21.2257
15.5209
20.5162
12.9207
21.2257
12.9127
12.9127
10.8013
11.791
11.3315
14.1132
13.5484
12.0492
14.1132
10.7704
14.9398
11.2651
14.9398
11.1329
13.7043
15.8738
15.8738
13.8309
14.9027
14.6234
13.4133
13.4133
13.179
12.8793
13.2179
13.5242
12.6759
12.8037
12.5536
13.5242
15.5463
14.5518
15.5463
13.3346
10.9896
12.9375
11.4734
10.7847
11.5908
12.9375
20.016
12.1138
15.2657
11.0325
20.016
13.1985
11.2577
13.1985
10.474
11.1891
6.64907
6.57804
6.45738
6.64907
5.69235
14.1583
13.5618
14.1583
13.2434
12.4924
14.1842
11.9964
14.1842
12.3977
13.3245
15.3494
15.3494
14.7405
12.2413
14.7083
18.9612
14.4355
18.9612
14.7556
17.2348
15.7097
15.0457
15.5039
14.7212
15.7097
18.8353
17.2052
18.8353
15.4339
14.8666
18.6735
13.641
12.5138
13.501
18.6735
18.8247
16.7905
15.5497
16.6128
18.8247
15.5924
14.7744
15.4432
15.5924
13.6305
4.83629
4.83629
4.68226
4.40669
4.74204
17.1981
12.6233
17.1981
12.4593
14.9307
15.7109
13.8152
15.4759
15.6857
15.7109
15.9453
15.8577
15.7728
15.9453
15.2236
15.9534
15.9534
15.5382
15.0758
13.5643
15.3597
14.4441
15.0312
14.3019
15.3597
16.4201
13.6194
15.0078
11.9068
16.4201
18.632
13.3205
17.1795
12.7804
18.632
17.4832
12.9343
14.3003
14.9649
17.4832
19.2513
19.2513
18.7539
18.2615
17.3287
19.7464
19.7464
18.5839
14.978
13.1985
20.4637
15.1746
17.2362
14.6095
20.4637
17.0049
12.6933
15.7331
14.9856
17.0049
16.7483
13.8708
14.3565
14.9157
16.7483
18.1187
15.1622
14.1621
12.9693
18.1187
17.44
17.44
15.1619
14.9074
13.8609
17.7906
17.7906
15.4838
11.3903
10.4436
15.9178
15.9178
15.3978
11.5392
12.7835
20.649
20.649
18.4126
15.1867
13.0935
15.8473
15.8473
14.4766
13.2928
12.7212
