11.9585
6.8729
10.7895
6.89862
11.9585
7.9007
7.9007
5.66748
5.45966
5.80201
4.96129
4.93775
4.96129
3.63471
2.51354
11.6962
9.57964
9.8177
11.6962
11.5701
15.1556
14.5156
15.1556
11.8455
8.64672
15.2209
15.2209
13.2295
12.2309
13.0028
9.69087
7.84009
6.98511
9.30349
9.69087
15.358
15.358
12.6087
11.2208
14.877
13.021
13.021
12.619
10.2847
12.1315
20.9217
16.9301
20.9217
12.184
8.98208
10.9867
10.9867
10.9094
5.98709
6.0881
13.6335
13.6335
13.1663
5.70713
5.82783
14.1463
12.395
14.1463
9.66155
4.7056
16.8601
16.8601
13.3641
9.59136
5.34838
13.8632
13.8632
13.1945
12.6581
13.5254
13.466
11.2691
10.6244
13.3171
13.466
12.4465
11.5893
9.11709
12.2229
12.4465
13.6678
10.1707
13.6678
10.1579
12.3237
16.5929
14.3618
16.5929
13.4691
13.0397
13.7464
11.5262
13.5808
10.931
13.7464
5.97441
5.96485
5.97441
2.4431
2.44192
15.6021
13.664
15.6021
12.9831
12.4834
14.6555
12.9323
14.6555
7.75717
5.24044
14.5491
13.9615
14.5491
13.5704
12.8548
18.3869
15.8538
18.3869
11.0172
9.11087
17.2519
14.0856
15.3625
12.419
17.2519
18.1541
18.1541
15.7467
13.6401
15.5542
15.4542
14.6814
15.4542
12.669
13.7583
16.3946
15.4249
16.3946
14.1588
16.0085
18.3764
16.7506
18.3764
13.0153
11.3483
4.69093
3.49875
4.69093
3.05305
1.34505
19.403
12.9848
19.403
12.0737
8.90605
17.2955
17.2955
15.8752
14.2835
14.1512
13.2357
13.2357
13.0984
9.46087
10.8749
16.6956
16.6956
16.1384
12.9828
13.4813
16.9104
15.5582
16.9104
14.0155
14.7335
14.8121
14.8121
13.0776
14.8051
12.472
16.8156
13.9186
16.8156
12.8218
14.2732
17.7531
11.9558
14.7786
11.7762
17.7531
18.2943
16.4257
18.2943
13.9655
17.7781
17.3841
17.3841
16.2593
8.57547
10.1197
18.4436
18.4436
18.0842
12.3455
9.63004
18.0432
15.3817
18.0432
14.6129
11.3579
17.2638
13.2057
15.3469
12.3468
17.2638
15.9688
15.9688
15.6645
14.1061
12.8861
13.63
13.63
13.1821
13.2319
11.4534
15.9103
15.9103
13.5812
9.03847
9.16288
13.6264
13.6264
12.4641
8.19538
9.21614
19.5408
19.5408
16.2498
10.1723
9.94551
14.3446
14.3446
13.8269
6.58976
6.44095
