10.2354
8.00041
9.31098
8.37981
10.2354
6.77156
6.77156
6.18975
4.68919
5.79476
4.96415
4.96194
4.96415
4.22226
3.10864
12.6121
9.51625
10.1961
11.448
12.6121
10.8774
7.7837
10.4105
10.8774
10.1341
16.5449
12.8877
14.4173
16.5449
15.8452
9.4793
9.4793
6.89199
9.09022
8.97397
15.5234
15.5234
13.9415
14.9532
14.7684
21.929
19.8001
13.8933
18.5537
21.929
20.462
16.195
20.462
10.3187
10.8401
12.4713
12.192
12.4713
5.31044
4.68203
18.2269
18.2269
18.1637
6.29507
7.59765
13.0283
11.6393
13.0283
8.10635
7.5965
10.9394
8.66498
10.9394
8.55906
7.80737
14.4612
14.4612
11.393
12.2421
12.7201
14.1948
14.0492
11.2092
14.1948
13.0278
13.414
13.414
9.93995
12.6462
13.2993
17.9651
13.2726
17.5411
15.6954
17.9651
15.8968
11.3192
15.5928
10.8536
15.8968
13.2176
11.999
12.8949
11.6568
13.2176
6.68295
6.60631
6.68295
1.92219
2.88774
13.6803
13.2969
13.6803
12.4925
12.1037
12.7016
8.38055
12.7016
7.86889
9.00182
14.1384
13.0343
13.5909
14.1384
14.1226
17.1742
10.2902
17.1742
10.9983
13.6247
21.7311
21.7058
19.3673
21.7311
20.112
15.8724
15.8724
15.6833
12.4935
12.7961
21.1702
15.4414
19.1721
20.4239
21.1702
19.3501
19.3501
18.8622
19.0283
18.7279
15.3794
13.7056
15.3794
13.13
14.7936
4.60494
4.12743
4.60494
2.76906
2.91773
14.1753
9.63822
14.1753
10.6877
13.2104
17.0745
17.0101
16.0183
17.0745
16.3417
16.4932
16.4932
15.6168
10.5993
8.17273
15.9489
15.9489
14.7654
15.0645
15.7315
20.2252
18.4668
19.9429
19.0566
20.2252
13.5987
12.4922
12.7566
12.8398
13.5987
20.1301
16.283
20.1301
15.1124
19.1419
16.8331
16.6243
16.0319
16.5632
16.8331
20.5215
20.5215
18.2604
18.0245
16.8276
18.2838
18.2838
17.9408
9.31261
10.8436
18.1804
17.6717
18.1804
10.873
10.5379
15.8886
11.7875
15.0385
14.8257
15.8886
22.0807
20.7804
21.4958
22.0807
21.7476
19.1685
15.0914
17.5128
18.9833
19.1685
14.0072
13.7652
14.0072
9.94457
11.5092
17.274
17.274
17.2565
6.10512
7.0839
18.0982
18.0656
18.0982
9.33776
9.69966
21.2489
21.2489
20.459
8.53719
9.55954
16.895
16.3338
16.895
7.7203
8.41628
