10.1531
8.66401
9.29347
8.81146
10.1531
7.49043
7.49043
6.3568
4.72613
3.82654
4.96415
4.96415
4.92847
3.8822
4.82325
12.083
10.5064
9.80958
12.083
11.4965
15.7801
11.8
15.7801
11.637
7.30328
15.1963
13.4967
15.1963
13.6271
14.3146
9.67032
9.54945
8.23194
9.44738
9.67032
16.6441
15.0075
16.6441
14.3243
14.5626
14.0327
14.0056
14.0327
13.5358
13.7572
23.9187
14.3194
23.9187
11.2165
9.98935
12.3724
12.3724
11.5195
5.85578
6.53002
14.6775
14.6775
13.6776
7.33606
8.94898
15.3523
10.1796
15.3523
8.15784
6.66001
14.1454
12.8829
14.1454
9.18992
6.05637
14.3599
14.3599
13.4349
11.1524
11.6225
14.0438
13.6712
12.1856
13.6754
14.0438
13.2061
13.1356
11.4498
12.9986
13.2061
16.0483
12.2603
15.5777
15.6315
16.0483
18.8211
12.5084
18.8211
11.9142
12.6379
13.0625
13.0625
12.1438
10.9034
11.5419
6.70966
6.70966
6.64935
2.97029
3.30523
14.36
13.962
14.36
12.5695
13.8462
14.788
8.69784
14.788
8.67802
7.2977
15.065
14.1998
14.7058
15.065
13.5034
20.6521
15.1901
20.6521
12.0072
10.459
20.6565
18.7503
19.1475
18.3213
20.6565
19.5791
17.6662
19.5791
12.8649
12.2488
17.3895
14.5732
17.3895
16.2953
16.9495
18.5792
18.5792
18.2836
15.3835
17.6279
17.3755
15.8379
17.3755
12.8557
11.9514
4.84601
2.06941
4.84601
2.26804
2.49508
17.4158
13.4847
17.4158
13.5345
10.0324
18.5887
14.1288
18.5887
15.8939
15.0903
17.4753
17.4753
14.4693
8.12379
8.24553
16.3792
16.3792
15.6793
13.1125
13.9188
18.2356
16.1112
18.2356
15.8039
18.1458
15.2293
12.7513
15.2293
11.4982
11.6435
19.0229
16.0008
19.0229
14.2916
16.0631
18.7455
18.3902
17.2301
18.6104
18.7455
19.1712
19.1712
18.3854
15.9966
17.6717
19.108
19.108
17.6756
9.99005
11.1906
18.3789
14.4532
18.3789
9.33915
10.3539
15.8516
13.6637
15.8516
12.5719
13.283
20.9983
18.8361
19.1475
18.4852
20.9983
16.713
16.2205
16.713
14.8088
16.5388
17.3858
15.657
17.3858
9.35131
10.0371
19.0589
19.0589
18.6825
7.47071
8.58978
17.9515
17.9515
16.3084
8.33274
8.77062
19.9526
19.9526
18.9431
9.85959
11.6846
15.4987
15.4987
15.4777
8.25538
8.57972
