9.15772
7.15214
8.96002
7.00541
9.15772
7.83178
7.83178
7.46981
4.96751
7.18655
4.84598
4.32432
4.84509
4.84598
4.46385
11.3082
8.74216
9.49218
9.74307
11.3082
13.9723
12.7932
13.9723
8.56962
12.6599
17.246
15.9926
14.4164
12.5442
17.246
8.13201
6.75339
5.43932
6.08448
8.13201
16.0707
11.5491
14.9153
11.316
16.0707
17.237
11.5852
10.1262
15.1722
17.237
17.5204
17.4239
17.5204
13.9626
14.2954
15.9289
15.9289
14.7258
11.0275
11.4516
13.8446
13.8446
12.1318
12.3551
13.8284
12.7989
12.3117
12.1824
12.586
12.7989
13.3187
13.3187
12.4992
7.2498
10.9324
16.0013
12.6831
11.7648
16.0013
12.6262
12.3267
11.0179
8.74721
9.55148
12.3267
15.4037
15.4037
10.1617
11.1534
10.772
14.9586
10.8315
13.9321
11.062
14.9586
17.5523
10.8948
14.6838
10.9222
17.5523
11.7981
11.7761
10.7694
10.6418
11.7981
6.74083
6.59875
6.74083
4.86041
5.34388
13.6311
13.269
11.4925
13.396
13.6311
13.1298
10.8169
13.1298
6.99293
12.1579
14.5522
14.1726
13.4622
12.7599
14.5522
17.3687
14.1428
17.3687
10.2958
15.2635
16.9428
11.7466
12.3765
14.1622
16.9428
16.8362
14.381
16.204
16.8362
15.7139
17.5991
14.5576
16.1908
13.7298
17.5991
16.9981
13.4215
15.8076
16.9981
16.0207
18.2407
17.3727
16.1556
13.7803
18.2407
4.93604
4.93604
4.68992
2.12145
3.71244
17.9776
13.4155
17.9776
9.35777
17.8189
18.7307
14.522
13.0683
13.8746
18.7307
14.5699
13.9296
13.488
14.5699
11.1769
18.0028
18.0028
14.8958
17.9356
15.89
18.7657
14.4542
17.2395
14.8362
18.7657
15.2141
13.5304
13.8008
10.3249
15.2141
18.0485
11.8182
15.9446
12.3823
18.0485
15.9436
7.23201
12.1769
10.0215
15.9436
18.198
15.801
14.5656
18.198
15.6477
17.9658
17.8715
11.981
17.9658
16.7466
16.4512
16.0979
16.4512
15.5704
12.8176
18.8291
16.2884
17.8882
11.1108
18.8291
17.3214
11.1678
13.8383
13.3773
17.3214
18.5959
15.9011
16.0974
13.6751
18.5959
15.6646
14.0298
13.2616
14.3035
15.6646
16.2337
14.7117
11.0609
16.2337
15.8795
13.3411
13.2002
11.915
13.3411
10.8941
16.1575
15.2232
12.8473
16.1575
15.4205
14.8349
14.8349
12.473
14.7177
13.9996
