6.59663
6.5043
6.50427
5.85151
6.59663
8.479
8.08119
5.14156
7.99627
8.479
0.989429
0.989429
0.693347
0.989429
0.989429
14.1369
11.2283
11.0526
12.8211
14.1369
17.0835
13.9748
9.70914
14.2342
17.0835
17.6741
17.073
13.075
17.6741
12.0402
17.5219
10.7283
11.8542
17.5219
14.0678
11.621
11.448
7.77372
9.48764
11.621
16.5036
10.7329
9.23172
12.4167
16.5036
14.219
11.309
8.15518
10.7731
14.219
20.9227
10.0535
7.30382
12.4227
20.9227
16.4313
16.4294
16.4313
12.6825
13.2141
11.601
11.601
6.42384
9.46152
9.52871
17.7392
16.2824
15.0973
17.7392
15.6596
15.3794
14.305
15.3794
14.5796
14.613
12.4002
10.2842
7.4911
8.95885
12.4002
12.2391
12.2391
11.9802
9.76149
8.61417
16.6261
16.6261
12.6636
15.8503
14.8572
15.7306
15.7306
11.1078
14.3289
11.437
11.8339
11.0641
8.41892
11.8178
11.8339
16.4947
12.7901
13.5033
13.2288
16.4947
19.2288
18.8695
15.2268
19.2288
15.0407
17.5656
17.0449
15.8258
17.2458
17.5656
17.285
17.0749
17.285
14.1231
14.9552
18.5555
18.5555
17.6003
17.3727
16.6212
13.2501
13.2501
10.7343
12.7589
13.0054
18.7269
16.3186
14.4102
17.6215
18.7269
18.0981
17.9805
16.8118
16.4243
18.0981
18.4463
18.4463
16.1404
16.9095
16.6789
17.5033
13.5698
12.767
17.5033
15.9919
14.8817
13.2676
12.455
12.0956
14.8817
16.8213
15.2699
14.5286
15.4629
16.8213
17.7001
17.7001
16.8169
15.793
15.9258
13.9221
11.5606
11.196
13.9221
13.6849
15.5723
13.6764
11.3376
15.5723
12.5003
17.3581
11.6852
14.087
17.3581
13.1853
20.2471
11.6099
10.2697
20.2471
13.7218
13.1121
6.09903
6.15934
10.6104
13.1121
17.5804
12.1195
11.5368
13.959
17.5804
16.2361
11.0789
7.29598
10.5994
16.2361
18.0793
15.1942
14.9686
18.0793
15.7744
17.06
15.8479
17.06
16.6061
16.576
21.4379
15.8394
14.2498
21.4379
14.4316
14.5221
13.984
11.6283
13.1501
14.5221
12.9165
9.66961
7.59364
10.4924
12.9165
13.5563
11.4033
9.34383
11.3205
13.5563
17.0052
17.0052
14.1374
15.4568
14.1803
19.3391
17.09
15.0889
19.3391
15.4628
16.8649
10.864
11.024
14.8986
16.8649
16.4522
10.8896
7.79791
12.2698
16.4522
