6.87581
6.84876
6.87581
6.65783
6.2957
9.00688
7.34899
1.7528
7.29831
9.00688
0.989429
0.989429
0.989429
0.988662
0.989429
18.6139
11.9813
18.6139
10.9265
18.0176
16.5078
10.1211
16.5078
10.495
16.5045
16.188
13.5575
12.7991
16.188
12.0625
15.8792
7.78002
7.47665
11.6335
15.8792
13.0041
4.21116
8.68788
4.311
13.0041
20.2144
13.998
20.2144
9.94037
18.9477
17.0669
17.0669
13.9417
7.94146
13.1678
16.4621
9.55635
16.4621
7.91705
16.1646
18.9333
15.7786
10.6068
18.9333
17.2017
9.72369
6.83969
8.53235
6.56128
9.72369
12.2894
10.6715
8.8813
12.2894
12.2703
15.814
10.5059
12.7867
12.7735
15.814
13.5701
11.2721
13.5545
6.88051
13.5701
11.6498
11.5608
10.5489
11.6425
11.6498
12.8955
12.8955
7.54304
12.5643
11.4115
16.8279
16.8279
12.5831
13.7865
11.5776
12.7824
6.86222
2.25761
11.1359
12.7824
17.1183
9.76618
12.0614
10.7099
17.1183
15.9298
13.5063
11.6518
14.9031
15.9298
17.5946
13.6906
13.1154
17.5946
16.6026
17.7134
12.6705
11.6214
17.7134
16.2073
16.4219
11.2438
14.5277
13.7688
16.4219
12.7223
8.54484
4.58427
10.9298
12.7223
15.2136
10.2645
10.1186
11.8753
15.2136
15.1885
15.1885
9.79966
13.3987
13.4632
16.8764
13.3452
11.7298
16.8704
16.8764
13.5652
10.2432
11.7274
12.4708
13.5652
16.6403
9.83993
16.6403
8.6937
13.3334
16.4684
10.1723
10.5365
11.6512
16.4684
16.111
15.0014
13.2747
16.111
14.2608
18.7038
13.2098
18.7038
8.84407
14.7675
13.4331
13.4331
8.43506
11.7209
11.6098
18.0297
18.0297
12.2332
11.7508
13.8598
16.9432
6.97413
9.34376
10.5703
16.9432
15.9152
15.9152
15.2025
6.37198
13.3848
20.4394
9.33697
12.661
10.7591
20.4394
18.0985
14.8412
18.0985
7.34858
17.2906
15.5983
12.5205
11.8614
12.4302
15.5983
14.9424
14.1876
12.4486
14.9424
12.8012
15.9391
12.4164
11.8002
12.9952
15.9391
18.2159
11.6865
18.2159
11.5043
12.6924
18.2918
11.7604
18.2918
9.02226
18.2036
18.282
11.6154
18.282
10.9177
17.521
19.1345
11.5261
19.1345
10.0798
14.9293
16.5222
13.8351
11.4428
16.2607
16.5222
17.6325
11.6898
17.6325
11.4592
17.5219
18.7289
14.6111
18.7289
8.29553
17.9906
