6.86691
6.2542
6.61072
6.8124
6.86691
9.28204
9.28204
8.30387
8.60871
8.18432
0.989429
0.98863
0.989429
0.934107
0.989429
20.3322
11.8173
9.91533
12.7129
20.3322
16.2312
12.0464
11.1275
16.2039
16.2312
19.6047
14.6165
14.3846
19.6047
12.418
15.2747
15.2747
15.0088
13.0474
13.614
13.7094
13.7094
9.13864
12.6597
13.1765
19.3729
11.3349
10.9216
10.9589
19.3729
13.4757
11.0748
7.99766
8.56673
13.4757
14.1
13.1795
6.58234
13.6021
14.1
16.7168
16.0095
16.7168
16.0908
14.1438
9.3862
8.64485
6.7768
9.32917
9.3862
17.976
14.9587
17.976
15.4668
16.3502
16.2432
12.2667
15.1317
16.2432
15.8801
12.9022
9.63225
10.589
8.87382
12.9022
11.9956
10.5716
11.9956
11.5774
10.1914
17.4909
17.49
17.4909
16.6481
12.6834
15.8558
15.1871
15.8558
14.8655
12.158
12.8621
12.8621
11.7423
12.1132
12.4657
17.265
15.5887
13.0488
15.1428
17.265
18.1805
17.7562
17.2374
18.1805
17.9196
19.8792
19.1611
19.8792
18.3246
15.3931
17.668
13.6112
17.668
17.5189
14.847
16.7135
15.0111
16.4993
16.7135
15.8141
14.0396
14.0396
13.2836
12.4269
13.8483
17.3222
17.2156
17.1352
16.9442
17.3222
19.6973
17.7414
15.5121
19.6973
18.9402
17.8738
16.3304
17.7202
17.8738
17.1416
15.9818
15.7805
12.5799
15.5079
15.9818
16.3912
13.4926
13.1426
16.3912
16.2701
17.9183
14.0557
14.3327
15.1663
17.9183
18.3901
17.4835
18.3901
17.0814
14.6313
16.1262
14.0268
11.2269
15.1799
16.1262
15.9711
15.6498
15.9711
14.6007
13.1473
14.9881
13.611
13.936
13.9261
14.9881
18.2282
18.2282
13.1874
16.5318
16.6031
13.5802
8.46725
6.15721
6.93413
13.5802
17.3665
16.7849
10.7344
11.734
17.3665
16.1887
9.51454
10.4426
8.27001
16.1887
16.9221
16.9221
14.5731
14.6315
16.4176
17.4125
17.4125
16.9233
14.7509
13.5817
16.6959
16.6959
14.0702
16.2937
16.2059
18.7474
9.14836
14.7853
12.4657
18.7474
20.3175
10.6067
10.2717
8.80292
20.3175
21.2594
11.9431
10.61
9.58001
21.2594
21.6103
12.7277
19.8581
13.3009
21.6103
17.2683
17.2683
16.8302
17.035
15.749
16.406
15.4521
12.4927
16.406
15.9571
16.9863
10.5331
10.1118
9.3131
16.9863
