6.71185
6.18152
6.66725
6.32145
6.71185
9.25084
9.25084
6.87846
7.65989
8.83444
0.989429
0.989429
0.61161
0.989429
0.988669
16.8212
13.007
9.84474
11.5625
16.8212
16.3629
14.8373
10.7049
13.1408
16.3629
18.1186
18.0593
14.0757
18.1186
12.1195
17.386
11.4169
10.4938
17.386
15.7202
12.9074
12.2695
11.2281
11.5732
12.9074
19.7267
10.2233
7.29002
10.9599
19.7267
13.5076
9.39048
6.28522
11.9624
13.5076
17.1354
10.7039
8.00455
11.7621
17.1354
16.8448
16.4866
16.8448
14.3329
13.7497
13.9462
13.9462
7.03711
11.5292
9.06068
23.9151
15.7796
23.9151
20.4714
19.3239
18.9332
14.4659
15.7132
14.7213
18.9332
14.8531
8.61854
5.60442
9.12826
14.8531
11.7985
11.5549
11.7812
11.7985
10.4891
16.7718
16.7718
14.2058
16.0102
14.1196
18.2793
18.2793
15.4277
14.2239
14.8625
12.6774
12.284
10.2993
12.4553
12.6774
17.6016
15.5692
16.5285
16.3126
17.6016
20.405
18.5521
16.999
20.405
15.1851
17.8581
17.8515
17.8581
17.6679
17.844
17.927
15.9467
17.927
15.8666
16.2801
19.6869
19.6869
17.0497
16.8549
15.3078
15.7834
14.4249
15.0687
15.0335
15.7834
18.2172
17.6684
17.6761
18.2034
18.2172
18.6298
17.4303
18.6298
17.6817
18.2213
19.4069
19.4069
18.0278
17.2698
15.8926
15.6395
13.7135
14.3143
14.2728
15.6395
13.846
13.846
10.6417
11.5971
13.1716
17.0144
15.4657
15.9851
15.8897
17.0144
17.8833
17.4086
15.3032
17.8833
15.0302
14.995
11.0248
10.8006
14.995
12.6096
14.8467
14.8467
12.0098
14.5708
12.0178
18.9154
13.2367
11.8492
18.9154
14.8136
15.7765
11.7875
12.7539
15.2717
15.7765
13.1704
9.76799
3.23775
10.7966
13.1704
18.414
13.6884
14.0056
13.0325
18.414
18.4261
9.28497
5.95725
10.0537
18.4261
16.3171
16.3171
15.2506
15.9471
15.6358
17.4773
16.1361
14.0631
17.4773
14.3394
19.6218
16.5557
15.5718
19.6218
15.6575
18.8041
13.2038
9.93075
13.2123
18.8041
15.0008
11.0933
4.79471
10.8628
15.0008
17.7725
10.7402
6.62975
10.4715
17.7725
15.2474
14.8484
10.5828
14.3794
15.2474
19.7411
18.0998
16.9024
19.7411
16.087
18.2105
11.9762
12.442
12.3091
18.2105
19.1985
9.63886
6.6408
10.7774
19.1985
