6.84384
2.60681
6.84384
5.86996
3.66569
9.25575
2.63953
3.14702
7.16485
9.25575
0.989429
0.988662
0.988662
0.989429
0.989228
17.124
15.8827
17.124
15.7818
16.2341
19.401
10.8709
19.401
17.1717
11.1419
16.8659
12.4175
14.3785
16.8659
10.6284
14.4172
6.05583
8.97468
10.6795
14.4172
13.7352
5.24299
10.9516
13.7352
8.35551
18.3865
15.843
18.3865
12.9551
17.323
16.8228
16.8228
13.3491
9.40115
12.5344
16.6015
10.2831
16.6015
14.1561
10.2385
15.7883
14.9935
9.24518
15.7883
11.7123
10.2607
6.92244
10.2607
10.0497
7.01698
14.5744
9.90497
11.6984
14.5744
10.0735
13.3699
6.21131
11.8971
13.3699
8.26038
13.1497
11.188
13.1497
9.69231
12.044
11.5423
11.5423
6.44086
11.1528
9.16481
12.8768
12.6776
8.87626
12.8768
10.6271
11.2392
5.39955
10.1603
11.2392
10.376
13.4455
3.27283
3.48947
10.7041
13.4455
15.7436
5.00985
12.3051
15.7436
11.1416
15.5588
9.3822
13.0639
15.5588
14.0882
18.82
14.6042
13.6398
18.82
12.4513
16.076
10.3392
10.6028
16.076
9.67839
16.779
10.2405
14.4831
16.779
13.537
13.8316
8.02727
8.09456
11.2254
13.8316
15.4879
11.2174
13.0432
15.4879
14.4215
14.1358
12.397
11.317
14.1358
11.6522
17.3267
13.276
14.69
17.3267
13.6497
12.7821
9.93302
12.0117
12.7821
12.2529
13.3355
13.188
13.2052
13.3355
9.59559
15.7147
10.038
11.8348
15.7147
14.0748
17.0181
11.2647
15.101
17.0181
10.1911
14.8928
14.8928
14.5096
11.8304
10.6771
11.4647
11.4647
7.75321
11.206
10.7974
18.9655
18.9655
12.5183
11.3122
12.9633
14.9946
3.78623
10.6698
14.9946
14.9353
15.9178
15.9178
12.7522
8.09003
12.8153
17.403
9.19579
12.2238
16.2221
17.403
16.5882
15.0794
16.5882
11.0199
15.1559
14.4422
11.3637
12.6795
14.4422
13.4656
16.3527
13.9745
14.2222
16.3527
12.88
15.063
5.23253
13.5724
15.063
14.359
17.6964
10.0392
17.6964
9.66737
7.70787
17.2499
12.707
17.2499
12.1248
15.9902
16.8775
14.8784
16.8775
13.3679
16.2542
17.2039
11.5282
17.2039
13.1911
11.833
15.8783
9.77835
12.8854
15.8783
15.1044
15.4906
12.0618
15.4906
14.5793
12.6336
17.3189
15.1197
17.3189
11.9407
16.1526
