6.66157
5.82579
6.54969
5.95523
6.66157
8.77589
7.87718
5.362
8.77589
8.37706
0.989429
0.988662
0.984909
0.989429
0.989429
19.5062
12.5708
10.6726
10.5806
19.5062
16.0856
14.3918
11.457
12.5243
16.0856
18.6351
18.6351
15.1563
16.1614
13.2673
15.8026
13.2889
9.19127
15.6091
15.8026
13.1577
13.1577
10.463
12.8773
12.3
18.9627
12.4509
8.07355
9.93946
18.9627
13.1916
9.44536
7.12601
6.73427
13.1916
15.384
15.384
10.4823
10.6833
13.9521
16.194
15.084
16.194
12.6258
9.70778
9.69369
9.69369
7.5498
9.33192
8.81543
22.0939
14.8449
22.0939
17.3976
16.04
15.931
15.8174
15.532
15.931
13.4707
15.2325
9.00847
6.51047
7.67837
15.2325
11.6305
10.7645
11.6305
10.5026
8.53284
16.6098
16.6098
14.1668
15.3609
14.6199
15.3473
15.3473
12.9256
12.1173
12.018
12.3283
12.3283
8.39263
11.4512
11.5219
16.4622
15.5158
16.0296
16.4622
16.3849
17.7461
17.648
16.9337
17.7461
17.5843
17.233
17.233
17.1121
14.7542
13.5347
16.9336
16.1929
16.9336
13.9256
11.3484
18.0999
18.0751
18.0999
15.0145
14.7929
15.8183
15.8183
13.6361
13.2932
14.9747
18.7374
17.8322
17.1837
18.0137
18.7374
19.4395
17.1849
18.651
18.7299
19.4395
18.0686
18.0686
16.933
15.6628
14.3871
16.046
14.8631
13.9558
15.5136
16.046
14.5368
14.5368
11.5178
12.9961
13.5667
16.685
16.0605
16.685
15.8769
16.381
16.5905
16.5905
14.761
16.0117
13.005
13.608
13.608
12.6096
10.9121
13.3614
17.0736
17.0736
11.8924
14.2749
13.7638
15.6214
15.6214
13.2502
12.6332
13.5844
17.4705
16.269
11.996
15.9698
17.4705
11.6661
10.5573
4.93714
7.6517
11.6661
17.9227
14.1824
14.2544
14.1812
17.9227
17.5816
9.19453
6.79479
8.75994
17.5816
18.5905
16.7294
15.4153
16.4546
18.5905
16.6295
16.6295
14.4475
14.9487
14.6259
17.7265
16.5016
15.8747
17.0014
17.7265
13.1596
10.2096
10.6086
9.78172
13.1596
15.1214
12.1125
7.27464
8.9159
15.1214
16.7204
13.5485
9.05703
9.16447
16.7204
14.118
12.6428
11.1836
12.1039
14.118
17.1423
17.1423
16.8165
16.6246
16.7074
17.6929
15.2729
12.8026
12.8495
17.6929
18.5672
11.4129
7.44947
9.02264
18.5672
