6.75207
6.33979
6.75207
6.054
6.66829
9.74612
9.0745
6.42006
8.71117
9.74612
0.989429
0.989429
0.845829
0.989429
0.988669
15.2377
13.7885
9.5372
9.42091
15.2377
14.6997
14.6997
10.6971
12.5052
14.0555
17.8983
17.6027
14.9738
17.8983
13.638
16.4457
10.7972
9.93044
16.4457
15.4051
13.8472
12.3982
11.166
12.7093
13.8472
18.0288
12.8507
7.68698
10.2601
18.0288
11.4705
10.047
6.55255
5.44826
11.4705
16.4027
14.0071
8.70349
12.9528
16.4027
17.2581
16.345
17.2581
13.6503
13.1565
11.2427
11.2427
6.94711
10.2727
8.48347
21.6785
15.7204
21.6785
18.8228
19.0601
17.1841
14.8127
16.4682
14.1152
17.1841
16.9164
9.24916
5.96838
7.59042
16.9164
12.9488
12.9488
12.8368
11.4438
10.2258
20.9226
16.5643
14.0858
20.9226
15.373
16.4711
16.4711
14.8793
13.5691
11.5242
14.0097
11.6938
10.5294
12.7244
14.0097
18.2901
15.8708
16.941
15.626
18.2901
20.788
18.1311
18.424
20.788
16.1713
17.1542
17.1542
17.0914
16.1441
16.7997
18.1917
16.8872
18.1917
14.5674
14.9034
19.0429
19.0429
17.0182
17.0744
14.8615
15.3741
13.8724
15.2828
14.1455
15.3741
18.728
16.8747
17.6919
17.5786
18.728
20.3807
17.3815
18.7754
18.5244
20.3807
18.2389
17.5317
18.2389
17.7592
14.6154
17.1194
14.0364
14.2042
17.1194
16.461
14.1643
14.1643
11.9156
13.4723
13.5541
17.1452
14.6086
15.9216
16.4254
17.1452
17.6853
17.6853
17.017
17.6813
16.4804
13.3767
13.2892
10.6386
11.6856
13.3767
14.9313
14.9313
12.2082
14.9263
13.8681
17.0499
17.0499
12.6162
16.574
13.7505
19.8369
13.0535
13.0017
19.8369
16.6059
11.112
10.5091
4.35065
6.82329
11.112
17.7933
16.708
13.9736
13.9143
17.7933
16.8443
10.2489
6.08629
8.51738
16.8443
17.7356
16.1226
15.8604
15.914
17.7356
16.6192
15.4846
15.207
14.9908
16.6192
20.3072
16.5492
16.5323
20.3072
16.3488
13.4588
12.8481
11.8665
10.0216
13.4588
13.5904
12.5721
6.77297
7.86438
13.5904
16.1157
13.8178
8.22857
8.60279
16.1157
16.101
16.101
10.9518
12.145
14.371
19.9313
17.9979
18.6075
19.9313
16.9254
16.9635
15.1391
12.5145
15.7717
16.9635
17.4167
11.3414
7.06004
9.636
17.4167
