6.71097
4.18579
6.71097
5.71336
3.63781
9.34832
6.95411
7.46315
8.41312
9.34832
0.989429
0.306267
0.663621
0.989429
0.988662
16.8086
12.9015
8.26317
10.5155
16.8086
15.152
15.152
10.2027
12.8076
12.0537
17.4725
13.752
16.4507
17.4725
10.539
14.9799
13.6844
14.1098
14.371
14.9799
13.9769
13.1515
12.709
13.9769
12.7726
18.6299
13.1493
9.59879
10.5521
18.6299
13.2363
11.5596
9.74404
8.50801
13.2363
12.7367
12.7367
9.79302
10.0892
9.65664
17.3473
13.8204
17.3473
16.4481
10.6475
9.67428
8.63411
7.55714
9.67428
7.50026
18.5906
18.5906
17.5413
17.6038
10.3816
17.1262
13.1021
17.1262
16.6565
7.91367
14.5159
10.5568
6.57487
8.55219
14.5159
12.1071
10.069
12.1071
12.0947
8.03112
17.8556
16.6274
17.8556
15.3152
11.4719
19.9172
13.5929
19.9172
13.623
8.96578
14.9441
11.4595
12.0933
13.121
14.9441
19.9258
13.4988
19.0149
19.9258
11.9644
19.7828
19.4362
19.5496
19.7828
15.1284
18.5573
18.5573
17.282
18.3331
10.9911
18.0603
13.5039
18.0603
15.8643
9.36632
20.7585
18.1486
17.2595
20.7585
13.5002
16.5344
15.849
16.5344
15.2267
13.3077
23.7927
23.7927
21.6823
21.6688
13.8103
21.9675
21.9675
17.4642
21.0042
14.7808
18.3713
17.9833
17.7649
18.3713
12.9533
19.4393
19.4393
17.2551
17.047
12.6111
14.9992
13.4857
14.4166
14.9992
12.6934
17.7934
16.8749
17.7934
16.5569
12.8816
16.7925
15.034
16.7925
16.3059
10.4219
12.2855
11.9609
11.3836
12.2855
11.561
14.7984
13.6485
14.7984
13.9877
13.8512
16.9126
16.9126
15.9378
14.9755
12.058
19.5885
19.5885
17.439
17.5924
17.3644
14.5062
9.06778
8.63104
8.59925
14.5062
15.5284
14.792
15.5284
15.4105
14.171
17.682
13.2807
7.61963
7.38971
17.682
21.6213
21.5214
21.6213
18.4722
16.4101
18.9641
18.9641
16.0235
18.4624
10.6166
19.3155
19.3155
19.075
19.1114
15.5605
11.614
9.10967
9.99172
11.614
11.0536
18.3246
9.08819
8.18567
10.2748
18.3246
16.7555
10.2506
9.67834
10.4153
16.7555
15.7774
12.7327
12.0268
13.951
15.7774
19.9585
19.078
19.1964
19.9585
15.5239
17.6339
17.6339
13.5087
13.3676
11.6421
18.4468
13.2148
8.09357
7.88956
18.4468
