6.79523
3.41715
6.34439
6.79523
6.79517
8.59473
8.59473
6.35119
7.80932
8.06861
0.989429
0.989429
0.989429
0.527518
0.989429
20.0475
16.0729
18.2307
11.4167
20.0475
17.2511
17.2511
13.6929
12.9784
14.8211
17.4935
14.7792
16.5797
17.4935
12.9324
15.1641
10.4378
13.2068
15.1641
12.9881
11.9414
11.9414
11.6742
11.9357
8.89412
20.6029
17.3521
20.6029
11.4477
20.4486
16.198
16.198
11.8583
7.31086
11.7299
14.7311
14.4307
14.7311
11.5623
14.244
15.4052
14.4803
14.4225
15.4052
10.8845
11.517
11.517
8.86062
8.33015
8.20649
17.5352
14.379
17.1044
17.5352
9.28465
15.4578
13.343
14.5916
15.4578
11.601
13.1987
12.5288
13.1987
10.662
12.8065
11.2416
11.2416
10.9689
10.3119
6.86496
17.4825
17.4825
16.1575
15.6387
10.7829
14.2639
10.8768
14.2639
14.1717
12.6985
12.5567
11.9911
10.4185
12.5567
12.0927
16.3621
12.7392
15.4606
16.3621
10.3852
24.9237
21.6945
24.9237
24.1167
12.8188
18.1495
16.0461
16.6323
18.1495
13.5169
17.6502
14.0727
14.2915
17.6502
12.2431
18.1992
17.3425
17.0636
18.1992
15.1882
13.8057
13.3948
13.5649
13.8057
11.6515
19.4985
17.4254
18.908
19.4985
13.2344
23.6854
17.5254
19.6563
23.6854
11.3383
21.5994
20.3843
21.5994
20.4538
13.0293
18.985
14.2418
16.914
18.985
13.4049
17.8961
13.5515
17.035
14.4887
17.8961
19.1713
13.1298
14.7961
19.1713
13.4318
18.1232
16.7338
17.9592
18.1232
13.7315
15.4145
13.5732
15.4145
12.7931
15.2654
16.1705
14.2014
13.1042
16.1705
9.89245
19.1519
19.1519
13.4215
14.0658
15.4072
22.4001
13.7342
17.4278
22.4001
14.0392
14.7143
14.7143
12.9878
7.30804
14.2144
19.0152
13.9374
14.9717
19.0152
17.7424
17.5448
17.5448
15.8613
10.6916
15.9665
19.1445
14.8285
17.286
19.1445
14.9895
18.728
17.0784
14.8403
18.728
12.5703
23.8282
17.331
22.1413
23.8282
13.9232
17.8239
10.4031
17.8239
11.6278
17.4632
22.8893
13.9631
18.9935
12.0644
22.8893
21.8236
13.5255
19.4644
13.5592
21.8236
20.6514
13.8146
20.6514
12.2476
19.8214
22.7739
20.8023
22.7464
22.7739
14.0775
18.6193
16.9121
17.7636
17.4432
18.6193
18.0734
17.3247
18.0734
12.0512
17.4412
