6.84978
5.20771
5.27769
6.73324
6.84978
9.44591
3.21686
4.0436
3.9544
9.44591
0.989429
0.371585
0.471699
0.65683
0.989429
15.1679
11.1878
15.1679
7.74831
14.0586
13.3463
12.0297
12.8756
10.5793
13.3463
15.2707
14.61
15.2707
14.5373
14.7779
12.2785
5.1114
11.9042
11.8375
12.2785
12.5857
7.18654
7.55503
12.5857
7.10258
13.8401
11.0073
13.8401
7.60915
12.9292
14.5073
13.5945
14.5073
5.71095
11.8011
11.1538
8.80948
11.1538
10.5638
9.25051
16.3043
16.3043
15.6182
14.2122
12.3684
8.606
6.64622
8.606
7.19558
7.74756
16.6427
16.6427
15.9733
15.1447
13.5199
17.1334
14.614
15.0518
17.1334
13.875
10.9329
9.7654
10.9329
7.16241
10.5857
10.9837
10.9634
10.9837
10.9792
7.98437
12.9435
12.9435
12.697
11.9344
10.2301
14.0891
14.0891
14.0576
11.6946
11.8273
13.5828
4.342
6.75684
7.28803
13.5828
17.7394
14.6628
15.0183
17.7394
14.6684
17.9917
16.8968
17.9917
16.8188
16.7185
24.9179
24.9179
24.803
21.845
19.4734
19.9072
19.9072
17.427
19.4675
16.0159
24.9232
21.2187
24.9232
22.3262
24.2676
11.2955
10.3507
11.2955
10.3537
10.5409
17.2934
16.7363
17.2934
16.4689
16.4065
16.3059
16.3059
15.9358
14.0188
13.0372
19.1262
18.5445
19.1262
17.6436
16.6346
14.4571
12.988
14.4571
12.6332
12.871
14.3258
9.64177
14.3258
11.8742
12.1036
17.2505
16.5049
17.2505
16.731
16.7269
18.7979
17.8852
18.7979
16.3386
15.2072
16.176
11.7317
16.176
9.11071
10.9604
12.2836
10.9917
12.2836
9.49207
10.1423
20.4014
13.7859
20.4014
10.2973
15.0143
13.4367
7.72898
11.8878
13.4367
12.9949
13.9374
7.82651
13.2513
4.47007
13.9374
15.3792
12.216
14.3147
13.0926
15.3792
12.6083
10.8944
12.6083
7.47063
11.9933
16.9588
12.1107
16.9588
13.4074
16.5911
18.4212
17.4613
18.4212
14.1154
14.6297
16.7151
14.6211
16.7151
15.1755
15.4798
13.7421
9.94729
13.7421
11.2329
13.7301
13.6408
6.89024
13.6408
7.57675
13.4806
13.9864
9.78018
13.9864
8.95376
13.7651
18.0902
10.9349
18.0902
12.5118
16.5021
17.9531
16.6496
17.9531
16.6121
16.5424
14.0429
10.3818
14.0429
11.6607
10.9615
13.8236
10.2171
13.8236
8.59367
12.6646
