6.5038
5.7302
5.75424
6.42822
6.5038
8.20979
7.44578
8.20979
6.22868
7.9014
0.989429
0.457138
0.620758
0.987302
0.989429
17.9682
12.2999
10.6967
17.2358
17.9682
17.8047
16.1776
6.39954
14.7848
17.8047
18.5687
13.722
13.488
18.5687
14.9229
13.7892
13.7892
12.0862
12.2828
10.8285
13.0466
12.8674
4.99139
9.22684
13.0466
18.0086
9.90566
11.7769
18.0086
17.5929
12.6711
8.03895
10.7737
12.2458
12.6711
13.6322
12.3793
6.89515
13.3193
13.6322
13.5204
12.4233
11.601
13.5204
13.399
9.98218
9.66765
5.0479
9.27488
9.98218
18.4811
17.7434
13.3608
17.7424
18.4811
15.743
12.5973
11.7189
14.5192
15.743
12.9202
6.71965
11.1832
12.4809
12.9202
11.3491
9.78806
10.7922
11.3491
10.9033
16.4359
15.1635
14.4962
16.4359
14.5855
15.1863
15.1863
12.0335
14.2248
13.0495
12.6162
11.8581
12.6162
8.30936
11.8489
15.8756
13.5268
10.3601
14.0723
15.8756
19.6382
19.6382
12.7699
18.0389
16.372
18.8569
16.8012
13.0295
18.8569
18.7207
15.0699
12.6574
12.6808
14.8845
15.0699
17.6053
16.7718
15.0518
17.4634
17.6053
17.9466
17.9466
15.9164
13.949
16.2811
24.9351
24.9351
15.2086
18.4172
17.5886
19.6504
19.6504
16.9023
17.4183
16.9718
17.6886
17.3655
12.3914
17.6886
16.7253
19.9073
19.9073
12.7836
15.3795
15.8282
16.209
13.6549
10.1042
15.2276
16.209
18.9628
16.4785
12.2698
15.6414
18.9628
22.9255
14.6194
13.4296
22.9255
19.5462
16.5015
12.5506
10.7216
16.5015
14.77
15.2548
13.0755
14.5937
15.2548
13.1259
17.51
15.3707
12.468
17.51
16.2745
18.8978
18.8978
12.717
12.9877
12.3363
13.2946
5.34447
4.53744
10.2
13.2946
18.9085
13.9717
10.0178
14.3191
18.9085
16.3468
7.84099
13.5531
14.5021
16.3468
20.8594
20.8594
15.211
16.9208
16.5309
18.331
18.101
13.3508
18.331
16.4322
18.6105
18.6105
12.9061
16.7121
14.2154
17.942
8.41602
16.9193
14.1007
17.942
15.9735
7.398
11.5524
15.9735
12.9971
18.1056
9.36092
12.7425
18.1056
13.999
19.3657
12.1609
19.3657
17.0101
18.7721
18.2159
18.2159
12.3975
17.7569
16.0096
18.2532
17.1411
9.24566
17.3768
18.2532
16.9239
7.5232
13.0242
15.8694
16.9239
