6.51387
6.28302
6.51387
6.00094
6.41755
8.53517
7.48789
7.37028
8.01225
8.53517
0.989429
0.989429
0.525784
0.596046
0.989429
20.7177
14.4605
12.0572
9.22932
20.7177
15.5958
13.4466
14.8169
12.8049
15.5958
17.7451
17.7451
16.565
16.5286
14.4627
14.8407
14.4232
14.4383
14.7886
14.8407
12.7792
12.6841
11.7148
12.7792
11.7221
19.8397
15.9252
12.7664
9.28824
19.8397
13.5052
13.5052
9.88756
6.95532
13.3357
15.0452
12.5846
10.3234
11.9583
15.0452
15.7472
15.6701
15.7472
15.4409
13.4182
11.4287
11.4287
7.35419
8.48291
9.33142
17.968
16.671
17.2708
17.968
17.088
15.4393
15.1569
14.6687
15.4393
15.3108
12.7055
12.6792
10.7686
7.1407
12.7055
11.7408
11.7408
11.3965
10.3744
9.66878
16.49
16.49
15.5928
15.8959
15.3042
14.3567
13.9222
14.0636
14.3567
12.7256
13.1721
12.2871
11.9423
12.7757
13.1721
16.4886
16.228
15.7571
15.2748
16.4886
23.9356
23.569
23.9356
23.5971
21.4064
20.8286
18.4707
18.4957
20.8286
18.5815
18.4049
15.5993
15.0703
18.4049
14.7819
19.2134
19.2134
17.9114
17.0045
17.0424
14.1846
13.7549
13.8034
14.1846
14.1559
20.3724
19.8706
19.6361
20.3724
19.3468
24.9228
20.5874
21.3578
24.9228
22.3146
22.9305
22.4649
22.9305
20.6129
19.4364
19.3266
17.972
18.0599
19.3266
16.9822
19.1523
14.0673
12.3192
14.3519
19.1523
18.921
15.2636
14.8516
16.6124
18.921
18.1625
18.1625
17.9855
17.7028
16.036
16.9572
14.2777
11.502
12.4352
16.9572
15.7372
13.5605
13.7045
15.7372
13.6685
15.3822
15.3218
10.2296
12.0209
15.3822
23.326
20.7286
20.5316
23.326
19.3612
15.114
15.114
6.04198
4.93283
13.7955
17.7493
15.7044
14.9036
15.3546
17.7493
16.816
16.816
11.8713
7.07686
16.1448
19.1659
17.9954
18.0323
19.1659
17.9809
18.8658
17.2962
15.041
18.8658
16.2135
23.7431
23.4808
23.7431
22.8167
19.0905
18.0254
9.88384
17.7675
9.68125
18.0254
21.5774
14.669
12.1161
6.61072
21.5774
20.6035
14.5027
13.7639
8.98074
20.6035
20.1041
12.5831
20.1041
11.6651
19.5015
22.2859
22.2859
22.1681
21.2419
18.8524
19.3413
16.0347
15.4996
17.5088
19.3413
18.2661
16.3847
12.1914
8.26844
18.2661
