6.91708
6.20134
6.91708
5.49345
6.86179
9.40601
9.31758
9.40601
8.07055
8.17431
0.989429
0.54696
0.989429
0.989429
0.98863
20.8782
20.8782
8.22304
11.9206
18.9239
17.3386
17.2063
6.936
13.1288
17.3386
17.9412
12.4934
12.3578
17.9412
16.1536
15.9272
15.9272
6.53767
15.401
14.5148
13.3012
13.3012
3.24063
11.8657
12.0327
21.5546
21.5292
9.85252
11.5149
21.5546
13.5703
12.4721
8.03032
9.1281
13.5703
15.2609
15.2609
6.36566
12.9815
15.0916
16.2063
10.1123
10.6441
16.2063
15.7952
8.90431
8.90431
5.16337
8.64012
8.78982
15.2958
13.4202
9.80349
14.7879
15.2958
15.2304
9.90242
11.5045
15.2304
14.7387
13.6674
11.4151
11.7772
7.67457
13.6674
12.1751
8.69829
11.0205
12.1751
11.9545
15.2329
14.1139
12.3884
15.2329
14.3283
15.0026
10.9086
9.94769
14.2209
15.0026
14.4142
14.4142
8.70672
11.7999
11.758
16.1145
12.6902
9.75705
16.1145
15.9722
20.2316
16.8668
10.7845
20.2316
19.5908
18.7946
11.9907
10.6817
18.7946
18.1912
15.2715
10.8717
11.9775
15.2715
15.2072
19.2463
14.4954
14.6567
19.2463
19.1619
13.8534
13.8534
8.50185
13.647
13.6796
20.3415
20.3415
9.10297
19.0342
19.2417
18.7956
18.7956
13.0651
18.6227
17.2586
19.9753
12.1226
12.2468
19.9753
19.4724
24.9214
19.1656
8.10118
23.5974
24.9214
15.2807
15.2009
8.41301
14.8082
15.2807
16.9656
13.947
7.98483
16.2269
16.9656
18.9377
11.1348
13.7834
18.9377
18.5475
14.597
13.8256
10.2703
13.2435
14.597
16.1549
16.1549
12.899
15.2502
13.641
19.6212
19.6212
12.3506
19.033
15.136
24.1895
24.1895
8.9021
18.5715
18.5996
13.0087
13.0087
3.2466
10.2064
12.3547
19.6655
18.5466
7.90476
15.3708
19.6655
18.2088
15.9662
10.7976
8.86873
18.2088
21.1515
21.1515
9.68167
18.5756
18.4839
19.5723
19.3831
11.2159
19.5723
15.9364
20.5642
20.3934
9.19786
20.5642
18.2957
19.3085
7.80396
19.3085
10.7116
18.3513
17.8496
17.8496
10.3483
9.09748
17.352
18.6841
18.5363
12.7408
11.1689
18.6841
18.0543
12.5193
18.0371
12.7649
18.0543
20.1118
18.2236
9.86731
20.1118
19.0928
23.0517
23.0517
5.0856
17.2119
19.8833
19.6383
19.1517
9.55564
10.2671
19.6383
