6.80943
4.20088
5.53666
6.08083
6.80943
8.66069
7.60584
8.66069
7.85927
8.02083
0.597084
0.365092
0.576917
0.533989
0.597084
18.9308
18.2701
11.5519
15.7496
18.9308
17.522
17.2332
12.8209
14.4924
17.522
17.711
14.8414
16.0688
17.711
17.2805
13.8057
13.8057
13.1182
12.9589
11.9992
13.9263
13.9263
9.40363
12.9762
11.686
20.1166
20.1166
9.60493
14.0278
19.1466
12.3263
11.1787
8.11405
11.9698
12.3263
15.3191
14.0396
10.0947
11.4831
15.3191
16.9822
12.5496
16.9822
16.1511
15.8934
9.40403
9.40403
6.82978
8.667
8.89177
17.2915
15.9511
15.7119
17.0822
17.2915
16.7659
10.6933
16.7659
14.2577
15.6452
12.2593
10.9581
7.30625
9.93673
12.2593
12.1444
8.6084
12.1444
11.3497
11.1475
18.1099
14.9832
18.1099
15.7804
14.8908
16.424
11.3056
16.424
15.4299
14.1139
13.5122
13.1304
13.5122
12.0808
11.4579
18.2114
11.7731
18.2114
14.3636
17.9303
18.179
16.126
18.179
17.3384
17.4554
22.8665
16.7777
20.7231
22.8665
22.284
17.8067
11.0327
17.8067
16.4481
16.8757
21.1373
14.7305
17.7354
17.8775
21.1373
15.4999
15.4994
15.4999
13.1735
12.7081
20.7006
20.7006
17.2953
19.8642
19.2134
19.5447
19.4944
18.3475
19.5447
19.1325
17.654
14.117
17.3632
17.5905
17.654
18.3716
18.3716
15.5171
16.5873
16.9396
24.9125
17.9636
11.8975
15.252
24.9125
24.9199
15.4694
18.2803
17.0767
24.9199
20.4792
14.9709
20.4792
18.5294
18.7835
18.684
17.1035
12.2231
16.2772
18.684
16.1439
15.412
15.7293
16.1439
15.2276
19.0928
16.1073
13.155
18.4715
19.0928
18.4858
18.4858
14.289
15.8406
15.4762
11.2039
11.2039
4.28838
9.79076
10.9018
18.0135
18.0135
14.4575
13.9149
17.461
15.6281
15.6281
6.8163
12.0506
14.9282
19.8402
19.8402
16.9664
18.6456
17.1554
21.1063
19.3093
17.3019
21.1063
19.3358
17.2962
17.2962
15.9967
16.4889
17.1669
15.354
8.26048
9.05669
14.0473
15.354
18.1838
15.0611
8.90935
12.6665
18.1838
17.4212
17.4212
11.1038
14.4164
16.9532
21.3527
13.8248
11.5546
17.1021
21.3527
18.3068
16.566
17.6218
17.0882
18.3068
20.9509
19.96
12.0116
14.7704
20.9509
17.3081
17.1007
7.55568
12.4205
17.3081
