6.78499
6.48797
6.78499
5.83072
6.73917
8.98075
8.98075
8.84616
8.83134
8.96115
0.989429
0.588995
0.642452
0.988669
0.989429
19.8654
19.8654
12.1292
15.0404
18.5433
19.7857
17.0511
6.1263
14.3688
19.7857
17.0853
13.4266
14.0652
17.0853
16.4287
16.1227
16.1227
7.17545
12.9447
12.3098
13.6546
13.6546
5.56383
10.7558
13.299
19.4839
19.4839
12.4416
14.7153
19.178
14.3518
11.889
10.4477
14.3518
13.7466
15.8483
14.7223
7.84948
12.6185
15.8483
14.1037
10.8159
11.1201
14.1037
13.7202
11.2953
9.82154
4.47123
8.86623
11.2953
15.1687
13.5815
9.9131
13.7861
15.1687
16.3279
10.7622
11.951
16.3279
15.2243
13.1717
11.4246
11.8385
11.296
13.1717
11.7315
9.24346
10.958
11.7315
11.6503
16.7599
13.8878
12.7055
16.7599
14.3888
14.0665
10.6766
10.4799
14.0665
13.0857
13.9583
13.9583
8.18372
12.7797
13.6252
17.2521
11.8251
12.1324
17.2521
16.37
18.9992
16.7028
11.9697
18.9992
17.0663
17.9507
11.7285
11.5629
17.9507
17.9104
15.09
12.5074
12.4393
15.09
14.0308
17.761
15.4713
15.0897
17.5944
17.761
15.2284
15.2284
8.82077
11.9366
14.2379
21.6313
21.6313
9.72353
15.5516
16.7808
16.8615
16.8615
13.633
15.4386
16.044
17.7914
12.3613
12.2768
17.7914
17.1584
19.4
19.4
9.429
14.0305
14.4831
19.1304
17.2451
11.0693
15.1481
19.1304
18.662
14.3102
10.2408
13.9914
18.662
24.9111
12.204
14.0637
24.9111
22.4382
24.9087
15.9195
10.6177
23.7359
24.9087
20.9265
14.6421
12.2599
20.9265
14.1065
23.9065
23.9065
12.5369
22.8011
17.823
22.2024
22.2024
8.33255
13.2081
14.2084
13.6811
13.0884
1.6547
12.3024
13.6811
18.8164
17.3576
10.3317
13.3406
18.8164
17.6207
13.6348
14.7102
14.1486
17.6207
21.151
21.151
10.1161
16.3489
16.3846
17.2353
17.2353
11.4306
17.2126
15.3584
19.0849
19.0849
11.9131
17.2393
15.0404
19.1511
9.75642
18.3769
13.0299
19.1511
18.1079
18.1079
11.1928
15.3448
15.5718
17.5162
17.5162
12.7832
15.9806
14.6928
19.8001
16.1447
19.8001
16.2675
19.3672
18.1175
17.2548
11.9777
18.1175
16.3268
21.6071
21.6071
6.52339
14.022
19.2191
18.6313
16.4334
13.4836
14.1604
18.6313
