6.89932
6.89932
6.80498
6.30169
5.43655
9.69933
8.06352
7.56796
8.1185
9.69933
0.989429
0.989429
0.989429
0.988662
0.989429
24.9212
13.6706
24.9212
10.8923
15.4036
23.9144
11.4466
23.9144
12.2614
11.5253
23.8984
23.8984
15.7714
12.4608
11.596
19.9137
12.0976
11.1302
17.2225
19.9137
14.3397
12.1484
11.3211
13.062
14.3397
20.6665
15.7467
20.6665
12.5122
16.9028
15.5899
15.5899
13.1627
8.6423
10.014
14.8794
9.55699
14.8794
9.06084
10.7719
16.2642
16.2642
16.174
10.1073
8.38177
10.4906
7.89348
10.4906
8.01734
8.25199
15.8868
15.0241
14.6624
13.4287
15.8868
15.9237
15.9237
15.2985
12.5982
13.4402
13.541
11.9145
13.541
9.7353
11.4704
11.6213
11.6213
11.6101
6.89078
6.07432
13.3578
13.3578
12.9232
13.1582
12.6424
15.0429
15.0429
14.0889
13.9688
13.9802
13.7288
11.7527
11.6238
13.3474
13.7288
17.5773
17.0957
17.5773
14.3827
16.4261
19.7049
19.7049
18.6267
16.5883
17.6691
21.0425
21.0425
20.9639
13.2395
11.5532
18.1179
18.1179
16.8625
11.5281
10.7269
17.5902
17.5902
17.4664
14.0728
14.4678
14.3056
14.2027
13.6583
14.3056
13.8102
18.892
16.9131
18.3419
16.6867
18.892
15.6147
15.6147
13.5219
14.4152
14.9239
18.9172
18.9172
18.5943
15.2459
14.7003
15.6917
14.4707
14.9444
14.4823
15.6917
15.1167
11.9415
15.1167
12.6933
13.0127
17.8717
14.6347
17.8717
13.8291
15.7101
18.4132
18.4132
18.3452
12.9202
13.85
16.4344
15.0145
16.4344
10.1349
9.39586
13.5567
13.5567
9.96636
11.5444
12.2514
18.8009
18.8009
15.9989
11.2462
14.0889
20.0367
15.4873
15.456
17.6101
20.0367
14.6748
14.6748
14.3974
9.3459
11.918
19.3397
13.7125
19.3397
11.7461
17.8148
17.0447
15.5629
17.0447
11.0939
14.6298
18.4026
13.757
14.7005
16.3164
18.4026
16.986
16.975
16.986
12.3418
12.2054
19.6137
19.6137
17.5764
18.9049
18.9478
19.028
10.7522
19.028
9.74729
8.68401
21.231
11.7553
21.231
11.6376
16.5591
20.2867
14.1266
20.2867
11.1612
16.0171
19.95
12.7488
19.95
13.8779
13.4215
19.8046
19.8046
18.3932
16.373
17.7288
16.9958
13.6921
16.9958
11.8617
16.77
18.4707
15.3603
18.4707
11.6577
16.3291
