6.89772
5.352
6.86818
5.55185
6.89772
9.32318
7.46615
8.43766
9.22671
9.32318
0.989429
0.989429
0.989429
0.543287
0.987302
18.1793
13.8692
18.1793
12.5921
14.1298
16.2861
10.9123
16.2861
11.0509
15.0878
17.1952
17.1952
13.3884
17.1604
14.0604
16.2866
12.5114
15.9492
16.2866
13.2936
13.3188
8.91929
13.1228
13.3188
12.8702
21.7295
16.4377
21.7295
13.0393
13.1208
14.4435
14.4435
13.6501
5.70959
5.70195
16.0073
12.2977
16.0073
12.3202
14.1131
15.5583
15.5583
12.5224
13.2311
13.3104
8.50895
7.1809
8.50895
7.4715
7.29847
17.7137
12.2865
17.2385
17.7137
17.6008
16.3472
14.9882
10.9527
15.2623
16.3472
14.2519
14.2519
14.0358
6.89813
6.08969
11.9002
11.9002
9.53907
9.60634
9.47915
16.0202
16.0202
14.8409
15.8484
14.9019
13.3066
13.3066
9.08476
13.194
11.0695
14.2745
12.2393
14.0805
14.2593
14.2745
17.364
16.6226
11.4649
17.364
14.9424
23.0816
23.0074
14.6988
23.0816
14.8913
17.4245
17.4245
13.7217
15.0412
14.0303
15.0492
14.8383
8.65847
14.9598
15.0492
17.9293
17.7965
14.0579
17.9293
14.0623
12.5745
12.2552
12.072
12.5745
11.2964
18.4654
17.1083
18.4002
18.4654
18.3665
23.8058
13.3525
23.7992
23.792
23.8058
20.774
20.774
12.7709
16.2241
13.2301
18.556
16.5786
18.556
18.5029
17.3531
16.4597
11.6313
16.4597
15.9618
15.9298
17.9689
17.3434
15.0607
17.9689
15.5906
18.3364
18.3364
12.1836
16.7594
14.5859
15.6017
13.3845
15.6017
11.7581
12.309
16.4117
11.8858
15.61
16.4117
15.1889
18.9792
18.9792
14.4536
12.8309
13.5395
24.9125
19.3918
24.6836
24.9125
19.7612
15.9247
15.9247
12.7259
7.78093
7.79827
24.9126
24.9126
20.3886
22.7491
19.347
19.8966
16.325
19.8966
9.13906
8.07573
18.7598
14.766
18.7598
18.7566
17.4869
16.9106
14.3936
16.5265
16.9106
16.7924
24.2517
22.5811
18.9877
24.2517
18.2738
19.3126
10.0401
19.3126
8.60605
8.76854
15.5268
12.6981
15.5268
8.88083
10.6222
16.8176
13.1295
16.8176
10.7246
11.6467
20.3344
11.7593
20.3344
11.307
11.075
23.2904
23.2904
16.8863
23.148
16.9374
24.2499
18.1438
24.2499
18.734
20.5266
21.4214
16.9371
21.4214
11.6217
11.0299
