6.46259
2.93934
1.01412
5.54046
6.46259
8.95902
7.64863
8.28689
8.21733
8.95902
0.989429
0.989429
0.988669
0.989429
0.988662
18.6147
15.6696
9.84392
14.3006
18.6147
17.2853
15.5646
8.10451
14.188
17.2853
16.76
14.2564
12.3425
16.76
14.9822
15.3216
15.282
11.6211
15.3216
15.0974
12.7785
12.7785
4.5979
11.9373
12.3635
18.4174
15.1796
7.99058
12.8501
18.4174
12.8179
11.0747
7.03291
11.1848
12.8179
16.1167
14.2518
5.75547
14.09
16.1167
14.1556
9.70918
10.1445
14.1556
13.7424
9.261
9.261
2.75547
9.16487
9.09206
17.0147
15.0099
10.5051
17.0147
15.5395
14.4467
11.6482
5.61932
14.4467
14.416
14.5842
10.2186
6.36752
9.57871
14.5842
11.4824
7.03566
11.4824
10.9469
10.9413
15.8092
14.5639
14.3353
15.763
15.8092
14.822
11.159
10.2568
14.817
14.822
13.8284
12.8964
12.8889
12.8581
13.8284
16.4847
13.4586
5.46841
14.4054
16.4847
19.0997
17.501
11.4047
19.0997
18.8693
19.0184
13.3614
11.4299
19.0184
18.9677
14.1643
9.70375
8.16671
14.1643
14.027
18.2072
17.1635
9.50528
17.1875
18.2072
15.1874
15.1874
12.6714
13.7616
13.5078
21.9282
21.9282
13.3686
20.7927
18.3049
18.1625
18.1625
14.1177
17.9256
17.9406
17.9924
14.1061
11.7184
17.9924
17.972
20.0525
20.0525
13.7224
19.0348
17.5358
17.7157
17.7157
9.26276
16.3954
16.1853
18.1206
17.0045
10.5864
17.0648
18.1206
20.4906
14.1142
11.4025
20.3884
20.4906
18.5866
18.5866
8.00236
16.1435
15.3856
15.0523
14.356
14.4938
15.0523
13.9202
20.486
15.4811
12.4063
20.486
15.3655
20.2883
20.2883
12.1269
19.2765
18.3086
12.7742
12.7742
3.18849
10.1399
10.977
18.7669
16.5943
8.56563
14.5406
18.7669
16.0346
12.8988
6.87479
10.6238
16.0346
24.9267
24.9267
14.9854
21.7808
16.1172
20.0734
17.9799
13.34
20.0734
17.3057
19.0503
19.0503
10.9626
18.2355
17.3711
16.8993
9.98992
5.08837
11.159
16.8993
17.5187
16.0588
7.14018
12.6243
17.5187
18.2933
16.8684
9.17305
13.9598
18.2933
17.9507
14.3244
9.04417
15.9267
17.9507
18.8676
18.772
11.3128
18.8339
18.8676
20.0189
19.2357
8.53644
15.4113
20.0189
16.2238
14.2609
7.15281
11.9252
16.2238
