6.96817
6.96817
6.87919
4.29122
4.29853
9.9614
8.30121
6.86325
9.12292
9.9614
0.989429
0.989429
0.989429
0.989429
0.989429
19.2749
15.0331
19.2749
11.6179
13.2786
19.3735
13.6908
19.3735
12.2491
17.4486
17.8859
17.8859
15.9503
14.1686
11.5504
15.8645
11.5835
11.5205
12.0431
15.8645
14.1129
9.99273
11.1641
8.95971
14.1129
20.261
15.195
20.261
11.1479
10.2699
16.0716
16.0716
12.899
8.91727
4.36679
14.7568
10.8939
14.7568
9.44618
13.0857
14.3609
14.3609
13.3817
7.49525
6.31357
10.9893
9.0835
10.7659
7.96466
10.9893
16.0974
16.0974
13.4741
10.3231
14.2899
14.0399
14.0399
13.4356
13.0031
12.0813
14.012
11.1879
14.012
8.25667
5.37064
11.1146
11.1146
10.884
3.71356
4.1812
13.3034
13.3034
11.9528
11.6686
11.1988
14.39
14.39
11.2797
10.0376
11.4961
13.9001
11.2055
10.735
13.2541
13.9001
14.8481
13.6072
14.8481
13.0396
14.4643
17.2703
17.0793
17.2703
13.8827
17.0191
18.0113
18.0113
15.9334
11.4964
13.0084
14.1635
14.1635
13.2371
10.8387
11.5546
18.1432
18.1432
15.3134
15.4296
14.3945
14.5502
12.7642
13.7904
12.9104
14.5502
18.4369
18.4369
17.5486
13.8757
17.1135
16.4754
16.4754
13.4032
10.1497
12.58
17.4408
17.4408
16.2156
11.291
13.3765
15.769
15.769
13.9297
12.6917
13.9112
14.832
14.1549
14.832
11.501
13.3178
16.7926
16.7926
16.0095
13.1537
15.0164
19.0138
19.0138
17.4668
12.8152
10.537
13.9488
13.1666
13.9488
11.6731
12.0256
14.0729
14.0729
10.6595
10.791
11.4993
19.0367
19.0367
14.1537
11.7434
12.1324
16.8474
11.3007
14.2369
11.8324
16.8474
15.8636
15.8636
12.3315
9.96341
7.81826
17.356
13.5189
17.356
14.3013
14.2234
17.9146
15.0841
17.9146
10.0592
7.2282
16.3004
16.3004
14.5983
14.6216
14.5027
17.209
17.209
15.8029
12.8159
11.5316
17.0745
15.171
16.0595
12.7844
17.0745
18.1304
12.5367
18.1304
9.68034
5.75
17.9182
12.7662
17.9182
12.5344
8.47891
17.9165
13.3121
17.9165
13.0322
9.49779
18.0136
16.1561
18.0136
13.087
8.56449
17.2669
17.2408
17.2669
14.6659
16.8329
16.3585
14.0812
16.3585
11.2808
13.7156
18.2845
15.1913
18.2845
10.7354
8.32763
