6.83667
5.16644
6.83667
5.51745
6.16991
9.06569
7.17966
6.97351
8.32397
9.06569
0.989429
0.989429
0.989429
0.458676
0.989429
20.1606
15.4274
20.1606
14.5572
19.691
17.0623
14.1124
16.3974
12.2688
17.0623
17.0077
17.0077
15.3157
14.9994
15.7383
16.2017
13.4996
13.414
16.2017
12.8476
12.691
10.4327
12.3983
12.691
10.5472
21.3247
18.8448
21.3247
15.4439
18.2011
15.7276
15.7276
13.6588
11.2603
13.1351
15.3524
12.7023
15.3524
12.2957
12.8376
15.6494
15.6494
14.4615
15.2982
14.3203
8.23788
7.54058
8.23788
7.3354
8.20308
17.2906
12.0167
16.7611
17.2906
16.8116
15.4187
15.4187
13.6128
13.7949
13.5846
13.6183
13.6183
13.5788
12.3225
13.2231
12.0431
12.0431
11.1164
10.9662
10.1563
15.4459
15.3522
14.3162
15.4459
14.2872
13.3504
13.3504
11.9109
13.2487
12.0596
14.0204
12.1696
10.5224
14.0204
13.8511
16.9445
16.9445
12.7245
16.6085
13.0085
23.1542
23.1542
13.9652
20.3775
15.307
21.5354
16.716
21.5354
21.4935
21.4391
18.6568
14.8124
14.3318
18.6568
18.1766
20.4437
17.9961
17.5484
16.7166
20.4437
12.6485
12.6185
11.5128
12.6485
10.0572
18.8294
18.2052
18.8294
18.7767
18.0482
22.3037
12.9811
20.9374
22.3037
17.2276
20.0441
20.0441
17.2163
16.7434
17.0863
19.0931
17.1727
18.2087
19.0931
14.8879
17.5088
12.4574
17.5088
16.9147
17.2981
20.4376
15.7642
17.0076
20.4376
17.099
17.7699
17.7699
15.6794
15.7138
16.7933
16.4764
14.0672
16.4764
13.5675
14.2587
15.2862
11.3599
14.0682
15.2862
13.9647
19.849
19.849
18.2622
16.0295
15.0778
24.6496
21.0946
21.1031
24.6496
13.7491
14.8187
14.8187
14.0429
8.25555
14.5911
19.2176
19.2176
16.4708
17.8447
15.4047
18.8455
17.3654
18.8455
12.9825
17.5714
19.8018
15.8322
17.4883
19.8018
15.2985
24.9291
15.6618
19.5777
24.9291
17.2719
24.9176
24.9176
18.0761
24.8154
13.4137
19.9081
11.0932
19.9081
10.0284
18.9736
20.276
16.7353
20.276
16.1107
18.1852
20.8758
19.1497
20.8758
17.7463
19.0401
20.2989
13.9831
20.2989
13.8616
20.1428
23.2832
23.2832
16.453
20.0779
15.0672
23.0524
15.0418
23.0524
18.8465
16.0414
19.7014
17.7348
19.7014
14.1463
18.1723
