6.85807
5.3386
4.5893
6.85807
4.26964
9.34059
5.7009
5.28084
9.34059
9.25235
0.989429
0.531317
0.98863
0.662551
0.989429
19.6478
17.6783
19.6478
9.91159
15.1839
18.225
12.7502
18.225
11.6324
11.4183
16.6699
16.6699
14.3268
16.0906
9.51846
16.3953
9.38686
10.7832
16.3704
16.3953
13.1157
6.02804
13.1157
12.8332
12.6898
20.3808
20.3808
19.9081
10.378
13.3425
14.0549
14.0549
12.3909
5.70796
10.4041
15.2991
12.6366
15.2991
11.7561
10.0728
14.5669
14.5669
8.85291
10.356
7.4861
9.9669
6.30343
9.9669
7.10109
6.27119
13.3098
13.3098
10.3311
10.7985
11.8534
14.77
12.5756
9.20176
14.77
7.61164
12.9099
12.9099
12.1587
8.48394
9.32977
10.2287
10.2287
6.08754
8.13271
4.68904
12.791
12.791
8.00737
12.2674
11.2035
14.3505
11.4738
8.12693
14.3505
8.05633
14.1916
9.7748
7.34266
14.1916
14.1066
17.2228
12.6978
11.0994
17.2228
10.6334
18.2357
18.2357
10.351
17.9925
13.5105
18.0788
18.0788
10.2129
16.7182
8.25202
16.7622
14.73
9.07892
16.7622
7.88793
16.6696
15.5644
14.4116
16.6696
13.4213
12.2675
10.3231
7.9942
12.2675
12.0971
15.8714
12.5291
13.8251
15.8714
13.8445
14.9225
11.7805
11.8628
14.681
14.9225
16.6272
16.6272
9.7476
13.916
10.5658
15.3269
12.8257
14.1525
15.3269
13.0613
16.2644
12.2665
16.2644
11.8333
12.0121
15.6548
15.3511
13.0041
15.6548
12.8014
14.3233
13.7944
13.662
14.3233
8.05252
16.0557
16.0557
15.8207
9.97556
10.5898
12.0412
10.5844
8.82835
10.8327
12.0412
15.5237
15.5237
13.3123
10.1572
14.1595
21.8965
11.599
18.3462
21.8965
18.7737
14.3297
12.2253
14.3297
5.48434
13.5665
17.353
16.4869
16.2962
17.2945
17.353
17.375
17.375
15.8814
8.73359
10.8853
16.9404
11.9822
12.8772
16.9404
14.7855
16.0734
16.0734
12.2392
12.0932
12.5314
19.032
16.3986
13.865
19.032
15.5552
15.0422
10.8939
15.0422
9.00443
6.62335
23.9101
21.8167
23.9101
12.1721
15.6114
24.9177
24.8894
24.9177
12.6588
16.2216
17.4811
14.215
17.4811
10.7979
10.233
18.4563
18.4563
13.0755
17.4214
14.4909
21.0884
14.1783
21.0884
14.2968
13.5896
18.3673
18.3673
18.1411
9.92876
12.0081
