6.48643
4.69378
6.48643
6.33059
4.38294
9.11641
7.8978
8.75011
8.18905
9.11641
0.989429
0.494054
0.989429
0.989429
0.989429
20.5235
15.247
20.5235
14.2648
20.0284
15.9868
14.7477
15.9868
13.0014
15.8769
17.2232
17.2232
16.4565
17.1326
14.3674
15.0549
15.0549
13.7869
15.0056
13.3917
12.8728
12.7054
12.608
12.8728
7.71134
21.804
18.4161
21.804
14.5753
20.6035
16.5938
16.5938
14.5169
11.4335
12.6151
15.658
13.4903
15.658
13.0253
14.3891
15.507
15.507
11.9436
15.4637
11.9725
11.3176
8.30264
9.15137
11.3176
9.4678
17.2911
16.6958
17.2911
16.5232
9.889
17.0571
14.2628
15.0575
17.0571
11.0389
13.6377
12.8481
13.6377
12.591
13.0353
12.0216
11.0597
9.30488
12.0216
8.11475
16.6554
15.5977
13.3119
16.6554
11.4917
14.8188
14.505
14.8188
13.5232
9.98354
14.2273
13.9812
13.5671
14.0507
14.2273
16.5418
16.1897
16.5418
16.5397
11.0046
22.3775
21.642
22.3775
18.1085
11.5725
15.7375
15.1816
15.6247
15.7375
11.085
16.9532
13.4345
14.0579
16.9532
10.8766
17.1543
16.8089
17.1543
16.8284
14.9342
12.9659
12.9659
12.4312
12.4459
10.2507
19.0113
19.0113
18.5628
18.6615
12.8063
22.6742
20.6468
22.6742
20.7027
12.0302
18.4128
18.4128
17.8032
16.261
10.8615
18.1155
18.1155
17.3691
17.7928
14.4496
20.7425
15.3163
20.4329
15.8895
20.7425
19.0939
16.2837
16.1427
19.0939
11.6536
17.5499
16.4604
16.7125
17.5499
13.0522
21.5286
13.6118
21.5286
13.8586
18.9663
15.8558
14.9413
14.8167
15.8558
13.6101
22.3774
15.4006
17.7886
22.3774
15.575
20.7763
20.7763
19.8765
20.407
14.9859
14.6284
14.4397
12.8928
13.2279
14.6284
19.1125
19.1125
18.3506
18.8733
16.8842
17.9618
16.2135
17.9618
14.4288
17.0655
18.6399
18.6399
17.7508
18.3692
17.0006
19.482
15.289
15.5252
19.482
14.5428
21.7774
21.7533
21.7774
17.5516
13.8189
18.9901
10.2816
18.9901
14.9922
14.6019
20.1056
12.9405
20.1056
15.0585
18.2568
18.9645
13.6703
18.9645
14.4399
18.1792
23.9154
13.6255
23.9154
16.7488
18.7101
24.922
23.9316
24.922
17.7612
13.254
19.4472
18.0299
19.4472
14.5372
17.5692
19.9506
17.0642
19.9506
14.8763
19.2812
