6.91172
6.73345
6.91172
6.22477
6.46785
9.01135
7.89382
8.53701
8.5962
9.01135
0.989429
0.988662
0.988662
0.515287
0.989429
18.3123
12.54
18.3123
10.9061
15.2485
16.1046
11.8877
16.1046
11.9255
15.5299
17.0357
17.0338
13.7315
17.0357
13.9421
16.047
13.9648
14.8399
16.047
15.7857
13.2462
11.3041
13.0102
13.2462
12.8621
22.01
14.3133
22.01
9.96235
15.7659
14.4468
14.4468
13.5467
7.14933
13.544
15.9215
11.0543
15.9215
12.0755
13.1652
14.6249
14.2328
12.4585
14.6249
12.242
8.66438
7.03337
8.66438
7.27406
8.39319
17.5802
12.4386
16.6977
17.5802
17.5308
15.4517
15.4517
14.5745
13.9373
14.9437
13.9436
11.188
13.9436
8.07346
12.1346
11.5574
11.5574
10.8617
9.22946
9.3938
15.5058
15.1982
14.3011
15.5058
14.8236
15.0967
14.0619
11.6853
12.647
15.0967
13.9604
12.8056
12.8692
13.7836
13.9604
16.8406
16.8043
16.2539
16.8406
16.2496
21.5331
21.5331
18.7979
20.7139
18.9774
18.4523
18.4523
15.0572
16.4768
13.993
16.6823
13.9229
12.6697
16.6823
14.8562
19.1957
19.1957
17.9721
18.3062
17.2343
12.6349
12.5127
12.2577
12.6349
12.4606
18.9457
17.1495
18.8128
18.9457
18.8075
22.9833
12.5741
21.5593
22.4863
22.9833
19.8669
19.8669
17.3375
15.5493
14.5354
18.7749
16.7173
18.7749
18.755
18.6137
18.5822
12.4861
16.0125
16.2976
18.5822
17.7717
15.8256
16.8593
16.8822
17.7717
19.5422
19.5422
16.6209
14.3756
14.561
15.9759
13.4848
15.9759
13.7463
13.2793
15.4915
11.4961
13.9536
15.4915
14.0502
18.9363
18.9363
16.7857
12.8976
15.0011
24.6442
21.4472
23.779
24.6442
24.5526
15.9171
15.9171
12.7426
5.47097
15.6222
21.0721
15.9682
21.0721
16.7693
17.6505
19.6629
14.8519
19.6629
7.60031
16.1372
19.3806
15.8167
17.7946
19.3806
18.9745
20.0892
16.0587
16.8005
20.0892
16.4026
23.803
21.9427
20.6762
23.803
21.2088
18.9
11.2176
18.9
11.0986
18.7093
16.078
11.7574
16.078
7.64628
13.1348
15.9319
11.623
15.9319
9.45643
12.9948
21.702
13.1201
18.0158
12.637
21.702
22.2454
22.2454
19.1102
21.3082
19.8332
24.9195
13.6863
24.9195
17.7685
17.1441
21.9171
14.8059
21.9171
8.918
16.0499
