6.86793
4.5138
6.4534
6.70773
6.86793
8.40543
6.69789
7.48917
8.33453
8.40543
0.989429
0.989429
0.989429
0.984909
0.989429
19.1596
18.9075
16.5253
15.8276
19.1596
17.4735
16.3079
17.4735
15.9912
13.6562
16.7055
12.8501
16.7055
16.3201
14.221
15.8992
8.53093
13.5946
15.8992
12.0845
12.5533
6.7608
12.1516
12.5533
6.14833
20.6683
20.6683
18.6519
15.2997
18.5873
15.3413
15.3413
14.0531
9.79256
12.6006
15.5397
14.2748
15.5397
13.663
12.5243
14.7459
14.6815
11.5085
14.7459
10.4903
10.4183
8.85962
10.4183
8.13501
7.40284
17.1607
11.5798
16.0202
17.1607
11.2912
14.3482
10.3364
14.3482
13.7208
12.3065
13.2026
13.2026
12.0765
10.7364
12.3295
11.0165
10.3441
11.0165
9.59226
9.01955
15.0446
14.6822
13.3817
15.0446
14.4587
16.1869
15.4257
16.1869
14.8103
15.7417
13.3
8.92548
11.4472
13.3
9.69656
16.2322
10.1137
16.2322
15.982
12.2925
21.8573
15.5891
21.8573
21.081
16.0067
16.4705
15.0987
15.8574
16.4705
15.2185
13.6107
11.3722
13.6107
12.6284
11.1466
17.9785
14.0368
17.5887
16.9469
17.9785
12.406
10.7435
12.3434
12.406
10.4084
18.6392
15.1829
18.6392
18.3044
13.411
23.1863
13.3893
21.07
23.1863
12.6191
18.3909
16.0858
18.3909
17.9925
13.6276
18.0609
14.4961
17.7395
18.0609
12.4008
20.1293
16.4142
20.1293
15.2719
13.2597
17.7274
13.9999
16.0878
17.7274
11.6616
16.0661
15.1928
16.0661
15.0299
15.2565
19.4327
19.328
19.4327
15.3196
13.9667
15.7359
13.4167
13.3788
15.7359
13.3317
17.8194
17.8194
17.8037
15.9012
15.3652
24.7356
12.4362
21.2736
24.7356
12.5072
15.6192
15.6192
13.378
9.41354
14.4548
19.1534
16.5918
18.1495
19.1534
13.0515
17.283
17.283
14.5761
11.3637
14.0122
18.4207
14.1961
17.4154
18.4207
16.5534
18.1959
15.89
15.9294
18.1959
13.9561
24.1314
14.3642
23.4296
24.1314
16.1859
16.6312
11.6016
15.8198
14.1103
16.6312
20.9199
18.3564
18.2507
16.6871
20.9199
19.3775
19.3775
16.6951
14.5897
18.217
19.9606
16.3661
19.9606
12.4634
18.2804
24.2542
15.9111
24.2542
23.6886
16.1251
18.0012
17.8823
17.8723
18.0012
13.7352
18.1847
18.1847
16.586
12.6744
16.3631
