6.41516
5.62251
6.41516
3.9526
3.00791
9.48525
8.65834
8.98405
8.99252
9.48525
0.989429
0.989429
0.989429
0.988662
0.989228
18.8372
11.3105
18.8372
6.33143
7.84326
17.9209
10.7564
17.9209
8.38541
10.1189
17.9423
17.9423
13.7198
9.48635
9.21383
15.5441
13.7133
13.4617
15.5441
15.5316
13.7251
13.1665
13.48
13.1829
13.7251
17.7822
13.4566
17.7822
6.69438
8.87013
11.72
7.64785
11.72
3.38393
4.76464
12.6196
10.783
12.6196
9.26725
11.0872
15.107
15.107
13.0173
5.17048
4.05511
11.4432
8.01438
11.4432
7.7655
7.33399
15.5572
15.5572
12.9749
10.9932
13.5221
15.4734
15.4734
13.6873
8.72401
9.3409
13.9847
6.9021
13.9847
5.90267
7.61379
11.0245
11.0245
9.99931
3.79368
3.26932
17.8724
17.8724
11.6295
11.325
10.9163
13.4613
13.4613
11.581
10.2566
10.3677
14.3167
13.7356
14.0301
13.9722
14.3167
17.7961
17.7961
15.7677
10.8997
13.2835
19.7564
19.7564
16.8971
15.0422
15.6053
19.6777
19.6777
16.5478
7.19985
7.22252
16.4681
16.4681
12.7708
6.33099
6.40999
17.2761
16.895
17.2761
10.9501
11.0898
13.5575
12.5036
13.5575
11.7377
13.4729
17.3493
17.2708
17.3493
16.6413
17.0168
15.0131
15.0131
12.9101
13.9902
13.5922
19.3898
19.3898
14.83
9.10312
9.0925
17.5161
16.5519
14.938
17.5161
15.0889
14.1045
11.5279
14.1045
12.4536
12.8573
18.7487
14.6892
18.7487
11.5665
13.9535
20.0199
20.0199
16.1287
9.85234
10.0884
12.5524
12.5524
12.5211
8.87544
8.79898
13.0338
13.0338
10.3692
11.736
11.4791
16.3904
16.3904
14.5248
8.48221
7.71908
20.8524
19.8273
19.5079
20.8524
20.6186
13.3179
13.3179
12.7167
4.54199
3.11854
17.7915
14.0157
17.7915
11.9139
11.5533
15.9239
7.44195
15.9239
5.4469
8.85498
16.9714
16.9714
14.9331
15.5129
15.5329
17.6561
17.6561
14.1499
10.4668
10.8864
20.0083
20.0083
18.9335
18.3007
18.1249
16.5027
9.46521
16.5027
5.3459
5.43721
15.972
10.2614
15.972
5.81423
5.43752
15.8269
10.9654
15.8269
6.40678
6.1734
17.2726
11.062
17.2726
8.44
8.84123
18.647
18.647
17.6435
15.4823
15.8905
16.4558
13.8784
16.4558
12.875
13.5741
16.6636
11.8673
16.6636
6.04307
9.13272
