6.65865
6.37504
6.65865
6.36699
5.67263
9.63101
9.27123
8.72975
8.98161
9.63101
0.989429
0.989429
0.988662
0.989429
0.988669
18.261
11.9102
18.261
12.3923
15.2497
18.6252
10.7245
18.6252
11.1148
15.7153
18.524
18.524
14.1275
13.2392
14.6369
15.8382
13.2455
12.0322
15.8382
14.6755
13.3959
11.381
12.5564
11.4902
13.3959
18.1305
14.2963
18.1305
14.3768
17.1224
15.4081
13.3735
13.3353
15.4081
12.191
16.2737
10.3089
13.4831
10.2336
16.2737
15.9127
15.9127
14.4909
12.6456
10.5093
11.8329
8.50894
11.8329
8.10526
9.56036
19.5918
13.7615
19.5918
12.0852
13.0074
15.8131
15.8131
14.9573
15.2708
15.0949
13.6872
10.5181
13.6872
10.5321
13.1884
11.5244
11.5244
11.4073
10.9579
10.347
17.1456
14.7498
17.1456
15.012
16.0137
16.834
16.834
13.8224
14.9982
13.2056
13.9971
13.2892
12.4906
12.6873
13.9971
17.4572
17.4572
16.6169
15.2641
16.987
17.9387
17.9387
16.1067
17.6011
17.5911
18.7463
18.7463
17.9572
13.4992
11.6477
16.6319
16.6319
15.2495
12.8681
11.254
16.6871
16.6871
16.0341
14.7858
14.8714
13.6756
13.1704
13.1852
13.6756
12.098
15.864
14.4102
15.864
15.3745
14.5425
16.5804
15.6737
16.5804
13.3382
15.3515
19.1485
19.1485
18.3193
15.4079
13.8899
13.5933
13.3621
13.5933
13.1864
13.2412
15.149
13.123
15.149
12.6266
15.0027
18.258
14.0206
18.258
12.4153
16.2029
18.7702
18.7702
17.2809
17.3079
16.4109
13.4095
13.4095
13.1163
12.9629
13.3639
15.5663
14.6007
15.5663
13.6269
14.3252
19.2887
17.623
14.5871
19.2887
14.5305
16.5619
12.392
13.5478
14.6183
16.5619
14.765
14.765
12.6324
13.9792
12.6578
19.195
12.9445
19.195
15.0701
17.5661
16.5534
13.1621
16.5278
13.0725
16.5534
16.6597
15.1619
13.9767
13.406
16.6597
15.9923
15.9923
14.3681
15.7654
13.0204
17.6448
16.9107
14.7403
16.5431
17.6448
17.1145
11.3028
17.1145
9.35182
15.271
16.1564
10.9441
16.1564
11.0107
13.7035
15.5707
11.8028
15.5707
11.7416
15.0752
20.2141
13.2296
16.2408
12.5719
20.2141
18.2467
18.2467
15.5486
16.3919
16.0373
18.4514
12.7457
15.7347
12.7796
18.4514
17.6628
14.3999
17.2531
14.3273
17.6628
