6.49483
5.53921
6.49483
5.02971
3.44361
9.73568
7.25901
9.32268
9.73568
9.32221
0.989571
0.989429
0.989429
0.772714
0.989571
20.1322
19.2152
20.1322
12.4012
10.7382
17.1935
14.4268
17.1935
12.757
13.0797
15.3143
15.3143
12.5477
13.8884
8.15445
15.953
11.0883
12.9723
15.953
13.4347
14.9498
9.51238
12.6928
14.9498
13.7323
23.9166
21.5136
23.9166
13.5207
8.18994
14.376
14.2413
14.376
6.16711
2.92947
16.0647
11.8907
16.0647
13.2294
13.3649
13.7363
13.7363
8.12033
8.08611
6.21955
9.75852
8.11011
9.75852
8.05862
9.74824
14.2368
11.695
12.6094
13.5404
14.2368
14.1436
14.1436
9.89514
12.2731
10.3583
14.0875
14.0875
13.7551
6.79968
4.70316
11.2396
11.2396
5.33527
4.17017
4.13368
14.4374
14.4374
10.0892
12.597
10.7628
14.4346
14.4346
8.01097
12.8629
8.14137
14.0488
11.7027
13.4677
14.0488
13.5649
15.8487
15.8487
13.6778
15.4443
13.184
18.064
18.064
12.4908
15.4984
11.8234
17.2281
17.2281
9.29324
13.4428
8.32091
12.8143
12.8143
8.14978
12.2031
8.52762
17.4363
17.4363
12.207
14.7495
9.88477
15.0352
13.4682
13.5911
15.0352
13.6804
15.9574
15.9574
15.2431
15.7232
15.3845
13.6251
12.3635
12.1784
12.868
13.6251
18.064
18.064
9.62838
13.059
8.90449
14.4443
14.1202
14.3046
14.0491
14.4443
16.5078
12.0043
16.5078
12.9071
14.0328
17.0691
17.0691
14.0152
16.8551
13.3225
18.8331
18.8331
10.0951
13.5349
8.37011
15.2362
13.6077
15.2362
9.21859
11.8434
12.8626
12.8626
10.9169
11.1735
11.1538
18.8941
18.8941
14.3258
12.6008
9.47678
16.8533
13.3676
15.574
16.8533
15.9998
15.8514
15.8514
15.7928
8.31349
6.37053
19.8198
19.8198
15.1035
16.8858
10.2083
18.925
17.9889
18.925
9.57326
4.3066
15.6044
14.8538
14.0988
13.8455
15.6044
15.7643
15.7643
13.3844
13.3178
10.8057
16.0975
16.0975
15.1118
16.0475
14.4278
16.8456
11.0527
16.8456
8.17001
4.21798
18.2721
16.9873
18.2721
10.6147
8.0963
20.1674
18.3777
20.1674
11.4002
9.56921
18.1095
15.0072
18.1095
11.0546
7.78413
17.4323
17.4323
14.2656
16.1108
12.5978
21.1654
17.151
21.1654
17.4905
15.0616
20.7999
19.1318
20.7999
12.1368
6.13732
