6.77588
6.17049
6.77588
4.7976
3.88168
9.67841
8.51612
7.72165
9.12859
9.67841
0.989429
0.988662
0.989429
0.988669
0.989429
20.3426
14.2709
20.3426
12.5885
9.2493
18.7533
14.1977
18.7533
13.9007
12.2329
18.0833
18.0833
15.2877
11.6873
10.7862
17.6275
14.369
13.2483
17.0089
17.6275
14.0392
12.5412
10.5447
14.0392
12.9171
20.7329
14.6761
20.7329
13.3306
10.7303
17.1144
17.1144
13.7144
7.3087
4.91986
15.1008
14.1892
15.1008
13.8284
10.9145
16.9517
16.9517
13.1351
7.38965
7.9008
10.1843
8.20132
10.1843
9.04213
6.6102
15.5753
15.5753
14.3908
12.5633
14.9911
16.9228
16.9228
11.2115
13.2139
10.6257
14.289
11.1921
14.289
7.91783
7.28086
11.9507
11.9507
9.61593
5.3733
6.50802
15.2338
15.2338
13.2711
12.6928
13.5643
15.3636
15.3636
11.8446
12.2595
9.94604
14.2196
11.3339
12.0497
12.8483
14.2196
16.8882
16.8882
12.9623
15.0796
12.7091
19.5238
19.5238
17.2461
17.375
17.2247
16.622
16.622
13.35
10.1061
11.8366
17.3614
17.3614
10.8404
8.24475
10.1306
17.4781
17.4781
17.4677
13.3623
13.2169
16.0162
12.7905
14.3986
16.0162
14.3579
18.8382
18.8382
18.6648
18.5884
18.5061
15.9668
15.8634
15.7162
15.2436
15.9668
18.2288
18.2288
15.9488
12.7851
13.0489
17.3111
17.3111
17.1012
17.2885
17.2313
16.9274
14.907
16.9274
14.7699
14.1802
16.343
16.343
16.3065
15.0087
14.8869
17.6594
17.6594
13.992
11.0124
10.6613
16.9529
13.5263
16.9529
11.0873
10.3436
14.3635
14.3635
13.701
10.4575
12.0177
19.1779
19.1779
16.6777
13.4343
10.5628
21.3362
18.5825
18.4588
21.2791
21.3362
15.9171
15.9171
12.8656
8.59013
5.34256
19.5568
18.8825
19.5568
16.9617
16.8371
17.8151
14.8519
17.8151
10.1105
9.14845
18.8877
17.8838
17.2972
17.2561
18.8877
15.7755
15.7522
15.7755
12.6115
12.3995
19.7083
18.9665
18.642
19.7083
19.3831
17.8589
12.611
17.8589
7.1159
6.85076
17.6498
12.3244
17.6498
12.3084
8.39312
19.8603
13.041
19.8603
12.7073
9.29512
19.1584
14.2657
19.1584
13.4324
10.3907
19.0008
19.0008
18.0316
17.9039
17.4553
18.2387
16.8419
18.2387
16.8992
16.4412
18.5405
14.9807
18.5405
11.828
10.0845
