6.76508
4.96662
6.76508
6.10102
3.99374
8.33349
6.27712
7.20938
8.33349
7.87427
0.989429
0.388345
0.988662
0.834775
0.989429
17.1295
12.8839
17.1295
13.7158
16.238
15.6425
12.2398
15.6425
12.2733
15.5306
14.8083
14.8083
13.9416
14.6039
12.4546
14.8942
6.84995
11.0609
14.8942
9.13117
11.9043
8.53543
11.3177
11.9043
9.66307
18.5438
13.6515
18.5438
15.1522
17.3702
18.9111
18.9111
14.6698
11.9211
12.2166
15.2884
9.95145
15.2884
11.7319
13.8722
15.5928
14.242
11.3847
15.5928
7.92793
9.34781
7.21532
7.63171
8.63615
9.34781
16.7339
13.9038
14.1597
16.7339
9.95135
15.2714
13.086
12.7613
15.2714
10.1597
13.4163
11.1283
13.1886
12.0637
13.4163
11.1044
11.0759
11.1044
11.0323
4.32837
15.402
11.6471
13.4907
15.402
7.01064
16.375
12.2931
11.5257
16.375
10.2766
12.1566
7.6916
9.13699
12.1566
6.56681
16.9114
13.5277
13.3965
16.9114
9.20627
16.6016
16.1664
12.0576
16.6016
12.2837
17.7098
17.7098
17.076
16.2361
10.8737
15.9263
15.3489
13.849
15.9263
9.52869
17.564
16.2262
16.7412
17.564
15.6304
13.6349
12.2752
9.10983
13.6349
6.34896
16.3055
15.1658
14.622
16.3055
10.1294
17.6047
12.1974
15.3117
17.6047
9.70239
17.0971
17.0971
13.282
15.2469
12.7506
13.979
12.6292
12.0511
13.979
10.0138
14.7387
10.8495
13.7167
14.7387
11.8387
17.1078
15.1436
14.2899
17.1078
10.9955
16.6089
15.3847
15.2961
16.6089
13.4573
14.79
12.3545
14.79
12.6901
12.7452
15.2199
10.249
15.2199
14.272
8.41943
16.8305
16.8305
14.6875
15.7459
14.7744
14.44
8.69539
10.0941
14.44
7.92929
13.7656
12.3632
12.6529
12.0264
13.7656
16.9521
15.6549
15.2222
16.9521
13.4733
16.1643
14.2404
16.1643
14.2748
15.8156
16.3
11.2485
13.8594
16.3
13.1547
16.6627
15.0539
16.6627
15.382
12.9495
16.0367
14.5097
12.6007
16.0367
10.57
17.048
9.83768
17.048
15.9115
15.2858
17.1388
10.8862
16.7003
15.5053
17.1388
17.697
11.696
17.697
14.601
16.2501
20.0437
12.0835
20.0437
14.6391
17.9301
16.1868
15.8681
11.7478
16.1868
10.7095
16.3822
11.762
16.3822
13.6318
16.2444
17.7986
13.5066
17.7986
15.4621
16.515
