5.46631
5.46631
5.06734
4.81729
4.52547
8.88385
7.33565
7.29403
8.88385
6.3517
0.989429
0.989429
0.989429
0.988662
0.989429
19.7315
17.7101
19.7315
12.9004
16.1586
17.6252
13.8679
17.6252
14.3649
16.3261
18.9211
18.9211
13.2894
15.4288
13.9526
15.1951
11.4182
12.066
15.1951
11.1856
12.4625
11.4918
10.6885
12.4625
11.3719
20.7372
20.5111
20.7372
15.5041
14.8362
17.1691
17.1691
14.7751
13.2045
13.9466
16.0241
13.5635
15.5376
16.0241
12.6758
14.7758
14.7758
9.81206
10.1264
10.1895
9.95294
8.11702
9.25228
9.26527
9.95294
14.3306
13.2945
13.2105
12.9719
14.3306
14.5669
14.5669
9.88695
13.9671
11.2865
13.4642
12.9717
13.4642
11.4363
11.6426
11.4596
11.4596
8.69684
8.61859
6.16141
15.3025
12.6733
12.58
15.3025
11.3044
13.3246
13.0378
11.3565
13.3246
9.91461
12.2356
11.0594
10.3569
12.2356
6.90632
16.2239
15.9082
12.1508
16.2239
12.141
16.4025
16.4025
13.1215
14.7322
11.6521
18.7981
18.7981
11.8741
12.4217
10.9122
14.4296
14.4296
10.3328
11.8258
9.81111
17.5296
17.5296
15.3031
16.3744
13.2172
16.1718
12.9707
12.1789
16.1718
9.17576
16.4905
16.4905
15.3384
16.4866
14.8583
15.508
12.5292
15.508
15.3737
14.0518
17.2865
17.2865
11.1084
13.4033
12.0727
16.1201
15.5718
16.1201
14.9835
13.8118
19.2043
14.2553
18.0816
19.2043
17.6682
17.4565
17.2703
16.0333
17.4565
14.9365
19.2554
19.2554
12.4373
15.2803
12.3276
16.9273
15.975
16.9273
15.9075
16.6587
14.5307
12.3255
14.5307
13.9331
11.11
18.7702
18.7702
15.7465
17.268
14.0465
14.7987
13.4072
14.7578
14.7987
12.8876
15.9152
15.9152
13.0138
12.7449
15.4953
19.0835
19.0835
15.0797
15.4082
13.3305
18.0967
16.7852
18.0967
14.1837
15.6838
17.5946
15.6257
17.4592
17.5946
15.5463
17.1487
15.8591
15.2645
17.1487
15.1459
16.3042
16.3042
14.8241
15.9984
11.2484
14.6883
11.0627
14.4481
12.4507
14.6883
17.1156
16.7997
17.0168
16.8172
17.1156
18.3905
18.3905
18.2935
15.2577
17.0994
19.2806
14.0369
16.4417
14.4973
19.2806
16.5914
16.5914
15.2039
16.0352
11.4908
19.4215
16.8571
19.4215
17.9324
14.0045
18.9766
18.1788
18.9766
14.3534
15.7033
