4.97509
4.97509
0.948197
4.12556
4.21251
11.9963
5.66071
3.40937
11.9963
7.04544
13.3714
5.91456
8.85772
8.53175
13.3714
4.5641
1.33998
4.08186
4.5641
4.41716
12.873
10.8638
12.873
11.185
12.6154
7.67242
7.67242
3.9453
6.9242
6.72018
4.62186
4.62186
1.48711
4.16481
4.11827
15.424
11.8684
8.78873
15.424
11.2089
19.9293
19.9293
18.8001
19.7092
18.569
22.9274
8.32132
12.3356
11.1604
22.9274
7.94895
1.8029
7.94895
6.85591
6.77437
13.1475
9.79914
10.8691
13.1475
13.0292
9.51151
7.87849
9.51151
8.69126
8.29491
12.3588
5.2605
9.3094
11.586
12.3588
11.947
6.55021
2.76378
11.947
6.23614
8.48887
2.11607
7.96901
7.96735
8.48887
15.2372
13.6689
10.0611
15.2372
11.7487
16.1352
12.6705
10.9129
16.1352
14.4707
15.0041
9.96275
12.8851
12.0501
15.0041
11.9345
11.7862
11.9345
11.8016
10.7678
10.5352
6.90301
3.83252
10.5352
6.04102
10.0053
9.66595
7.14234
10.0053
9.23593
14.538
12.9368
9.47642
14.538
11.0176
16.2861
9.04287
13.2669
11.7318
16.2861
13.5301
9.14418
8.34754
13.5301
13.4806
15.081
11.5814
9.62119
15.081
12.8689
16.1332
11.4367
12.0198
14.6629
16.1332
13.1817
9.43848
9.89036
13.1817
13.1594
16.0977
14.279
11.2176
16.0977
13.5086
15.9994
13.687
13.5091
15.9994
15.7915
14.001
10.8914
7.75921
14.001
10.8845
15.5448
7.10392
11.3855
10.2004
15.5448
16.7697
10.8468
8.2697
16.7697
8.95714
17.1613
12.186
8.12671
17.1613
10.7934
12.9115
12.6683
12.6086
12.9115
12.8265
11.6516
6.21995
1.53906
11.6516
6.99271
7.52458
7.4225
7.52458
6.2531
6.19641
7.14788
3.12017
3.03725
6.98431
7.14788
13.0107
6.59787
2.34041
13.0107
6.84674
13.5573
10.1575
6.86829
13.5573
8.65739
13.164
11.094
13.164
11.1362
11.2272
14.3194
8.41673
9.15511
12.5736
14.3194
15.8689
12.9853
11.4138
15.8689
14.1123
7.8788
5.5192
1.09151
7.8788
3.16994
9.56257
6.11447
3.91409
8.91833
9.56257
13.6059
9.26889
11.156
13.6059
13.2998
15.4774
9.95736
12.5914
13.7502
15.4774
14.8095
6.8896
7.9031
12.3995
14.8095
9.54154
9.54154
8.62333
8.40432
8.45278
15.094
14.9366
15.094
12.0626
12.2507
