3.86051
3.36717
1.79496
3.86051
1.77651
11.2461
9.68895
8.25072
11.2461
6.5082
11.0287
10.0495
11.0287
9.92428
10.496
4.20258
2.26294
3.57086
2.07501
4.20258
11.1962
11.1962
10.4498
8.89274
9.45524
7.17915
7.17915
4.58707
6.66793
4.58071
4.66079
3.89731
2.51467
4.66079
2.34096
14.508
14.3042
11.7715
14.508
9.33629
14.0602
13.7664
14.0602
11.7331
11.6825
13.7583
13.0426
13.4303
12.1311
13.7583
7.28172
4.03544
7.19727
4.57515
7.28172
22.911
14.1207
22.911
11.1802
14.9887
9.25445
9.25445
8.72397
8.16267
7.59328
12.9581
11.2651
11.8134
12.9581
12.5614
13.9021
8.55653
9.16737
13.9021
8.37253
8.70497
5.23839
5.05784
6.00253
8.70497
16.5296
14.3482
14.2334
16.5296
11.7327
18.948
18.948
15.0284
16.0221
13.98
16.2348
13.7737
16.2348
13.596
15.6512
15.5203
14.9181
15.5203
15.1144
14.3064
11.8698
11.8698
8.05967
11.5358
7.35504
11.3461
11.3461
9.95394
11.1552
9.08732
16.3504
16.3504
12.3015
15.2062
12.0488
12.5113
11.0573
12.5113
10.3321
11.7001
17.8943
15.1219
11.535
17.8943
11.5124
18.6626
18.6626
11.1847
18.2935
13.4562
18.041
18.041
14.6428
17.1063
17.0705
15.9324
14.8228
14.0713
15.3288
15.9324
16.0621
15.6263
12.9093
16.0621
12.5712
17.3974
17.3974
17.0542
15.2335
14.5326
18.3674
18.3674
12.7716
14.5257
14.7593
14.5715
12.67
13.2737
11.9514
14.5715
16.3489
16.3489
11.6074
14.2283
13.6761
16.0973
15.7858
12.894
16.0973
9.76832
16.2372
13.9203
14.1274
16.2372
13.366
12.0004
10.3563
8.15165
12.0004
7.21379
8.77668
8.77668
7.93657
8.06723
8.22929
8.70505
8.70505
7.9637
8.4444
8.14539
11.0782
11.0782
7.89789
10.6993
8.11314
12.7101
12.7101
9.1309
11.704
8.46396
13.105
13.105
12.4509
10.8296
10.0155
16.2739
14.2921
11.8073
16.2739
11.7324
17.9154
15.0167
15.2143
17.9154
12.0339
8.22052
7.6618
4.25433
8.22052
3.99425
14.098
12.6972
6.43705
14.098
8.06915
15.3524
12.4013
13.4624
15.3524
13.6946
14.1207
13.9665
13.7058
14.1207
12.9798
15.4954
14.6854
9.49977
15.4954
11.6419
10.7167
10.7167
9.38625
8.52475
7.73471
16.0878
16.0878
15.2618
11.862
11.4773
