4.97509
4.97509
0
4.05922
0.574253
11.6082
5.55821
2.26249
11.6082
7.14849
8.73522
1.05832
3.221
5.45693
8.73522
4.86681
0
4.86681
0.444223
4.35333
10.1287
7.31968
9.65775
9.85088
10.1287
7.46691
7.46691
3.21336
7.15801
3.61101
4.4735
4.4735
0.309986
4.16192
0.797933
15.3308
15.3067
12.061
15.3308
12.0723
13.7893
9.32769
8.95652
13.7893
13.7347
14.9116
5.5291
8.3395
9.54291
14.9116
5.7166
0.203109
4.25212
1.26618
5.7166
10.8121
7.65379
7.87295
10.745
10.8121
12.9263
9.27737
12.9263
9.33129
11.6133
13.1364
6.42781
8.8883
8.56507
13.1364
11.7417
4.50549
0.915293
11.7417
2.11236
8.73519
0.26782
4.18618
1.0546
8.73519
13.0537
12.1746
9.14471
13.0537
10.9168
14.946
10.862
9.21783
14.946
14.1783
11.2012
5.40951
5.97222
11.2012
11.1537
11.8481
11.2335
11.8481
11.2534
11.3568
9.70431
7.40938
3.96892
9.70431
6.71059
9.17514
8.56412
5.68686
9.17514
7.27366
10.9251
10.0934
6.76072
10.9251
10.1936
13.0863
9.39102
12.9268
10.6886
13.0863
10.3362
7.73768
6.0917
10.3362
8.91819
13.0631
11.1844
7.83328
13.0631
11.771
15.5014
9.83576
9.66607
12.6451
15.5014
13.1614
6.31135
6.70383
10.466
13.1614
15.6587
12.2526
9.89428
15.6587
13.2123
17.8227
15.6644
15.5696
17.8227
17.8218
8.48141
6.25604
3.02267
8.48141
7.27759
12.4942
6.42951
8.85187
7.09321
12.4942
10.3267
9.88102
7.01799
10.3267
7.68773
15.1362
10.8578
8.13118
15.1362
11.3019
14.6003
12.9233
12.5051
14.6003
14.5882
10.6608
4.85396
0.820517
10.6608
1.26183
9.542
9.53946
9.542
8.86589
8.86241
9.68417
8.44026
8.44071
9.68146
9.68417
9.95006
4.27678
0.790124
9.95006
1.89404
11.458
11.458
7.92492
11.1622
8.07526
15.2469
12.5461
15.2469
13.4839
14.9872
9.46897
8.1648
8.21215
9.3543
9.46897
16.8238
16.7393
15.2444
16.8238
15.2581
7.48726
5.47264
0
7.48726
1.04797
7.60977
5.55786
0.467428
7.60977
7.14961
13.4493
11.1916
12.6127
12.1274
13.4493
15.4816
11.5951
13.7637
13.7149
15.4816
10.9356
6.51542
6.53998
10.8767
10.9356
12.6807
12.6807
9.85522
10.9973
10.2352
18.0871
13.554
13.9114
18.0871
18.0801
