3.76017
3.24024
2.25084
3.76017
1.94731
11.2814
10.5319
6.20365
10.189
11.2814
14.6702
12.8903
6.86118
14.6702
9.25986
4.49465
3.44807
3.49376
2.904
4.49465
11.6426
10.7572
9.99049
10.6727
11.6426
7.2171
6.23046
4.90064
7.2171
3.78118
4.25291
4.25291
2.99735
4.24475
3.01991
18.258
18.258
15.2609
13.6781
10.2877
13.9391
13.1124
13.9391
13.3438
13.718
15.8446
15.8446
11.9125
14.3578
13.9784
6.65185
4.64079
5.94508
4.15386
6.65185
12.0099
11.9876
10.6365
11.0134
12.0099
10.5753
8.60167
10.1802
10.3212
10.5753
15.9392
9.69579
10.4288
8.16341
15.9392
11.7907
10.9643
3.86562
11.7907
9.37719
8.77401
8.77401
3.76891
7.04213
7.50157
15.6694
15.0561
12.7789
15.6694
15.3897
17.5412
15.7992
14.1617
17.5412
14.8229
17.8147
17.8147
10.3633
17.0511
13.8154
15.1423
12.3636
15.1423
11.6455
13.1376
11.7942
11.7942
6.95186
11.7639
7.30732
11.1601
10.7366
7.62487
11.1601
8.25741
15.8839
14.4295
11.028
15.8839
11.5495
15.7167
12.178
12.883
12.3675
15.7167
18.5249
18.5249
8.09111
18.4982
10.7183
17.9691
17.9691
10.62
17.206
11.941
16.775
16.762
15.232
15.3522
16.775
16.9556
14.2533
16.9556
13.7002
15.688
15.2379
15.2379
13.5464
15.2138
12.7863
20.5444
18.8448
20.5444
17.0953
18.4056
19.2178
17.2105
9.63538
19.2178
11.0492
15.688
15.688
15.489
15.2076
13.9275
16.5486
15.6943
9.27718
16.5486
9.47361
19.4086
19.4086
13.0953
17.4925
11.9121
16.1922
14.4882
13.6938
15.0127
16.1922
12.4523
11.8228
3.18152
12.4523
6.90978
9.52194
8.9935
9.52194
8.93892
9.12178
9.69792
9.24228
9.69792
9.1749
9.29397
13.5321
12.9444
3.30027
13.5321
5.45132
14.5038
11.6054
10.0567
14.5038
9.70989
14.1164
12.1766
13.2045
14.1164
13.9696
18.3932
18.3932
8.08419
17.791
14.9053
20.1623
20.1623
19.945
14.2131
14.8289
8.00994
7.72687
3.80595
8.00994
5.02405
14.187
14.187
3.94895
14.1363
8.89186
15.7197
14.3068
14.0685
14.2652
15.7197
15.6184
13.6593
13.8723
13.1406
15.6184
19.1481
19.1481
6.10238
17.9312
13.1602
10.7698
10.7698
10.3752
10.4787
9.74493
17.943
14.4665
15.3777
16.8361
17.943
