4.05692
3.51043
2.16041
4.05692
2.19196
11.9691
10.4285
7.16853
11.9691
6.82461
10.8248
9.98207
10.8248
9.54585
9.61148
4.33227
2.62193
3.32096
2.69726
4.33227
12.1786
12.1786
11.7225
8.65923
10.4002
7.12544
6.97637
5.62043
7.12544
5.367
4.18593
4.03882
3.19046
4.18593
3.14739
16.4288
16.4288
12.83
13.7229
9.19344
14.9682
14.6564
14.9682
12.959
12.9303
14.9385
11.7704
14.6763
11.9921
14.9385
6.052
4.72267
5.25657
5.01457
6.052
13.2342
13.2342
12.7719
11.266
11.7408
10.2461
10.2461
9.60975
9.34312
9.18851
12.7153
11.0092
12.0102
11.7228
12.7153
15.8861
9.62121
7.57712
15.8861
8.07153
9.96665
4.9345
6.53973
4.99406
9.96665
20.9208
15.3629
11.7601
20.9208
12.2243
21.9184
21.9184
16.0671
19.5932
15.1866
16.6549
14.217
16.6549
12.7022
16.488
16.7175
12.9136
16.3542
12.9439
16.7175
11.7453
11.7453
10.2238
10.8794
9.21846
11.2227
11.2227
9.93342
10.0455
9.53416
15.651
15.651
12.5521
14.4612
12.6159
15.3545
13.0095
15.3545
11.1757
14.4458
15.7255
15.7255
12.0189
14.1342
11.7384
18.0633
18.0633
12.6036
18.0543
12.1763
17.6628
17.2686
15.2068
17.6628
15.6904
15.3563
13.6966
13.6257
12.8424
15.3563
17.2168
17.2168
14.7025
16.0841
12.1476
21.1392
21.1392
19.9643
16.9265
15.9232
18.2758
18.2758
16.1443
13.4464
17.0782
19.0804
12.3532
18.645
11.1922
19.0804
17.5826
17.5826
16.1866
13.3468
14.7153
16.6302
16.2808
11.403
16.6302
10.5934
16.4412
16.4412
15.7279
15.1736
15.4286
12.1385
11.8596
8.96489
12.1385
8.90935
8.67175
8.55129
8.00962
8.30456
8.67175
8.83633
8.52641
7.77545
8.71064
8.83633
12.8665
12.8665
10.7039
9.90828
10.5781
13.2414
13.2414
12.3095
12.5532
11.2805
14.003
14.003
13.6323
12.817
12.6643
15.1485
15.1485
12.5489
13.5491
12.833
18.0246
18.0246
17.527
14.4352
12.4156
8.42366
7.28549
5.83407
8.42366
5.7311
12.2605
12.2605
9.17844
12.1529
9.15286
15.0402
14.7588
15.0402
13.5063
14.5136
16.4471
14.4283
16.3902
14.552
16.4471
14.6552
13.8582
11.9082
14.6552
11.9783
10.7873
10.0192
9.61446
10.7873
8.83762
17.4111
17.4111
17.0337
15.2378
15.1922
