4.97509
4.97509
0.564166
4.89663
0.91416
16.932
4.38093
1.23323
16.932
9.07518
8.50869
0.777879
2.23699
7.77223
8.50869
4.82612
0.443827
4.82612
1.13671
4.7999
11.4126
1.25458
3.54579
9.62557
11.4126
7.39596
7.39596
3.48617
6.54664
4.07605
4.38688
4.38688
0.459814
4.14222
1.90113
13.2739
3.58782
2.82008
13.2739
12.3615
14.8102
1.66209
2.23757
14.3134
14.8102
14.7305
1.81909
4.58421
11.3112
14.7305
6.42749
0.46465
4.25899
2.86515
6.42749
13.9733
0.883818
2.12066
13.9733
13.8452
11.6949
0.611639
4.32605
9.93709
11.6949
11.5227
2.81161
5.52289
9.49203
11.5227
10.6084
4.18153
1.20783
10.6084
5.42549
8.06579
0.794046
3.53542
3.33691
8.06579
12.6673
3.56946
1.06652
12.6673
10.6301
14.6633
4.70708
2.51136
14.6633
14.1271
12.6154
3.19813
3.76786
11.2002
12.6154
11.3936
2.39621
4.81281
11.3936
11.3567
8.13777
7.11527
4.02899
8.13777
6.01004
8.74232
3.56021
2.44303
8.74232
7.22978
11.4783
3.97315
1.16622
11.4783
10.4579
12.6276
2.85051
6.7227
9.63799
12.6276
9.2809
5.43185
3.60486
9.2809
8.74673
13.581
4.73336
2.45632
13.581
11.5859
14.056
3.4225
3.40316
13.5768
14.056
13.7329
2.37037
2.52503
11.935
13.7329
15.5034
4.83203
1.54255
14.3138
15.5034
16.5829
3.50658
3.49143
16.5829
16.5772
9.53889
3.2887
1.74969
9.43496
9.53889
13.6426
2.09768
5.00657
11.5368
13.6426
10.9356
2.82476
0.869726
10.1226
10.9356
15.2063
5.01595
2.29914
15.2063
12.7799
12.3078
3.64484
4.18395
12.3078
12.2326
8.38918
4.03039
1.0325
8.38918
3.62428
8.60304
1.12159
1.22177
8.60304
8.51625
8.40297
1.99813
1.99386
8.40297
8.33973
7.62892
3.67463
0.847584
7.62892
5.06669
11.2273
3.99093
3.23104
11.2273
7.9737
14.6422
2.3156
6.12043
12.6357
14.6422
9.81574
4.44419
6.30953
8.58809
9.81574
15.8526
3.82586
3.38557
15.0254
15.8526
7.76277
4.51428
0.982913
7.76277
2.00024
8.64941
4.75879
1.00773
8.64941
7.43812
12.6124
4.70663
6.1202
12.4026
12.6124
14.6888
3.01254
4.39163
13.6219
14.6888
10.4466
6.48435
6.47569
8.95955
10.4466
11.2921
3.40191
0.600571
11.2921
10.7539
15.5174
2.89476
3.55899
15.463
15.5174
