3.32875
3.32875
1.46369
3.24648
0.915159
10.1055
10.1055
7.60419
9.70714
6.41999
14.0445
13.3369
8.4066
14.0445
10.5756
3.88595
3.00282
3.59204
3.58151
3.88595
12.1466
12.1466
11.4797
7.70849
10.9064
6.64382
6.64382
5.24851
6.31622
3.92651
4.1619
4.1619
2.27184
4.08707
2.24605
17.0621
17.0621
14.349
13.4277
9.86598
14.6849
14.3044
14.6849
10.8963
9.91178
15.1554
14.6886
15.1026
12.9131
15.1554
6.97706
4.65558
4.97243
5.22652
6.97706
15.0173
15.0173
14.9809
10.3301
10.7514
10.7875
7.7593
9.86292
8.28776
10.7875
13.5245
9.82371
11.1501
9.21227
13.5245
13.3958
9.71054
6.20677
13.3958
7.51075
8.5406
7.54507
6.10088
6.54252
8.5406
15.8476
15.8476
12.4129
13.6226
10.4908
18.2712
18.2712
15.1029
16.7177
14.7074
24.9257
24.9257
15.9294
13.4891
15.9474
23.8878
12.4862
23.8878
12.0158
14.2676
11.5127
11.5127
8.37145
11.1013
7.58003
12.2637
10.8276
8.39869
12.2637
7.33878
15.716
15.716
11.8567
15.5375
11.2488
15.9704
10.6958
14.8064
10.2999
15.9704
15.9807
15.9807
11.0983
14.3967
15.3204
17.9036
17.9036
14.2818
17.8527
15.3814
16.2144
16.2144
15.5191
16.1025
16.0449
14.2227
14.2227
13.5703
13.8212
13.4721
17.8774
17.8774
14.566
15.3385
12.2859
19.6464
19.6159
19.6464
15.7648
15.744
17.5599
17.5599
14.1568
14.3065
15.1821
16.8222
14.9647
16.4745
14.2902
16.8222
15.4049
15.4049
12.5359
14.5992
11.7337
16.4707
15.3338
13.2796
16.4707
12.4831
15.8604
14.6299
15.7904
10.7286
15.8604
10.9943
10.7988
7.24364
10.9943
9.5828
9.19894
8.27239
8.50038
9.07084
9.19894
9.20028
7.7048
8.71156
8.73377
9.20028
11.0151
11.0151
7.58787
10.6606
9.6257
11.7406
11.7406
10.8948
11.6019
8.45233
13.5355
10.924
12.5026
11.221
13.5355
17.2177
15.4604
12.506
13.5866
17.2177
17.8212
16.1469
17.8212
14.1331
12.0219
7.578
7.578
4.14558
7.2328
5.93192
12.1197
12.1197
6.59937
10.5329
11.1748
17.613
14.0271
15.3973
11.1215
17.613
16.3265
13.5135
16.3265
12.9777
15.3552
15.8796
14.9398
10.5723
13.8473
15.8796
10.0079
8.80189
9.17481
10.0079
9.30551
16.1198
15.3162
16.1198
11.7458
12.6592
