4.15307
3.52807
2.08832
4.15307
2.27471
11.6641
10.3633
8.98023
11.6641
7.58459
13.2734
6.27224
11.096
8.90036
13.2734
4.14891
2.96838
2.94496
3.00519
4.14891
13.1134
11.078
11.0116
8.4453
13.1134
7.26494
6.55698
4.28659
7.26494
3.87579
4.45263
4.15445
3.02017
4.45263
3.14821
14.6536
14.6536
11.2248
12.6891
11.7474
13.2479
13.2479
13.1522
12.218
11.523
15.5777
10.7409
15.1339
12.5588
15.5777
6.56534
5.05719
6.25206
5.8568
6.56534
12.6337
11.2434
12.6337
10.1361
11.4324
10.3184
10.1663
9.77557
9.94206
10.3184
13.2472
12.7779
12.5942
9.16647
13.2472
14.7609
10.0049
7.04025
14.7609
7.8447
9.37579
6.43199
6.76429
5.41622
9.37579
15.2829
15.2829
12.1306
14.5961
12.3762
18.613
18.613
13.7526
15.5454
13.6745
14.9132
10.8627
14.9132
12.24
13.5426
16.6622
12.3582
16.6622
12.4369
15.5539
15.9304
12.5748
9.98892
15.9304
9.0804
13.9494
9.91355
10.259
13.9494
9.57931
19.9277
13.9328
13.2639
19.9277
13.7616
16.8615
13.7436
16.4706
11.595
16.8615
15.2216
12.7003
12.4434
15.2216
14.8204
17.8625
16.97
14.3695
17.8625
14.8897
17.7026
14.6073
16.4047
17.7026
14.2968
15.425
11.8855
14.378
14.6833
15.425
16.6386
16.6386
15.3479
14.8781
13.1228
19.1826
19.1826
18.5292
16.2616
16.2737
15.8749
13.0711
15.4292
14.9162
15.8749
17.8841
11.0378
17.8841
10.9418
17.3001
16.3072
16.3072
14.8457
15.1794
15.7798
17.0084
17.0084
12.231
15.5098
11.4612
17.921
16.2793
16.2752
14.5518
17.921
13.0108
11.1652
8.10864
13.0108
9.13766
9.13646
9.01564
8.54924
8.86249
9.13646
9.40502
9.27814
8.49294
8.93565
9.40502
12.0881
11.7895
9.46447
12.0881
10.6775
14.4345
14.4345
11.6917
12.4803
11.4235
14.3213
14.3213
14.2049
13.9329
14.2829
14.7705
12.6247
12.6306
14.7705
13.5546
16.7416
16.4088
14.4963
13.8597
16.7416
8.66572
8.1627
5.22784
8.66572
5.5763
13.2549
8.22128
8.09755
13.2549
9.47246
17.4845
13.9302
15.206
10.6006
17.4845
17.9154
16.0144
17.5254
12.4464
17.9154
15.4919
11.8985
11.861
15.4919
14.7373
11.3307
11.3307
9.95277
9.55164
9.32202
17.7008
17.663
17.7008
16.1993
16.646
