4.92594
4.92594
0.574253
4.26794
0.574253
9.76523
9.76523
4.98482
8.74646
3.59372
9.29373
8.9391
6.93273
9.29373
6.69017
4.94725
0.549151
4.16548
2.46807
4.94725
11.9281
9.64666
11.3398
9.65627
11.9281
7.76073
7.76073
3.81196
7.34711
3.54972
4.34317
4.34317
0.89934
3.86292
0.610109
15.7836
15.7836
13.2522
14.2374
9.83288
13.6045
13.3589
13.5049
13.4008
13.6045
13.5374
10.9594
13.5374
12.6653
13.3202
6.64968
0.813146
5.30236
3.25362
6.64968
12.2018
10.4673
12.2018
10.6858
10.339
12.0203
8.49999
9.25302
9.2186
12.0203
12.9165
8.40748
12.4178
7.26653
12.9165
12.0917
12.0917
3.03659
10.9797
1.63291
7.94972
3.3666
6.85851
5.84513
7.94972
14.4149
14.4149
9.47202
14.2735
9.56797
16.6713
15.8924
13.653
16.6713
13.5248
14.7162
14.7162
12.6432
12.5474
12.0005
13.5967
11.4973
12.1931
13.5967
11.9121
11.7982
11.0364
5.41355
11.7982
4.0203
9.90595
9.53421
5.71807
9.90595
5.98176
13.7088
13.7088
7.92124
13.3553
7.96014
20.909
10.8432
15.5157
13.5004
20.909
16.2281
16.2281
10.7596
15.0495
10.3071
17.4395
17.4395
12.874
16.0523
12.6836
15.2577
14.4723
14.7375
15.2577
14.3905
10.9842
10.3996
10.9098
9.52889
10.9842
16.8136
16.8136
12.922
16.7474
12.8989
18.088
18.088
17.6944
18.0021
17.7264
16.9757
15.7309
7.32996
16.9757
7.72148
13.9492
10.9722
13.7986
13.9492
12.7827
16.7194
16.7194
7.75058
16.5149
7.38402
16.6511
16.6511
11.4833
15.85
11.6909
19.1653
15.5731
14.8301
19.1653
16.4079
14.0402
14.0402
1.39161
12.9849
1.12085
8.86506
8.82238
8.85993
8.86506
8.81193
9.19478
9.15138
9.18991
9.19478
9.14107
13.8236
12.6176
1.93745
13.8236
1.38404
14.5092
14.5092
7.87039
14.4823
7.8393
15.9721
12.4276
12.7749
13.3207
15.9721
17.5264
17.5264
12.0589
17.2821
14.5099
16.0121
16.0121
14.5201
15.5262
13.8038
9.86908
9.86908
1.16165
8.45978
0.983909
15.5615
15.5615
5.80497
13.2414
9.93796
17.1459
14.9809
16.6892
17.1459
16.3751
19.1213
14.5408
18.9405
16.5985
19.1213
17.1269
17.1269
10.6517
14.8462
14.1623
11.6932
11.2909
9.97363
11.6932
10.0066
18.0591
17.9145
18.0398
17.5374
18.0591
