4.8094
4.8094
2.19367
3.32431
3.04239
9.97782
9.71451
8.68287
9.97782
9.965
10.2411
9.4406
9.02212
10.0521
10.2411
4.93281
3.09372
4.93281
4.21033
4.7651
11.3383
9.30238
10.5809
10.8262
11.3383
7.75504
7.75504
4.18665
5.5832
4.87122
4.30654
4.30654
2.92233
4.13807
3.79018
15.9731
13.4151
11.2028
15.9731
12.0598
14.0247
13.3928
11.6269
14.0247
13.8837
16.3042
16.2185
15.9946
16.3042
16.0768
6.43833
4.76079
6.43833
5.58499
6.23987
14.729
12.183
12.3917
14.729
12.9952
12.134
9.22056
12.134
9.10602
9.78072
13.2723
12.0825
12.0787
12.1258
13.2723
12.1898
12.1898
8.16098
10.978
10.4241
7.38395
6.02881
7.17448
7.38395
7.3665
15.2983
15.2983
11.525
15.2606
14.4808
17.5089
15.3598
15.0668
17.5089
15.5808
17.4585
16.4124
15.3137
17.4585
17.0693
16.0385
13.1085
16.0385
13.7855
14.5754
11.2245
11.2245
7.69997
9.90461
9.32899
10.5594
10.0608
9.81057
10.5594
9.94597
15.0821
13.6825
15.0769
14.8903
15.0821
16.6779
13.5279
14.3552
16.6779
16.5622
23.9212
23.9212
15.9345
20.1301
18.1549
24.9101
24.9101
19.5566
20.9579
20.1357
24.9158
24.9158
23.7163
24.3227
23.6741
21.9312
18.1067
21.9312
18.045
19.8742
23.9067
15.6333
13.5286
23.9067
16.2396
18.8169
15.6155
14.4036
18.8169
17.5254
15.6226
15.6226
15.0525
14.6831
15.0766
16.0238
15.524
15.5527
15.1878
16.0238
16.0203
16.0203
13.1988
13.8893
13.1157
14.9089
13.8549
12.1655
14.9089
13.1565
22.896
17.2843
16.6856
22.896
22.7284
13.9867
13.9867
8.54307
11.8234
11.2506
9.69986
9.62936
9.69986
8.20697
8.2329
9.75972
7.91523
7.96697
9.75972
9.71975
12.6463
12.6463
8.51348
10.3003
9.66099
15.0049
15.0049
10.2186
12.9158
11.8837
14.4852
12.8032
14.4852
12.6636
12.6995
23.0775
20.0493
16.7554
23.0775
21.7432
19.2178
15.2435
15.6775
19.2178
17.2318
9.34979
9.34979
5.22585
7.54735
7.12294
15.8861
15.8861
9.96949
15.3349
13.911
21.9628
21.9628
20.8187
21.8588
21.8079
19.718
19.718
17.3818
19.7044
17.2147
21.7849
20.1197
14.6434
21.7849
20.0582
11.7319
11.7319
10.0609
11.6449
10.2739
16.6723
16.6723
16.0579
16.5534
16.1664
