4.96499
0.297398
0.0692803
4.96499
0.0985831
4.41988
3.12196
3.32427
4.41988
3.23681
2.87877
2.46681
2.70912
2.46427
2.87877
3.59648
0.0788852
0.743806
0.139073
3.59648
9.78501
9.13685
9.68663
9.12559
9.78501
7.35543
3.11088
3.00776
7.35543
3.31794
3.56226
0.790417
0.655365
3.56226
0.638664
11.4882
11.3198
11.472
11.27
11.4882
13.4074
13.1564
13.4074
13.171
13.3991
7.72924
6.86553
7.61427
6.82219
7.72924
3.48587
0.341602
1.30961
0.31575
3.48587
10.7399
9.71514
9.96743
10.5515
10.7399
9.71608
8.38582
9.14278
8.37136
9.71608
8.88837
7.99268
8.59743
7.93504
8.88837
3.17964
1.55478
1.72264
3.17964
1.61636
2.41414
0.830736
1.43061
0.806476
2.41414
10.1515
9.80494
10.0437
10.1515
10.0835
15.1533
14.6945
14.722
15.1533
14.6703
7.32206
7.00453
7.32206
6.90226
7.21778
11.6861
11.2185
11.641
11.2103
11.6861
6.46976
5.32017
5.25345
6.46976
5.19475
6.11175
6.05377
5.93091
6.11175
5.887
8.42679
7.82368
7.76095
8.42679
7.83734
10.9096
10.3096
10.9096
10.3013
10.8788
5.80727
5.16964
5.34591
5.80727
5.334
9.22019
8.04833
8.15297
9.22019
8.93895
10.9709
9.94307
10.2358
10.9709
10.7781
9.56443
8.82269
9.08796
8.79512
9.56443
14.5444
14.0905
14.1773
14.5428
14.5444
24.876
24.876
24.8152
24.856
24.7827
4.07203
3.99809
3.93798
3.95107
4.07203
8.33917
7.92179
8.33917
7.91731
8.28721
7.67097
7.05225
7.00187
7.67097
7.6076
11.9547
11.0495
11.4784
11.9547
11.4324
15.779
15.69
15.7738
15.6438
15.779
2.81445
0.913919
0.869988
2.81445
0.94376
9.14546
8.51648
8.50577
9.14546
9.12759
9.41586
8.52636
8.51785
9.41586
9.40136
2.81654
1.00051
0.926732
2.81654
0.916637
7.51115
7.47845
7.35292
7.51115
7.31901
12.9393
12.3081
12.9393
12.3166
12.9154
5.39805
4.3932
4.79404
5.29314
5.39805
18.8188
18.8108
18.8188
18.799
18.7662
3.00464
0.18135
0.113815
3.00464
0.20146
4.12837
0.274336
0.114323
4.12837
0.210387
13.0143
12.2756
12.7196
12.48
13.0143
14.1091
12.2928
12.7419
13.6296
14.1091
5.44409
1.96593
2.37127
5.32294
5.44409
10.3906
8.95838
8.78188
10.3906
8.75512
17.1205
17.0167
17.1205
17.0164
17.1115
