2.95353
2.95353
2.85488
2.81097
2.10989
11.0285
10.0297
6.5643
11.0285
4.13539
13.8356
11.5608
5.19386
13.8356
10.2305
4.86122
2.86185
4.86122
2.11045
4.79016
11.148
8.59707
8.82347
10.8709
11.148
6.43987
5.63348
6.43987
6.1387
3.70953
3.95607
3.62193
3.04454
3.95607
2.57435
17.6862
14.6703
13.3371
17.6862
12.4357
14.0626
9.06723
10.1397
14.0626
13.7649
16.165
13.8909
11.9143
12.787
16.165
6.34114
4.80127
6.34114
4.51543
6.03466
13.1421
10.3515
8.92633
12.7561
13.1421
10.9744
7.09158
9.04671
9.26875
10.9744
13.2098
8.02887
11.8825
8.70886
13.2098
12.2909
8.7082
3.94859
12.2909
4.52931
7.36305
6.1844
7.11161
5.0521
7.36305
16.6154
12.5359
10.6879
16.6154
12.3048
15.9225
12.3359
10.7212
15.9225
15.266
17.2991
17.2991
13.1803
15.7957
15.6982
15.5803
11.9545
12.3982
15.5803
13.9394
12.0667
12.0667
10.7174
9.33681
7.38576
11.2988
10.6453
8.7641
11.2988
10.6327
15.3222
14.0391
9.2798
15.3222
12.2506
16.9554
10.8009
12.1513
11.5243
16.9554
17.2637
17.2637
9.45367
15.9745
13.0336
16.4177
16.4177
10.1259
16.0707
12.6942
15.8954
15.6975
12.7368
15.0444
15.8954
15.5462
14.6858
9.58138
15.2973
15.5462
16.6624
12.5029
10.9953
16.6624
14.6413
21.6657
10.116
11.1694
21.4208
21.6657
22.9275
22.9275
7.27001
18.4658
13.848
22.9202
16.4285
11.7154
15.574
22.9202
20.9229
20.9229
10.7788
15.8678
10.2648
22.9128
13.0038
10.3772
22.9128
11.7757
16.3292
13.0821
11.1104
16.3292
15.9597
10.2616
10.2616
4.28603
10.0182
5.97235
9.3537
7.12176
8.4324
9.32352
9.3537
9.4458
7.29996
8.71226
9.4458
9.38101
12.3113
12.3113
4.57842
9.59729
7.36676
13.0978
13.0978
10.4155
12.5998
11.2291
14.8078
9.64519
11.4405
13.4846
14.8078
16.194
16.194
12.641
16.0102
13.4602
20.9356
13.0174
12.4936
20.9356
18.9027
6.80437
6.80437
3.93644
6.68076
3.52024
11.6062
11.6062
9.38039
10.5106
8.8686
15.9778
15.0852
10.4369
15.2059
15.9778
16.1518
11.6341
14.1115
12.62
16.1518
15.6409
15.6409
12.6714
14.3428
12.7721
10.8611
9.44601
9.86287
10.8611
9.87611
16.442
10.6784
11.999
15.8232
16.442
