4.94958
4.52582
2.85829
4.94958
3.40621
9.86616
9.67922
9.41923
9.8108
9.86616
10.1165
9.86418
8.96747
10.1165
9.69079
4.97712
4.26875
4.96591
4.83983
4.97712
11.0159
9.67628
9.04249
10.6959
11.0159
6.28949
5.89288
4.76313
6.28949
4.99274
4.32732
4.24868
3.44435
4.32732
4.10914
14.3799
13.7711
11.5781
14.3799
12.0372
14.4265
14.2653
12.8114
14.4265
13.9442
16.3569
16.3135
16.0906
16.3569
15.969
6.48302
5.36003
6.48302
5.93242
6.28212
14.2827
12.6393
12.4845
14.2827
12.1915
10.7379
8.35361
8.1114
9.72212
10.7379
12.4963
12.3208
12.2553
12.4963
12.2452
11.4136
10.7353
9.42972
11.4136
10.783
7.97268
7.13754
7.88165
7.59118
7.97268
15.123
15.123
11.8473
13.7549
13.5235
16.6356
16.5775
15.622
16.6356
15.6384
17.0834
16.7069
15.9396
17.0834
16.7873
16.3313
15.8772
16.3313
13.7492
15.6007
10.272
10.272
9.05746
9.60819
9.37914
10.34
10.34
10.1546
8.83506
9.80211
14.7775
14.7775
14.7768
13.9902
14.7363
16.9541
15.2326
14.0102
16.9414
16.9541
21.4847
21.1807
17.5073
21.4847
20.0673
23.6003
23.6003
20.077
19.9951
20.064
23.7617
23.7617
23.3335
23.7209
23.0052
20.7221
18.4259
20.7221
18.3662
19.572
20.6599
16.6259
13.5831
20.6599
16.6678
20.2544
17.1549
14.3332
20.2199
20.2544
15.9508
15.9508
15.1328
14.4097
15.4745
15.8306
15.1632
15.8306
15.5325
15.7183
14.4166
14.4166
12.9814
12.1733
13.3134
14.7107
14.101
12.3825
14.7107
13.0554
24.8964
20.4858
18.8611
24.8964
24.0307
12.7113
11.8542
10.5056
12.7113
12.3511
8.73657
8.13264
8.08256
8.59809
8.73657
8.77319
8.21829
8.35602
8.62197
8.77319
11.4322
11.4322
9.32659
10.9654
10.8456
12.9374
12.9374
11.4351
12.105
12.0588
13.7139
11.9934
9.36492
13.4552
13.7139
23.3288
22.9094
20.3387
23.3288
23.0107
18.4977
17.8881
15.5552
18.4977
16.8557
8.58096
8.58096
6.54727
8.30562
8.01811
16.7254
16.0613
12.5243
16.7254
15.754
23.0056
22.1745
22.0314
23.0056
22.9888
20.6271
20.4362
17.9763
20.6271
18.155
23.3745
21.6505
18.1345
23.3745
22.1031
10.4104
9.66195
8.13829
10.4104
9.37175
16.4504
16.4504
12.4034
15.9668
16.0312
