4.90618
4.90618
0.574253
4.57849
0.568735
9.56709
9.46742
3.31492
9.56709
4.23493
12.2077
5.54603
1.47422
7.4018
12.2077
4.25366
0.506383
3.568
0.454064
4.25366
10.8732
7.46253
7.45885
10.496
10.8732
7.7845
7.58346
3.53683
7.7845
3.82373
4.5749
4.5749
0.44131
4.41191
0.654688
15.9226
15.9226
9.63322
14.6525
9.96059
14.0305
9.71987
9.38824
14.0305
13.9964
16.4649
7.61413
7.27876
11.2602
16.4649
6.82603
0.328357
3.7911
0.43995
6.82603
11.3085
9.12171
7.42865
10.8575
11.3085
12.1215
9.29672
10.0039
9.22899
12.1215
13.5192
7.07612
9.34783
7.3839
13.5192
12.2496
12.2496
1.38841
12.0589
5.74866
8.10413
0.608894
2.41837
2.37616
8.10413
15.647
15.3518
9.86013
15.647
10.1023
15.2887
12.6297
9.62376
15.2887
13.7567
13.8432
9.70953
3.63008
13.8432
13.5944
12.7784
10.8861
12.7784
12.2907
11.6346
11.2047
11.2047
4.2071
10.7172
4.77759
9.91605
9.91605
6.21754
9.67372
6.53609
13.5816
13.5816
7.54064
12.377
9.14608
12.6535
9.39256
9.3987
10.7444
12.6535
15.2994
14.1578
4.14437
15.2994
13.9812
17.0202
17.0202
8.8087
16.6194
14.7501
16.9349
12.5313
10.4546
14.7731
16.9349
11.562
8.34309
7.44971
9.86379
11.562
17.4314
14.5314
9.26188
17.4314
13.3798
17.0411
12.449
11.8877
16.6215
17.0411
14.575
12.2133
3.21802
14.575
9.8662
15.6421
6.93763
5.47832
10.2835
15.6421
15.5556
15.5556
7.29805
14.8983
7.99138
16.5222
15.7841
8.20439
16.5222
10.8054
17.2597
13.437
11.2902
17.2597
13.9388
14.937
14.937
0.881679
13.8069
6.28196
9.93563
9.68443
9.93563
8.94483
8.98171
9.93456
9.76781
9.93456
8.74644
9.05253
12.9285
12.9285
0.912307
12.3975
6.29846
14.6846
14.6846
8.09598
14.5856
8.12675
15.7356
12.5478
12.5056
13.2384
15.7356
14.931
13.2778
4.40259
14.7448
14.931
16.0418
15.7043
11.8634
16.0418
13.189
9.84713
9.84713
0.745151
9.12215
1.03476
13.8171
9.96624
0.945044
13.8171
8.71708
14.4193
13.0502
9.51775
14.4193
13.4772
18.3405
12.0521
12.5022
15.2499
18.3405
14.9944
13.8203
5.62984
14.9944
14.9682
12.3071
12.3071
9.84161
11.6536
10.1038
17.6311
13.2418
13.1864
16.7814
17.6311
