3.99006
3.99006
3.51834
3.38726
3.58302
9.86119
9.48489
7.45327
9.86119
7.60872
10.8741
10.5774
5.26744
10.8741
8.58889
4.789
4.22476
4.70391
4.789
4.77434
12.0294
8.87193
10.7833
10.07
12.0294
6.74723
6.11697
6.59549
6.39242
6.74723
4.16062
4.12669
3.96262
4.16062
3.92214
17.6498
16.2494
14.1936
17.6498
15.8507
14.3007
13.6566
14.0118
13.754
14.3007
16.3032
14.052
12.0359
16.3032
13.6442
7.26673
6.51587
5.58987
7.26673
5.74068
12.0116
9.55313
9.92618
11.629
12.0116
11.9792
8.00968
11.6745
9.0154
11.9792
13.6097
8.13267
12.646
13.6097
12.7588
11.3049
10.7799
4.84343
11.3049
5.30556
7.74773
7.50232
7.64106
7.65692
7.74773
16.1987
14.42
12.9626
16.1987
13.669
17.5209
16.4655
15.4652
17.5209
16.9711
16.5023
16.5023
12.556
14.3867
14.5031
14.4251
12.1735
14.2224
12.9888
14.4251
11.6702
11.2868
9.41249
11.6702
10.0375
10.2845
10.2845
9.70134
10.0923
9.68816
15.0186
15.0186
12.0122
14.3196
12.905
18.3147
11.0207
17.5049
16.4937
18.3147
17.807
17.807
10.3931
17.0372
10.4496
18.2881
18.2881
12.3547
16.7237
13.3123
15.901
13.4135
14.2366
15.901
14.1836
13.683
11.2357
10.857
13.683
11.9016
18.6413
16.7391
15.4251
18.6413
17.8574
24.5264
18.7029
22.5948
21.0376
24.5264
17.827
17.827
8.0587
16.4395
8.34746
15.0779
15.0779
13.7051
14.8737
13.9687
16.8343
16.8343
11.249
16.3774
11.0386
16.7062
16.7062
14.2985
16.5832
14.5602
17.499
15.3633
16.3851
17.499
17.4984
12.3448
12.173
4.7707
12.3448
5.3418
9.57695
8.1125
9.57695
8.00348
9.06767
9.70355
7.65693
9.08721
8.13758
9.70355
14.9494
14.9494
4.5802
12.5078
5.16451
14.3385
14.3385
11.428
14.1443
12.1209
15.6826
11.1948
14.1266
11.892
15.6826
16.9892
16.7133
13.5093
16.9892
13.5676
21.9692
20.5494
20.1134
21.9692
21.7383
8.36314
7.99726
4.68077
8.36314
5.40039
13.5722
13.5722
6.60202
13.4146
6.72252
17.5902
13.3771
16.714
15.3775
17.5902
18.8299
13.0918
18.8299
15.9281
18.4175
16.8934
16.8934
11.9583
16.1283
11.601
11.6485
10.7424
11.6485
10.5512
11.6352
18.4437
14.8167
18.2219
16.2742
18.4437
