4.75656
4.45895
0.564166
4.75656
4.56871
9.76202
8.86097
2.95686
9.76202
8.95127
7.15559
5.82195
2.28673
6.4928
7.15559
4.92843
0.44339
4.47725
4.8917
4.92843
10.8919
8.44244
9.05175
10.5297
10.8919
7.60782
7.60782
3.80563
7.26862
6.9538
4.38238
4.23833
0.499488
4.38238
3.74205
16.2379
15.9547
10.3604
16.2379
11.4926
13.8566
9.8101
9.56371
13.8566
13.6484
15.1582
6.93755
8.02075
12.465
15.1582
7.06099
0.466336
3.91961
6.03784
7.06099
11.4758
8.43707
8.43707
11.4758
11.1678
11.9414
9.30016
10.2032
11.2472
11.9414
13.2149
6.79219
8.89848
10.1971
13.2149
12.5814
11.9464
1.37773
12.5814
11.1412
7.62729
0.79173
2.9887
7.62729
7.62729
16.2046
14.3658
9.55028
16.2046
12.2596
17.0759
12.2084
9.09095
17.0759
16.0456
15.8984
8.23385
5.10308
15.8984
15.0577
14.1862
10.5053
12.0469
13.6832
14.1862
12.0553
11.3055
3.98351
12.0553
9.89245
10.4216
9.67722
5.64416
10.4216
7.84389
14.5176
13.4133
6.64858
14.5176
9.26295
18.3854
9.61207
9.7001
16.7094
18.3854
16.177
14.2446
4.35109
16.177
15.5848
19.1264
16.169
8.21619
19.1264
15.5476
18.8809
11.3723
9.53813
17.2118
18.8809
13.3457
7.84374
6.85659
13.3457
13.1388
18.751
14.3387
9.13875
18.751
14.9007
22.6436
12.253
11.625
22.5567
22.6436
12.8195
12.4692
3.40845
12.8195
11.1712
12.823
5.30271
5.85471
10.7108
12.823
16.0335
15.8066
7.60216
16.0335
10.6707
17.346
15.0018
8.77444
17.346
12.512
19.1718
12.9178
11.2551
19.1718
18.9299
13.7501
13.6989
1.12903
13.7501
13.6015
9.17043
8.9469
8.96346
9.16781
9.17043
9.17025
9.14047
9.17025
8.96943
9.07898
13.5174
13.1669
0.961621
13.5174
9.86609
15.9285
14.6984
7.75775
15.9285
12.321
16.1792
12.1576
12.3568
15.5887
16.1792
19.6605
13.5795
4.77948
19.6605
19.4459
19.4964
14.7646
11.7273
19.4964
18.6207
9.63153
9.06401
0.982913
9.63153
9.5521
17.5666
9.70503
1.00773
17.5666
15.0187
19.5575
12.2663
9.57225
18.5922
19.5575
20.6289
11.3389
13.2168
18.1045
20.6289
19.5642
13.1791
6.23543
19.5642
19.4402
11.6738
11.6738
9.5904
11.2726
10.7191
18.4248
12.7724
13.0775
18.4248
18.3448
