4.97509
4.97509
0.36488
3.66689
0.453309
9.72366
7.55444
5.99758
9.72366
9.09506
19.9336
6.66284
6.94143
14.674
19.9336
4.98194
1.81783
4.98194
2.9057
3.60718
10.7592
10.4723
10.7592
8.75102
9.19102
7.322
7.322
3.20754
6.73598
3.20754
4.15932
4.15932
1.52833
4.08906
1.9559
15.0139
15.0139
11.5941
12.9098
9.51758
13.8541
13.8541
13.4472
8.86605
8.26779
16.1521
13.6741
15.2724
14.7256
16.1521
6.17366
1.98469
6.17366
4.36401
6.12393
10.5143
10.5143
10.3926
9.25921
9.41441
12.352
9.29936
12.352
1.32931
3.50881
12.6663
10.3784
11.4956
10.8303
12.6663
13.7313
7.93124
6.33466
13.7313
7.7699
8.67616
4.17895
7.34242
6.17338
8.67616
13.3801
13.3801
10.3396
9.64285
8.17723
16.2874
16.2874
16.0809
13.3404
12.9245
17.6389
13.0207
12.4759
17.6389
16.3688
12.7052
12.3748
12.7052
9.0122
9.001
10.3283
10.3283
6.79755
9.49825
9.50365
8.66321
8.66321
6.51206
8.27942
6.55339
11.995
11.995
10.0398
10.9687
9.37162
16.3024
10.7403
16.3024
8.8542
9.64766
15.3698
11.0689
11.5492
15.3698
15.1821
16.3921
16.2005
15.1542
16.207
16.3921
18.1378
16.5351
17.8795
16.5463
18.1378
13.5524
11.343
12.1188
13.5524
13.1614
16.9971
16.9971
14.4552
13.29
12.2507
23.308
23.308
23.3062
14.1559
14.0721
15.2932
10.3654
9.6269
15.2932
15.1233
15.4866
9.9606
13.1156
13.7057
15.4866
11.7834
10.5129
7.20131
11.7834
10.7748
15.1637
15.1637
12.4456
14.0936
11.8474
17.3592
17.3592
16.6233
10.9888
11.4206
11.1231
8.08266
5.94401
11.1231
9.63989
9.40505
9.40505
9.40505
1.82636
1.27507
9.71259
8.8591
8.8591
9.71231
9.71259
10.8249
7.80986
5.92333
10.8249
9.68021
14.4613
14.4613
7.92239
7.20394
6.57629
16.2706
13.592
16.2706
2.33906
3.93088
16.3675
10.8129
10.9131
16.3675
16.2487
19.0961
19.0961
18.7535
15.095
12.4032
9.89508
9.89508
4.05214
7.62176
5.98287
11.6506
9.95685
7.32692
11.6122
11.6506
14.4229
13.0331
14.4229
13.4261
13.6426
19.0429
17.7953
19.0429
16.8787
18.1171
16.648
12.3316
12.4229
16.648
16.5964
11.9
11.9
10.1199
8.95103
7.18899
18.6859
18.5599
18.6859
7.8572
8.20566
