4.97509
4.97509
0.395806
4.71758
3.51952
8.74821
4.00788
1.52011
8.74821
7.83792
8.98784
2.33161
3.1544
8.98784
8.12392
4.98092
0.522791
3.60599
4.98092
4.97721
11.9204
8.7496
10.5061
10.2454
11.9204
7.14633
7.14633
3.27616
6.21479
5.46333
4.16937
3.51114
0.780886
4.16362
4.16937
12.62
7.34914
5.13102
12.62
11.7034
13.7082
10.0551
9.50841
13.7082
13.1301
15.1916
3.61857
4.68397
15.1916
14.8537
6.15696
0.725673
3.44818
5.54501
6.15696
12.5456
6.75253
6.80949
12.5456
12.0288
12.286
9.42506
12.286
8.99754
11.066
12.5118
2.81521
4.74943
11.3646
12.5118
12.5436
3.53144
1.30147
11.5843
12.5436
8.03744
1.03732
3.382
7.90896
8.03744
14.2788
11.5556
9.64923
14.2788
13.0392
15.1967
9.47554
8.09326
15.1909
15.1967
15.7814
6.14562
6.08824
15.7181
15.7814
12.6999
9.92508
10.0564
12.3197
12.6999
10.2082
6.16593
4.23423
10.2082
9.5368
9.03708
9.03708
6.61321
8.73918
8.63152
13.5224
10.373
7.75313
13.5224
10.6379
17.6483
10.7882
12.7063
17.2329
17.6483
20.152
8.51916
6.36801
20.152
20.0577
19.75
8.35841
6.44346
19.75
18.1312
20.5719
7.50071
6.92582
20.5719
20.4132
11.9346
6.22047
7.12907
11.9346
11.1953
17.2212
10.8054
8.31547
17.2212
15.4879
18.153
13.3977
13.7546
17.187
18.153
14.4177
6.38212
4.61232
13.8618
14.4177
13.3178
4.29069
5.37106
13.3178
12.9683
12.5741
8.87259
7.2996
12.5741
12.2003
13.9776
7.76665
6.1862
13.3939
13.9776
22.5882
13.2582
12.6582
22.5882
22.379
14.3535
3.73383
1.76631
13.1973
14.3535
9.17624
8.98131
9.03394
9.15142
9.17624
8.86
1.94504
1.99914
8.86
8.79414
11.4743
4.25133
1.96026
10.5292
11.4743
12.6009
10.2213
8.05167
12.6009
12.3982
16.9106
13.6156
16.9106
12.4537
14.3566
24.9133
6.94959
7.02047
24.9133
24.6152
16.2576
10.4683
9.70305
16.2226
16.2576
9.73871
3.97717
0.878153
9.73871
9.53591
19.3287
4.96393
2.20942
19.3287
19.1604
22.1818
10.4027
11.2902
22.1818
22.0951
22.457
8.13333
8.84861
22.457
22.3875
24.8363
5.38419
5.33425
24.8363
24.8342
11.9487
7.32063
5.34498
11.9487
10.7295
19.4487
14.4296
14.3661
19.4487
19.4175
