4.54686
4.42212
1.19207
4.54686
3.14752
11.3903
7.53022
3.25873
11.3903
6.91181
10.3635
10.3635
4.30166
9.85832
8.8586
4.6228
1.02206
1.17497
2.70953
4.6228
14.0145
10.1136
9.54352
9.21675
14.0145
7.37969
4.30219
1.52387
7.37969
5.51933
4.26347
4.26347
1.41159
4.25232
2.76629
16.7659
11.2152
8.24463
16.7659
12.4361
13.431
12.324
13.431
12.7351
12.8694
14.5603
10.2496
7.84691
10.7211
14.5603
6.24351
1.09235
1.77422
4.01972
6.24351
11.5959
8.96417
7.4815
11.5959
11.4901
11.7035
9.62534
9.68634
10.1858
11.7035
13.2957
4.00374
5.27633
8.72857
13.2957
12.066
11.5343
3.72454
12.066
8.25921
8.11318
2.30113
2.61127
5.34717
8.11318
14.9582
13.8393
9.47363
14.9582
13.2645
16.7597
12.1257
10.6962
16.7597
14.01
13.8532
13.6833
8.00542
13.2718
13.8532
16.2359
11.5467
12.581
16.2359
16.1767
11.2148
9.84569
3.77321
11.2148
10.0334
10.5987
9.67569
6.04874
10.5987
7.5437
13.7406
12.9697
8.6843
13.7406
9.47835
15.5869
9.48065
9.5997
13.1811
15.5869
16.7535
16.7535
6.27934
16.3032
11.1795
16.715
14.8297
9.07854
16.715
13.4169
15.1894
12.7487
10.1247
15.1894
14.9678
12.1402
9.32564
8.75883
11.8173
12.1402
17.6299
14.9773
11.2565
17.6299
14.5338
23.3189
13.4305
13.8784
23.316
23.3189
18.0411
18.0411
6.07197
17.3375
10.4076
14.5151
10.615
6.83281
12.0993
14.5151
17.5553
17.5553
7.25082
15.6194
11.1276
18.1531
15.1677
9.95266
18.1531
11.594
18.0651
12.3059
11.5454
18.0651
17.673
13.5795
13.2234
3.31811
13.5795
7.74729
9.61112
9.4239
9.61112
9.1534
9.16509
9.68766
1.4395
0.839906
9.5268
9.68766
14.0992
14.0992
3.60522
13.2306
7.59558
14.7984
14.5114
7.97699
14.7984
11.3268
14.9602
12.6135
12.8143
14.3504
14.9602
16.9794
15.3305
5.61316
16.9794
12.4005
24.8744
11.5797
11.0444
24.8744
20.6171
9.12675
8.78277
2.2642
9.12675
5.83284
13.5944
12.8628
3.90072
13.5944
8.99536
16.5145
12.444
8.91824
16.1989
16.5145
18.076
10.2438
11.0956
14.5364
18.076
16.3208
14.5679
4.50699
16.3208
13.6175
12.2875
10.8987
10.98
12.2875
10.701
17.4121
15.3596
16.375
17.0795
17.4121
