4.97509
4.97509
0.86723
3.52351
3.52049
9.33218
7.91762
2.85681
9.33218
7.58066
8.52105
3.70937
6.56637
8.52105
8.48215
4.97737
1.24323
4.97737
4.97737
4.97737
11.4281
9.72925
11.4281
9.92526
11.0478
7.35837
7.35837
3.20754
5.92985
5.1818
4.14112
4.14112
1.40599
4.08312
4.08588
15.4446
10.3682
7.29659
15.4446
12.4596
13.0702
12.5866
12.6026
13.0702
12.9081
15.5502
7.14996
9.63177
14.6117
15.5502
6.1146
1.18726
6.1146
5.4888
5.51173
11.6365
7.78027
8.75374
11.6365
11.4001
12.1364
9.57725
12.1364
9.48617
11.2297
11.8636
3.85144
10.0788
11.2276
11.8636
11.3597
7.57821
2.80497
11.3587
11.3597
7.75929
2.11004
7.42125
7.75929
7.7512
14.9163
13.2612
9.71029
14.9163
12.7816
16.0464
12.4385
10.9813
16.0464
14.5221
15.6026
8.64924
10.4617
15.4287
15.6026
14.9029
11.9747
11.2128
14.0731
14.9029
10.3141
10.3141
3.96893
9.25694
8.99647
8.75199
8.63422
6.32199
8.75199
8.16989
13.0065
12.7463
9.44843
13.0065
10.4528
17.4474
10.765
16.5294
16.8263
17.4474
20.0893
11.5882
11.0585
20.0893
20.0376
20.375
14.6352
10.7169
20.375
18.2998
19.9663
11.7569
11.742
19.9502
19.9663
11.3803
9.30261
8.0838
10.8693
11.3803
19.9843
14.7151
12.7108
19.9843
17.0743
22.3637
15.6535
15.6343
22.3108
22.3637
14.0598
8.48535
5.37459
14.0598
13.8331
13.3921
4.78293
8.06407
12.7733
13.3921
12.5917
10.6644
7.79612
12.5917
11.5133
14.526
11.9773
9.91205
14.526
12.3913
23.5792
15.5676
15.0461
23.5792
23.5539
13.088
8.4621
3.0719
13.088
13.0852
9.14395
8.93453
8.93453
9.14297
9.14395
8.86906
4.5394
4.54395
8.86906
8.86906
10.5419
6.76925
3.72072
10.5349
10.5419
14.4577
14.4577
7.92249
12.9701
12.1373
16.2751
13.7319
16.2751
13.6132
14.5146
24.6136
10.9913
11.0858
24.579
24.6136
19.8867
13.581
12.5478
19.8867
18.8883
9.95533
9.95533
2.15365
8.67871
8.67871
17.75
9.95746
5.74859
17.75
17.75
22.614
13.1292
14.3678
22.2272
22.614
23.692
13.1515
16.0705
22.811
23.692
24.9042
10.2944
10.4239
24.9035
24.9042
11.872
11.8306
10.7985
11.872
10.8181
18.88
18.8794
18.88
16.9208
17.0893
