4.97509
4.97509
4.97509
4.97509
2.78902
8.68357
7.99676
7.87213
8.68357
3.47022
8.59462
8.59462
8.59462
7.43021
6.62758
4.98144
4.97936
4.98144
3.03899
4.97841
9.9971
9.5727
9.72004
9.31303
9.9971
7.33453
6.50312
6.50312
7.33453
3.46332
4.24167
4.24167
4.14717
4.16729
2.77374
14.3641
9.21916
8.92626
14.3641
11.2505
12.7075
7.56847
7.73538
12.7075
12.6082
13.9083
13.7491
13.9083
9.5785
11.9172
6.29071
6.29071
6.29071
4.25332
6.0958
12.3624
12.3624
12.3624
11.827
11.9865
11.4289
10.12
10.7787
10.7706
11.4289
12.3622
9.57264
9.57264
7.49605
12.3622
11.5945
11.5244
11.5244
11.5945
7.56146
7.81919
7.81919
7.81919
4.75656
7.3435
13.2617
12.577
12.577
13.2617
11.9296
15.735
9.3434
9.3434
15.735
13.7654
15.354
15.354
15.354
10.809
12.1434
15.9036
10.5816
11.0863
14.7052
15.9036
10.4276
10.4276
10.4276
10.3109
7.32399
8.26084
8.26084
8.26084
8.00533
7.51497
11.5634
10.4181
10.3932
11.5634
10.2914
16.8823
16.7456
16.8823
15.9505
16.0909
17.6933
17.6933
17.6933
15.1412
14.5308
15.5646
15.5646
15.3199
14.5443
12.39
14.277
13.1597
13.1597
14.277
13.5038
11.4268
8.36053
8.36053
8.85324
11.4268
18.6284
12.3954
12.3954
18.6284
16.4167
20.5243
12.2108
12.1945
20.5106
20.5243
12.2857
12.2857
12.2857
9.56916
9.46274
12.4071
12.2386
12.4071
10.0177
11.3189
11.1171
11.1171
11.1171
10.0915
9.80267
15.7908
10.8051
10.8051
15.7908
11.3907
22.0258
20.8631
20.8848
22.0255
22.0258
14.1325
14.0892
14.0892
14.1325
8.48441
9.57695
8.9375
8.95326
9.57695
9.57695
9.70355
1.96643
2.00998
9.70355
9.70355
10.699
10.699
10.699
10.3371
6.14236
13.5625
13.5625
13.5625
11.7299
11.5083
14.5845
14.384
14.5845
14.0998
14.2306
21.1728
21.1588
21.1728
15.4919
15.4895
18.1002
11.825
11.825
18.1002
17.3753
9.9247
9.9247
9.9247
9.9188
5.7886
19.9139
19.9139
19.9139
11.8065
11.9075
20.4065
20.362
20.4065
17.8506
18.0502
17.1203
14.9852
15.3606
15.8833
17.1203
21.2403
21.2403
21.2245
12.7948
12.8177
11.7846
4.55295
4.60278
11.7846
10.0052
17.0508
11.2609
11.2011
16.9148
17.0508
