4.97509
4.97509
2.60352
4.70742
2.58048
8.80299
7.59552
7.21594
8.80299
7.12872
7.35628
6.89846
6.95676
7.2915
7.35628
4.91605
3.18023
4.58945
3.26759
4.91605
12.5276
10.0341
12.5276
9.65755
10.7064
7.35066
7.35066
4.97462
7.27902
4.97322
4.07381
3.91394
2.91438
4.07381
2.98203
15.2134
13.554
12.6783
15.2134
12.6267
12.7757
12.7757
12.6865
11.8603
11.6899
15.612
14.5627
15.612
14.4927
15.5329
6.05856
4.29205
5.18245
4.44095
6.05856
12.7257
12.3591
12.3902
12.7257
12.6581
12.5486
9.67994
11.5089
10.2474
12.5486
12.4119
11.7653
11.8268
11.842
12.4119
9.93374
8.9398
8.75792
9.93374
9.1941
7.1285
5.60314
6.95823
5.80092
7.1285
14.9966
13.2534
12.8318
14.9966
13.0349
15.3008
15.3008
14.7132
15.2708
13.7593
16.089
15.1624
15.8226
15.2607
16.089
15.8899
13.0568
14.0288
15.0046
15.8899
12.0203
10.3417
9.22859
12.0203
9.3273
10.2098
10.2098
7.83871
8.78051
7.85983
12.9535
12.2916
10.2142
12.9535
10.0192
16.3698
15.5147
16.3698
15.1679
16.2988
18.9468
17.7451
16.8585
18.9468
17.1176
20.6576
20.6576
18.2074
20.1019
17.8723
19.9077
19.8755
19.9077
19.8093
19.8269
12.0148
12.0148
10.5285
10.9068
11.3349
19.2038
16.5019
15.057
19.2038
16.0229
18.6837
16.1346
16.1242
18.6654
18.6837
12.677
12.5861
11.9286
12.677
12.2003
14.5624
13.9226
14.5624
13.8558
14.4266
12.7283
12.3344
11.5704
12.7283
11.5701
15.1556
14.0335
12.4246
15.1556
12.4698
22.2113
22.2113
22.1961
21.9828
21.991
10.175
10.1154
9.43622
10.175
9.32244
9.54673
8.97322
8.97431
9.54673
9.54673
9.73948
9.30056
9.3016
9.73948
9.73948
8.40063
8.34386
7.00738
8.40063
7.16123
14.3319
11.9452
11.5842
14.3319
11.537
16.2828
13.7658
15.3359
13.592
16.2828
20.3642
20.168
20.3642
19.8119
20.0512
19.5828
15.0125
14.9395
19.5828
17.8624
9.4048
7.07865
5.76726
9.4048
5.68021
13.2309
12.5619
11.473
13.2309
11.7897
24.8981
24.0214
24.8981
23.438
23.5437
24.8947
22.9407
24.8947
22.3846
23.9426
18.8501
18.4294
18.685
18.3403
18.8501
12.4018
11.424
10.9405
12.4018
10.0883
19.1163
19.1048
19.1163
17.2901
17.467
