4.97509
4.97509
0.687468
4.97509
4.95768
8.56136
5.11601
2.67401
8.56136
7.83715
9.50069
3.73919
4.93775
9.50069
8.38415
4.97841
0.942446
3.60599
4.97737
4.97841
11.944
10.2076
10.2003
10.5428
11.944
7.31232
7.31232
3.20754
6.9377
5.56346
4.15839
3.51114
1.20829
4.15839
4.15022
13.4251
10.407
8.89203
13.4251
12.4452
14.017
14.017
13.6111
13.8201
13.4436
15.8166
8.4344
10.5331
15.3632
15.8166
6.0958
0.959847
3.4264
6.0958
6.0958
14.1274
7.78639
8.09179
14.1274
13.1265
11.6993
9.41182
11.6993
10.1772
10.6047
12.2209
4.40656
6.31603
11.3086
12.2209
12.4712
4.83698
3.36266
12.4389
12.4712
7.80518
1.73387
4.28655
7.80518
7.79576
13.8655
11.2197
9.96004
13.8655
13.1337
15.7445
12.0134
11.1358
15.31
15.7445
15.6349
8.17057
9.29142
15.5057
15.6349
14.1687
13.569
14.1687
13.0348
13.434
10.5723
6.34405
3.96892
10.5723
9.49502
8.74043
8.33981
7.19098
8.74043
8.62536
13.2447
10.8574
9.42628
13.2447
11.4111
17.469
10.7493
11.7002
16.8351
17.469
20.011
10.0351
7.98816
19.9892
20.011
19.6935
12.8142
11.9027
19.6935
18.4606
20.002
13.3765
13.0848
20.002
19.975
12.5672
8.10772
8.45628
11.992
12.5672
18.9055
14.0991
12.5402
18.9055
16.5487
19.2569
17.4259
17.425
19.2152
19.2569
14.3347
7.76973
5.86841
14.0704
14.3347
13.7083
6.19782
8.37545
13.6568
13.7083
12.7568
9.58356
7.9285
12.7502
12.7568
15.1788
11.6163
9.38197
15.1788
13.9508
23.1717
14.1909
14.227
23.1717
23.1455
14.3459
6.19836
3.94922
14.1912
14.3459
9.32095
9.14404
9.14404
9.26231
9.32095
9.41721
2.39445
2.39445
9.41721
9.41721
11.417
6.02642
3.99693
11.3867
11.417
12.9032
10.1724
7.93167
12.9032
11.9617
15.7511
13.7784
15.7511
12.696
12.9654
24.675
8.65169
8.69936
24.675
24.6519
18.5485
16.0776
15.1209
18.5485
17.6624
9.9188
4.95013
1.6235
9.9188
9.9061
19.8797
8.0623
5.52344
19.8797
19.8421
22.3448
10.0659
10.5468
22.0504
22.3448
22.4209
14.2769
14.9693
22.0845
22.4209
24.914
8.72654
8.83465
24.914
24.9051
11.3802
11.3802
10.5058
10.7708
10.144
19.5338
19.5318
19.5338
16.8046
16.7561
