4.21718
4.20665
2.69645
4.21718
3.51214
9.07632
9.07632
7.10472
8.22909
7.67784
8.47695
6.70484
7.02551
8.39506
8.47695
4.95794
3.65072
4.83032
4.95794
4.95335
12.0621
9.24242
10.263
10.0094
12.0621
7.17476
7.17476
4.90018
7.14894
5.21303
4.28672
4.17088
3.20196
4.28672
4.12763
15.3716
15.3716
11.6054
14.2391
11.1687
13.1111
9.4251
9.23394
12.9083
13.1111
15.6757
14.4792
15.6229
14.5737
15.6757
5.83891
4.35893
5.83891
5.57478
5.64691
12.0752
11.9696
12.0752
11.7606
11.8901
12.3642
9.26663
12.3642
9.45172
12.204
12.211
11.4365
12.0897
11.4838
12.211
11.552
10.3564
9.52553
11.552
11.5369
7.83707
6.17506
7.62329
7.78339
7.83707
14.0761
13.8953
12.3499
14.0761
13.1944
15.7464
13.0954
12.8694
15.7464
15.1015
15.9607
15.0379
15.7291
15.5723
15.9607
13.7894
12.7258
13.7894
12.3913
12.7815
11.7375
11.4392
9.38796
11.7375
9.63556
9.27618
8.8832
7.67516
9.27618
8.09984
13.2527
12.3851
9.91508
13.2527
10.1526
17.6006
15.7462
16.1041
17.1707
17.6006
20.3144
19.035
17.2693
20.2113
20.3144
20.4613
19.822
17.7998
20.4613
18.0372
19.9685
19.347
19.426
19.7681
19.9685
11.7
10.3875
10.4964
11.7
10.9807
17.4698
16.0758
13.0739
17.4698
15.1757
17.5434
14.0022
13.9033
17.5434
17.487
13.9995
12.8756
12.4223
13.9995
13.5473
14.8322
14.0836
14.8322
13.1972
13.4081
12.7181
12.5713
11.6008
12.7181
11.4091
14.6152
13.2417
12.5504
14.6152
13.1941
22.6513
20.8972
20.8951
22.6513
22.6303
13.1043
10.9342
10.1831
13.0456
13.1043
9.59177
9.57695
9.59177
9.09428
9.09801
9.70355
9.70355
9.70355
9.34934
9.34866
10.7049
8.99742
7.72525
10.7049
10.5564
14.2213
14.1347
11.4111
14.2213
12.3561
15.7674
12.5461
14.8584
13.7146
15.7674
24.3387
21.1702
21.426
24.3387
24.3375
16.761
15.5546
13.8228
16.761
15.4149
8.69642
8.58878
6.3006
8.69642
8.66109
17.7747
14.2966
12.7079
17.7747
17.6889
23.4849
23.216
23.4849
22.1385
22.3557
23.9771
21.2541
22.1032
22.3762
23.9771
24.7176
19.6675
19.6078
24.6904
24.7176
12.9264
12.9264
9.85522
12.1274
10.7531
19.8981
13.7939
14.0387
19.5518
19.8981
