4.97509
4.97509
1.40172
4.88647
1.40419
15.5058
9.76748
6.48187
15.5058
9.75787
10.5565
10.0538
10.5565
10.3027
9.1103
4.92842
1.6105
4.92842
1.68399
4.76685
11.2678
10.0481
11.2678
9.58849
10.6792
7.31756
7.31756
4.23745
5.51718
4.2575
4.33105
4.12914
2.44862
4.33105
2.48057
14.3683
14.3683
13.9522
12.2583
10.5939
14.0056
13.6861
14.0056
9.95899
10.5778
13.9816
12.3784
13.9816
12.0666
13.7914
7.17803
2.91913
4.3041
3.31614
7.17803
14.8982
14.6733
14.3495
14.8982
14.5433
12.0269
9.77523
12.0269
5.39786
5.05252
12.1473
11.2808
12.1473
10.4407
11.9953
13.9452
8.5774
6.74167
13.9452
6.82886
9.42711
4.29884
6.53383
4.28729
9.42711
14.1525
14.1525
12.318
12.0918
12.4219
14.874
14.874
14.3214
13.3428
13.2887
14.3666
14.2416
14.3666
14.1201
14.0756
12.2877
11.783
11.1418
12.2396
12.2877
10.2031
10.2031
8.40889
8.32627
7.87097
8.93633
8.93633
8.11135
6.45784
7.26183
11.9429
11.9429
11.412
10.9123
11.4794
13.4423
10.2723
13.4423
9.94985
10.7871
11.5882
10.4962
10.8229
11.5882
11.0542
14.8786
14.8786
13.7127
12.6693
10.5811
14.9406
14.9406
14.9313
12.3264
13.9812
13.7761
12.9033
13.1083
13.473
13.7761
16.9073
16.9073
15.3318
13.1756
12.8641
16.8938
16.5783
16.8938
12.7072
12.8958
12.7264
11.0532
12.7223
11.0245
12.7264
16.6625
14.3622
15.4851
13.5884
16.6625
12.6796
11.5942
12.6089
11.7432
12.6796
16.5978
16.3811
14.0324
16.5978
13.6759
13.8467
13.649
12.6912
13.821
13.8467
13.8233
8.08874
4.42528
13.8233
4.38656
8.83385
8.75418
8.83385
6.0456
5.7181
8.70398
8.6358
8.70398
7.5694
7.85154
12.6839
6.22756
6.48205
12.6839
6.63935
14.2884
14.2884
8.20522
8.29728
6.9909
15.7908
13.7195
15.7908
7.29983
6.90158
11.4334
10.8347
9.38702
11.4334
11.3355
16.3582
15.0125
16.3582
11.2414
11.9318
9.89569
9.89569
2.82971
9.75224
2.83517
9.95746
9.95746
5.11161
9.81535
9.25004
14.104
13.6365
13.6442
14.104
14.0888
16.6163
16.6163
16.5784
10.8712
12.1937
12.2902
9.80103
8.82626
12.2902
11.8909
11.5279
11.5279
11.0166
4.72708
4.97313
16.7441
16.69
16.7441
8.1358
8.02677
