4.45424
3.64329
0.888152
4.45424
0.564888
11.0493
11.0493
6.40703
10.6122
6.62205
14.6329
13.7967
11.1317
13.2904
14.6329
4.33108
2.49307
4.33108
3.28707
4.295
17.9391
10.6103
17.9391
7.94621
7.93302
7.19566
5.89067
3.50535
7.19566
3.92066
4.36662
4.23466
2.11017
4.36662
2.12865
13.5805
13.5805
11.8969
12.383
6.61469
15.4077
15.4077
15.1522
5.38082
4.59811
17.3434
14.3708
17.3434
13.1082
16.0953
7.32668
3.38223
6.33698
3.75517
7.32668
14.3317
13.3604
14.3317
9.03363
8.78261
8.65726
8.64155
8.65726
1.06313
3.90437
12.2278
9.5841
11.9417
7.27584
12.2278
13.8086
12.7914
8.46843
13.8086
9.10038
9.21839
6.54371
8.68027
6.56254
9.21839
13.1804
13.1804
11.3593
10.5039
8.51898
16.2254
16.2254
14.7723
10.3277
7.80637
17.4851
13.6147
17.4851
14.308
14.5868
12.6469
12.6469
11.0007
8.56705
8.60649
10.0843
10.0843
8.13145
8.77345
7.12649
11.6214
11.6214
7.15777
6.82428
5.60858
15.5529
15.5529
9.79756
9.96115
9.51267
12.2757
10.7085
12.2757
9.93284
11.0878
15.9935
15.0531
14.7352
15.9935
14.5508
18.3289
18.3289
13.1057
13.6592
13.8389
18.882
18.882
13.3525
12.0189
13.5433
15.382
15.382
11.9937
9.21622
12.0835
18.8803
18.8803
15.0879
12.4413
9.54474
18.3349
18.2639
18.3349
7.17845
6.88553
15.9735
13.6365
14.9888
14.2627
15.9735
17.31
13.5204
16.6409
14.0288
17.31
14.3213
14.3213
11.0455
12.1659
11.269
16.9903
16.9903
12.5065
14.044
10.0301
13.9998
13.9706
13.9998
10.0398
9.72061
13.1443
11.8097
10.4473
13.1443
11.4703
7.51466
7.46355
7.51466
1.35494
1.85042
7.76386
7.16889
7.16634
7.68854
7.76386
12.7796
10.0837
10.1278
12.7796
10.1215
11.3558
11.3558
7.56365
8.14135
6.97352
12.083
11.8838
12.083
2.08604
4.08379
16.1569
14.0905
14.8205
16.1569
14.8547
16.0866
16.0866
15.184
10.3848
6.63019
8.88561
7.95758
6.12979
8.88561
6.83464
13.1503
12.4308
12.3291
13.1503
13.0435
14.1418
12.4985
14.1418
12.4827
11.9363
16.7729
14.8662
16.7729
12.6298
12.148
16.6045
15.4121
15.9144
16.6045
15.6727
8.86342
8.86342
8.85344
4.60782
2.03927
15.6733
15.6583
15.6733
4.27703
3.70006
