4.36335
3.51462
0.794622
4.36335
0.574253
11.4703
11.4703
6.87251
10.7271
6.41827
12.8543
8.04236
11.6104
10.1795
12.8543
4.47158
0.821133
4.24392
0.502111
4.47158
14.1656
10.317
11.6616
8.16506
14.1656
7.45927
7.15764
3.66162
7.45927
3.64955
4.2528
4.18666
1.52293
4.2528
1.95853
15.9522
15.9522
12.1493
15.7148
10.0468
15.0203
15.0203
14.4299
9.65098
10.0064
16.2933
10.7379
15.6354
11.2915
16.2933
6.49664
1.84736
6.13871
1.31335
6.49664
12.929
12.929
12.4306
8.42867
10.5839
10.0531
8.917
10.0531
8.78565
9.99737
13.5126
9.21826
12.8271
7.81788
13.5126
14.147
11.5997
4.94468
14.147
8.92749
9.17484
2.64536
8.0067
2.56862
9.17484
16.1814
16.1814
13.1957
14.1972
10.1968
15.8503
15.8503
15.5646
13.994
10.2267
16.3237
13.4687
16.3237
11.0804
14.1673
14.0807
14.0807
12.9192
11.7886
11.5021
10.9726
10.155
6.22543
10.9726
6.07801
10.9043
9.44595
8.31608
10.9043
5.90539
14.4362
13.1229
10.6482
14.4362
7.83611
15.6448
10.0517
15.6448
9.52391
14.8261
14.9734
14.9734
12.4492
14.7473
13.5681
17.0309
15.9879
13.211
17.0309
11.3558
15.8857
14.8583
15.8857
14.9207
13.713
14.2981
13.5243
14.2981
10.6656
10.6216
17.7714
17.7714
14.6732
13.6986
10.6267
21.0392
21.0392
20.9079
11.1694
11.2141
14.1552
12.8064
12.8327
14.1552
12.5685
18.2187
11.2555
18.2187
10.6431
15.8377
17.2792
14.7383
9.83974
17.2792
8.71188
19.1978
19.1978
12.3741
15.9862
10.3249
14.1126
14.1126
14.1125
11.8606
11.7641
12.9896
10.903
4.80951
12.9896
11.011
8.61343
8.30007
8.4978
8.61343
8.41546
8.70196
7.94974
8.0221
8.70196
8.69533
11.7494
10.656
5.69299
11.7494
8.86642
13.5799
11.8037
8.89411
13.5799
7.61461
12.7274
12.3776
12.7274
11.6776
12.3666
14.5019
12.4708
12.9812
14.2012
14.5019
18.4573
18.4573
17.2555
13.8175
11.2524
8.84776
7.10004
1.60607
8.84776
6.16866
12.8007
9.42978
7.92821
12.8007
12.2201
15.1904
12.9552
15.1904
10.4366
12.2722
16.1876
14.1865
16.1876
12.791
15.2395
15.256
11.9585
13.7884
15.0835
15.256
10.5721
10.2055
9.72689
10.5721
8.96117
16.547
16.2997
16.547
12.2577
12.1756
