4.97509
4.97509
0.573987
4.97509
4.97509
9.88312
3.95365
2.37531
9.88312
4.5521
7.88123
4.31612
6.51736
7.88123
7.622
4.97841
0.457992
3.60699
3.64604
4.97841
10.2892
8.58655
10.0709
9.81162
10.2892
7.03181
7.03181
4.05037
7.0106
6.64713
4.33782
3.51114
0.780878
4.33782
3.54531
13.3818
6.41635
4.81187
13.3818
11.0853
15.4445
10.3285
10.2825
15.4445
15.0132
12.2106
3.73044
5.94825
8.93393
12.2106
6.10533
0.740703
3.6528
3.59896
6.10533
10.6847
7.75991
8.09379
10.6404
10.6847
10.5034
8.21844
10.5034
6.66543
8.73591
12.4268
2.75613
4.62138
9.1623
12.4268
7.99851
3.93375
1.82249
7.99851
3.73109
7.81738
1.18544
3.63843
3.5419
7.81738
11.7207
11.7207
8.91934
10.65
7.64731
14.4184
9.29065
7.73281
14.4184
13.1512
12.3684
7.51364
6.95776
10.395
12.3684
11.2587
7.32573
8.26689
10.7056
11.2587
9.21554
5.64721
3.47496
9.21554
4.87756
9.85051
9.85051
6.47299
9.01826
5.69718
12.9196
10.824
7.13059
12.9196
7.83581
11.144
9.30946
11.144
6.44066
9.81626
11.2339
8.38726
5.84024
11.2339
7.99459
13.115
7.92817
6.65509
13.115
11.6207
14.6995
6.82971
7.01108
14.6995
13.0906
12.3573
6.55604
7.74207
12.3573
10.8639
15.9132
9.09425
7.68433
15.9132
13.9268
13.8886
10.3752
10.1483
13.8886
13.1378
11.6515
8.41383
5.50242
11.6515
7.15198
9.93801
4.31442
5.42657
9.93801
9.90068
12.3858
9.38203
9.06837
12.3858
9.32631
13.9574
7.29715
5.90183
13.9574
10.2017
11.5693
11.1119
10.5905
11.5693
10.5308
8.72071
3.61247
1.42625
8.72071
3.05137
7.50597
7.48342
7.50597
4.93619
4.65487
6.98994
1.68965
1.66215
6.98994
6.92393
7.71447
4.4287
2.2635
7.71447
3.96484
9.03298
9.03298
6.91876
8.4585
5.52756
13.374
10.7635
13.374
7.46834
10.097
9.71928
7.1747
7.21879
9.2217
9.71928
15.6454
8.37887
7.10524
15.6454
13.0066
9.90586
3.70324
1.07311
9.90586
3.28572
10.7076
4.43651
1.9055
10.7076
5.03841
11.8077
9.3507
9.98907
10.8084
11.8077
14.3476
6.369
7.38627
13.0076
14.3476
11.1508
5.78979
5.80589
10.865
11.1508
10.1504
6.1041
4.1935
10.1504
8.74139
13.233
10.2232
10.4551
13.233
13.189
