4.91241
4.91241
0.647644
4.31549
0.574253
14.1422
9.58286
6.63042
14.1422
7.84601
14.6366
11.0472
11.4543
11.3407
14.6366
4.24737
0.924124
3.5378
0.771128
4.24737
12.7196
9.5546
12.7196
8.06105
9.66655
8.95667
8.95667
4.1606
6.84089
3.0006
4.98242
4.98242
1.7451
4.4681
1.69319
15.1143
15.1143
12.3952
13.2371
8.28822
14.0479
14.0479
14.002
9.63141
8.84895
17.6146
12.5342
17.6146
11.8866
16.0586
7.28403
2.14671
7.18227
2.13004
7.28403
14.0614
11.6665
14.0614
9.74962
10.556
9.39946
9.09416
9.39946
5.53345
8.09363
12.9086
9.37116
12.9086
6.9014
11.4133
13.4372
12.2879
7.49244
13.4372
6.55326
9.09442
4.19858
7.50082
3.04382
9.09442
15.4037
15.4037
10.3582
12.454
9.52575
15.8678
15.8678
13.5099
12.4382
10.2805
17.135
16.7967
17.135
14.1148
15.3952
12.359
11.2006
12.1477
10.9039
12.359
11.5473
11.5473
7.75142
9.62576
5.76412
10.7863
10.7863
6.78477
7.27777
5.31134
14.5873
14.5873
10.622
13.5849
10.1697
13.4822
10.6962
13.4822
7.61599
11.4857
16.3715
16.3715
15.0786
14.8115
14.6831
17.6708
17.6708
14.096
14.3301
13.8659
17.1255
17.1029
17.1255
14.1169
15.2027
13.5784
12.5082
13.5784
11.2685
13.3435
15.1006
15.1006
13.8245
14.3202
10.4402
16.8996
16.6205
16.8996
8.73103
8.87502
15.9768
15.7071
14.5562
15.9768
14.4206
16.5314
11.6816
16.3991
10.5816
16.5314
14.2141
14.2141
10.5496
12.9237
9.7989
16.1314
15.8691
11.0183
16.1314
8.90581
13.6715
13.6715
13.6019
11.8733
11.7562
12.7989
9.4584
8.00144
12.7989
7.22189
8.7574
8.7574
8.50928
4.24669
4.2476
8.79198
8.79198
8.72616
5.45624
5.63948
13.6583
9.82411
8.40579
13.6583
8.16678
13.4433
13.4433
7.63115
8.65752
5.40472
13.0825
12.9568
13.0825
6.47264
8.81059
14.1084
12.5848
13.4327
13.8442
14.1084
17.8111
17.8111
15.552
11.2175
7.93257
9.27877
9.27877
4.7622
8.64988
3.98515
12.7407
10.1317
8.61549
12.7407
9.03439
15.1938
13.6821
15.1938
10.2993
11.943
17.3252
15.435
17.3252
11.1326
13.1103
14.6429
12.7603
13.6781
14.4477
14.6429
10.3958
10.3958
9.6954
7.61392
5.72633
16.5745
16.2836
16.5745
8.32465
8.79418
