4.12461
4.12461
0.629252
3.48749
0.599065
11.1669
9.78615
5.71536
11.1669
6.65707
10.6099
6.00284
7.09428
6.16504
10.6099
4.25897
0.525929
4.25897
1.41307
4.2148
12.1995
9.65538
10.5997
9.63755
12.1995
7.6204
7.6204
3.9159
7.40728
3.92646
4.30658
4.30658
1.02797
4.07425
1.02964
21.9043
21.9043
12.498
18.6756
11.9134
13.945
13.3664
13.7235
13.8131
13.945
15.4566
6.95981
13.0551
9.48159
15.4566
6.79641
0.833954
6.79641
1.89188
6.04551
12.8079
11.3034
10.1556
12.8079
11.7816
11.3448
9.00666
11.3448
9.37155
11.0666
13.684
7.53582
13.684
8.33934
13.1765
12.32
12.32
3.0978
11.0551
2.61557
8.29762
1.25638
7.87632
1.48254
8.29762
16.2649
15.4656
11.7214
16.2649
12.6221
14.9954
13.0964
10.6077
14.9954
13.9532
13.9217
9.7343
12.7847
11.6421
13.9217
13.7773
11.2387
12.8915
12.3681
13.7773
11.9684
11.9684
5.89404
11.6208
5.64106
9.87253
9.01024
7.25313
9.87253
6.88097
13.8091
12.1111
10.5695
13.8091
9.52119
17.1689
9.61379
17.1689
9.8947
16.1487
12.4554
12.1106
9.50528
12.4554
10.2602
14.6832
12.4449
8.9614
14.6832
11.3847
15.2954
9.95679
12.8365
12.4149
15.2954
15.0625
8.38328
10.9507
10.9823
15.0625
17.5516
15.3736
10.6923
17.5516
12.9934
18.7876
15.9004
15.8081
18.7876
18.6116
11.5705
11.3355
7.61632
11.5705
9.97136
16.3958
7.16175
14.4738
8.67925
16.3958
14.7173
14.7173
7.05098
13.7651
8.15749
18.0906
15.0207
8.78391
18.0906
12.043
14.2027
14.0678
13.4559
14.1949
14.2027
11.8444
11.8444
1.76237
10.1528
1.45024
8.78634
8.78634
8.78056
8.56573
8.55619
9.08189
9.08189
9.07228
8.38509
8.37724
10.7522
10.5114
1.72129
10.7522
2.06132
13.9832
13.9832
7.90628
13.7003
8.33085
14.2372
11.9544
14.2372
12.4658
13.73
13.2566
13.2009
13.2566
11.9263
11.932
20.6637
17.8416
15.8478
20.6637
18.359
8.03845
8.03845
1.05828
7.00028
1.08645
8.80958
8.80958
7.59617
7.57103
6.75746
15.1018
12.8369
14.7773
13.3005
15.1018
15.408
10.3305
14.1202
12.3188
15.408
11.7889
11.7723
11.7889
10.2882
10.3986
11.1382
10.93
9.52708
11.1382
10.4159
15.2065
15.0875
15.2065
15.0852
15.1082
