18.4739
16.0641
15.1385
18.4739
14.1477
8.45152
8.45152
6.64644
7.6847
6.38759
15.5213
13.6026
15.5213
15.2464
13.1171
0
0
0
0
0
18.117
17.8351
18.117
15.0399
14.427
8.55067
7.81311
7.32289
7.21465
8.55067
8.85916
8.85916
7.71446
8.21
8.65786
13.7096
11.8308
13.7096
10.3968
12.4334
15.7692
11.026
15.7692
9.59149
11.7243
20.5185
20.5185
14.688
18.7286
12.6061
15.9065
13.4428
15.9065
13.926
13.0754
16.9438
12.3035
13.3591
11.7481
16.9438
12.04
11.5496
11.5238
11.715
12.04
14.9604
9.47839
14.9604
9.25466
10.6178
19.6967
18.1631
18.0058
19.6967
17.2679
15.3376
14.5876
12.4115
14.509
15.3376
15.3655
15.3655
11.875
8.74997
14.516
15.5558
15.5558
10.6738
12.8598
14.8615
14.3838
14.3838
11.0674
9.45932
13.7626
19.5513
19.4431
19.5513
13.9163
14.3008
12.0887
10.9187
11.0023
6.54262
12.0887
9.76594
9.76594
9.20681
8.60849
9.07614
17.1491
11.9017
17.1491
12.003
14.0153
17.5688
17.5688
13.7759
13.2641
17.4484
18.0673
16.0024
15.6951
16.2446
18.0673
16.8751
16.7705
16.5706
16.8751
15.9517
19.8104
19.8104
15.523
16.5645
15.3014
15.6144
14.634
14.682
14.4689
15.6144
17.2688
17.2688
15.7211
14.1355
16.7552
18.9618
10.437
18.9618
10.891
12.6196
16.5086
14.1958
15.1138
16.5086
16.1573
16.3815
15.157
15.7097
14.7271
16.3815
18.6391
18.6391
17.8663
14.2263
17.848
18.719
11.6409
18.719
12.94
15.5392
17.4031
15.4034
16.6115
16.0879
17.4031
18.6974
13.7039
17.7196
14.4747
18.6974
12.8078
9.94513
12.8078
7.35157
9.16778
16.3937
16.3937
11.9473
14.0495
15.8913
15.7157
15.7157
14.2091
14.9621
12.1321
9.68413
9.35502
9.68413
9.59507
8.64296
15.797
13.6172
13.8874
12.7308
15.797
20.4849
20.4849
18.0327
14.8729
13.8576
16.9293
14.1366
16.9293
14.1772
16.099
15.3975
11.6415
15.3975
10.7972
15.0866
11.721
11.713
11.721
11.4276
10.4651
14.9207
12.7543
11.8887
11.0904
14.9207
18.7534
18.7534
18.4844
16.4959
15.4835
13.1014
7.57165
13.1014
11.8281
12.9701
19.0049
19.0049
18.5553
15.3494
14.4152
20.8621
14.3817
13.5711
20.8621
19.4486
