14.1035
13.0663
13.8402
11.8198
14.1035
6.09225
5.12846
5.0806
6.09225
5.3163
11.9934
11.9934
8.59044
9.62389
8.90766
0
0
0
0
0
14.7262
14.7262
11.7953
11.5783
12.8304
9.63175
8.82408
6.22897
9.63175
4.12268
8.93187
8.66477
7.25641
8.93187
4.16996
12.4289
11.8404
10.9701
12.1618
12.4289
12.503
10.1101
10.5045
9.66206
12.503
13.7808
13.7808
11.4931
12.4321
13.3917
9.62855
8.13236
9.37716
9.62855
8.37738
13.5572
12.2584
8.56131
13.5572
8.02857
21.9238
21.9238
16.5101
13.072
12.6261
16.0378
15.3089
16.0378
11.6718
13.6108
13.8159
12.249
12.4904
11.5125
13.8159
15.3989
14.7059
14.9796
11.9681
15.3989
15.3182
12.2941
11.5628
15.3182
12.5931
16.6679
15.1215
14.951
16.6679
11.3708
15.3061
14.8273
7.61533
15.3061
11.2684
17.4258
17.4258
11.5177
14.4755
14.0516
13.8421
10.2466
10.202
12.6409
13.8421
10.5586
10.0991
10.5586
8.52763
7.51658
14.7454
14.7454
14.2385
13.2275
13.2393
14.932
14.932
12.15
14.8821
14.2608
17.6752
16.6382
15.0819
15.0259
17.6752
18.0067
18.0067
14.7471
16.4372
17.5962
15.0913
14.5774
13.7339
12.8468
15.0913
17.7675
15.4214
14.1773
17.7675
14.6147
19.0246
16.7104
15.3737
19.0246
14.9332
17.6571
17.4587
17.6571
15.4073
12.8959
16.34
16.34
12.4983
12.7973
15.4703
17.9101
16.3236
14.6737
17.9101
12.9127
18.1139
15.9689
13.5936
18.1139
14.2462
15.5383
14.3665
13.8438
11.8913
15.5383
17.8462
16.2916
14.493
17.8462
15.5458
17.6279
17.6279
11.9881
16.2135
12.972
11.863
10.8163
11.5258
10.7407
11.863
18.524
15.6767
12.2476
18.524
12.3706
10.8623
9.26788
8.76919
10.8623
9.67955
7.15292
7.15292
5.28387
5.934
6.50043
21.0942
14.839
9.26202
21.0942
11.6333
15.616
13.7668
11.9583
15.616
13.3873
16.5752
14.2877
13.1828
16.5752
11.1683
17.6046
15.2551
13.8299
17.6046
13.4095
8.37799
6.1247
6.76637
8.37799
7.0844
16.5956
13.2167
6.92817
16.5956
6.87515
17.1248
14.3845
14.372
9.51628
17.1248
12.3448
11.7185
12.2666
12.3448
9.32154
13.5671
11.9705
11.8141
13.5671
11.1957
13.4025
11.0137
11.6547
9.87523
13.4025
