15.3233
15.3233
9.34853
14.6644
12.6847
8.19277
8.19277
5.44323
5.45783
3.86791
15.9253
15.2227
15.9253
13.5051
6.21754
0
0
0
0
0
19.1359
19.1359
13.7584
18.6061
8.22668
8.9758
6.61243
2.78053
8.9758
2.78292
8.72287
7.31516
3.0565
8.72287
2.44004
13.4169
8.61478
13.0211
13.1865
13.4169
15.9566
11.2488
15.9566
10.8324
8.66543
18.3443
18.3443
12.2874
14.8593
10.3439
15.2834
14.6233
15.2834
12.8898
7.02568
14.0732
10.6616
3.94414
14.0732
5.69758
12.1649
9.73058
9.59872
12.1649
9.67058
19.9258
11.0846
15.7579
17.8176
19.9258
23.8784
23.1218
14.654
23.8784
8.28907
14.6446
14.6446
10.2547
13.2282
8.40635
14.0337
7.91553
14.0337
9.21708
10.3251
11.4461
9.12284
10.9119
11.2629
11.4461
12.8988
5.96318
6.85653
12.8988
10.731
19.0399
18.7547
11.8894
19.0399
11.2589
14.2019
4.30344
9.23467
10.9585
14.2019
9.96218
9.88018
5.07119
9.96218
8.25436
16.8225
13.4695
13.3705
15.5565
16.8225
13.6836
12.9651
8.87841
13.6836
7.8748
17.2098
17.2098
10.99
15.8786
11.3144
17.6815
14.4239
12.0703
17.6815
12.2761
18.8592
18.8592
11.4818
18.4188
9.23459
14.5389
9.31896
14.2746
12.1021
14.5389
15.4416
15.1823
11.6891
15.4416
13.4724
17.3132
13.379
14.0772
16.529
17.3132
16.4743
16.4743
12.0984
14.2354
11.1535
16.811
10.2046
12.8095
16.811
14.6283
18.0283
18.0283
14.4699
17.0352
10.9543
16.098
12.8121
15.5914
13.6503
16.098
15.431
14.1788
11.3044
15.431
12.1236
16.7402
12.7646
9.69351
16.7402
10.6607
12.6281
11.3536
12.6281
12.4629
12.4351
14.0283
9.43614
12.9114
14.0283
10.6689
14.1054
14.1054
12.664
13.6768
5.77225
9.88537
9.57445
9.88537
8.44283
4.7929
17.353
9.71813
7.30428
17.353
11.0344
19.4581
19.4581
13.8222
17.7812
8.54818
14.8299
10.5113
9.53892
14.8299
12.6358
16.0646
11.6914
13.8137
16.0646
14.3081
11.5458
11.5458
11.3646
10.5811
4.21225
15.2733
8.54336
2.51711
15.2733
6.06825
18.2441
18.2441
11.6467
18.1863
10.4151
14.0467
12.5813
11.1257
14.0467
12.8433
17.9066
17.9066
14.8899
17.4944
7.14125
21.8764
21.8764
12.6488
17.0089
8.59659
