17.7439
15.646
17.1274
15.5646
17.7439
6.43045
6.43045
5.1899
5.68517
2.96479
11.517
11.517
8.39206
10.5025
6.86833
0
0
0
0
0
17.1735
17.1735
11.8381
14.3703
8.63731
8.66832
8.34456
7.28691
8.3546
8.66832
8.8218
8.72521
7.64895
8.8218
8.77495
14.7016
12.8401
13.5966
11.6611
14.7016
12.5106
9.67782
12.5106
9.15754
10.3569
16.0326
16.0326
11.6563
13.7851
10.5407
10.8438
10.8438
8.40356
10.1565
5.34683
14.525
13.698
12.9491
14.525
10.2751
14.3106
12.6861
14.3106
12.747
11.6029
17.714
13.4195
17.4361
14.989
17.714
15.8663
15.8663
10.7819
14.893
10.374
21.9296
21.9296
14.1996
14.8886
10.3016
21.9207
11.9901
12.4723
13.2302
21.9207
20.924
15.449
15.8964
20.924
17.8098
19.9182
19.5395
11.3109
19.9182
10.242
23.9081
23.9081
13.5474
17.6328
12.6194
12.4838
12.4838
8.86977
11.8542
12.3223
11.0882
9.02435
11.0882
8.95785
8.92539
17.511
16.5334
17.4164
13.3283
17.511
17.6255
14.8902
13.5105
17.6255
10.8388
18.9934
17.7556
14.3557
18.9934
11.3457
18.0816
18.0816
15.8221
17.0116
15.769
14.7849
14.7849
14.0875
14.7677
12.1679
17.3283
15.1586
15.0055
16.651
17.3283
18.888
18.888
17.8448
17.3148
15.9437
17.8473
14.1981
17.8473
15.1087
17.8222
15.8045
15.8045
13.7591
14.3481
12.2135
19.6537
16.8106
17.6683
19.6537
17.6176
20.1281
20.1281
13.9436
16.9234
13.6595
17.2213
14.8108
14.8797
11.8891
17.2213
19.9635
19.9635
18.3748
19.9313
13.8619
17.2521
17.0291
13.0141
17.2521
12.366
13.4462
9.91387
12.3596
11.5875
13.4462
19.2004
17.9718
16.8897
19.2004
16.024
13.464
13.464
9.02294
11.5289
6.34154
7.03638
7.03638
6.28175
6.96885
5.74288
23.4667
23.153
16.4217
23.4667
15.0325
18.5187
18.5187
12.3883
16.1405
10.4128
16.0707
15.3038
14.5588
16.0707
15.3232
19.1601
19.1601
16.6029
15.981
15.6627
9.53453
9.53453
7.42355
8.54586
3.79613
18.4239
17.3468
12.4268
18.4239
9.22429
16.6308
16.6308
11.4569
15.2078
10.8911
13.4983
10.5808
10.5558
13.4983
13.4566
16.0686
16.0686
10.6175
14.3486
7.87108
11.5053
11.14
11.4664
11.5053
9.42876
