15.0391
14.849
13.9065
15.0391
13.0069
6.23384
6.23384
5.71681
5.83566
5.4058
12.8616
12.8616
11.4069
11.8694
11.9729
0
0
0
0
0
17.4804
16.9911
15.452
17.4804
15.2662
9.73515
7.05338
5.66201
9.73515
4.81053
8.67959
8.21307
6.36106
8.67959
6.22579
13.9948
11.5471
13.3512
11.6594
13.9948
14.2969
11.8587
10.1812
11.1537
14.2969
15.2606
15.1595
15.2246
15.2606
12.6321
11.2837
11.1063
10.8889
11.2837
9.09084
13.8753
12.4717
10.7302
13.8753
8.92766
14.5032
13.6143
13.0107
14.5032
11.9899
17.0732
15.2635
17.0732
13.2545
15.0511
17.7528
15.8082
14.3078
17.7528
12.5834
16.8838
16.8801
16.8838
13.6856
14.0111
13.5072
13.0778
10.8607
13.5072
11.1518
16.7514
16.1441
16.0867
16.7514
12.3533
13.8678
12.7616
9.38093
13.8678
11.1607
18.4937
15.1841
15.3877
18.4937
16.6212
16.9367
11.5727
10.558
11.5519
16.9367
12.5514
11.7616
12.5514
8.49856
8.1306
18.0384
14.8189
18.0384
14.2504
15.6909
18.0359
15.9843
15.9634
18.0359
16.5674
19.8816
17.2326
16.9829
19.8816
17.7243
19.0086
18.1303
14.5462
19.0086
15.8406
17.895
15.0138
17.7217
17.895
17.7378
16.9863
16.9863
16.0312
12.9321
16.5252
17.8465
17.8465
14.1384
17.506
17.2225
17.6797
16.0062
17.6797
14.8266
15.0203
15.16
14.9993
15.16
14.7229
14.559
18.0091
17.5151
16.7216
18.0091
13.3319
19.112
17.1693
16.3487
19.112
17.7253
17.6003
14.6925
17.6003
12.5202
16.3528
18.451
18.451
15.7124
16.7262
15.2048
18.2379
18.0056
14.4218
18.2379
13.0338
13.6063
11.0906
11.5799
11.6638
13.6063
18.9603
18.9603
14.1714
15.0229
13.8691
13.3307
13.321
11.7931
13.3307
10.5131
8.51215
8.51215
5.39993
8.04582
7.84425
16.5927
16.5927
11.0183
16.1308
11.3084
19.8259
15.656
17.3689
19.8259
16.6777
16.6533
15.9545
13.0826
16.6533
12.6728
17.4079
17.4079
15.6647
16.3024
15.2833
10.0823
10.0823
8.3317
9.80625
7.23301
14.7281
12.0155
11.1287
14.7281
7.73302
18.9101
14.2898
16.6153
18.9101
16.8722
14.7107
13.538
13.007
14.7107
13.4781
17.3024
15.9196
15.1881
17.3024
12.7869
15.2203
13.7525
12.8573
13.947
15.2203
