14.3034
14.3034
13.3084
12.4529
11.0587
5.97024
5.97024
5.80662
5.63177
3.30176
11.3184
11.3184
9.59646
10.5275
9.41087
0
0
0
0
0
15.3883
15.3883
13.8242
14.1193
13.3762
9.3827
7.81979
5.72956
9.3827
4.18339
8.84216
8.34268
6.67561
8.84216
6.08227
14.2078
12.8598
13.2405
12.109
14.2078
12.2472
12.0178
12.1429
12.2306
12.2472
15.8198
14.6888
15.8198
14.2673
11.4825
11.443
11.443
9.53848
10.1793
6.62347
13.2716
11.8046
10.9059
13.2716
10.4668
15.3741
15.3741
13.4196
13.0249
12.2689
16.3109
15.6943
16.3109
10.471
12.2929
14.7455
14.7455
13.3857
13.7424
10.1108
17.5267
16.5173
17.5267
14.2116
12.6046
14.5262
12.8778
12.0359
14.5262
13.2813
15.9034
15.9034
15.6556
12.7632
11.5382
14.4451
10.5785
11.2068
14.4451
11.764
16.6888
16.5417
13.6276
16.6888
16.4296
14.4323
10.9982
11.0001
11.1654
14.4323
14.9359
9.53094
14.9359
8.27327
6.5346
19.0375
19.0375
18.5102
12.1223
15.4781
14.6019
14.6019
14.3426
14.4455
14.0216
17.8156
15.29
16.0684
17.8156
16.3612
17.4315
16.6068
16.4854
17.4315
14.1858
16.8791
14.3777
14.1467
16.8791
14.1513
17.6169
17.1201
17.3662
15.8996
17.6169
18.686
16.0609
15.2753
18.686
17.8147
19.479
19.479
19.3934
11.657
14.2843
17.8705
17.8705
15.8735
16.0561
13.4078
17.0193
17.0193
16.661
13.7518
12.762
19.0261
15.9394
15.2236
19.0261
15.5218
17.7282
17.7282
17.3951
12.1713
14.7938
17.3238
17.3238
15.643
17.0776
16.0455
16.8389
16.8389
13.545
15.2981
12.6133
12.3666
11.7645
11.7549
11.014
12.3666
17.4139
17.4139
16.5491
15.7639
15.9545
11.3605
11.3605
10.8639
11.298
7.47378
7.69239
7.05414
5.99669
7.69239
7.09561
16.8991
13.3612
12.6024
16.8991
14.4754
16.5427
14.404
14.7162
16.5427
14.3841
18.2601
18.2601
14.0876
13.1553
10.1546
17.5698
17.5698
16.1504
13.7825
16.1891
9.1097
9.1097
7.92752
8.39338
3.76901
14.1285
10.5686
10.4624
14.1285
9.71352
15.4998
13.9596
12.8562
15.4998
12.5924
14.1095
14.1095
11.862
12.3269
11.8856
14.3923
13.4366
12.9822
14.3923
10.7463
14.959
11.0312
10.4561
14.959
10.0135
