19.3127
16.6572
11.8281
11.434
19.3127
8.38036
8.38036
6.53032
3.97764
4.1168
15.9253
13.0635
15.9253
12.5593
7.91729
0
0
0
0
0
20.9183
20.9183
14.444
17.6098
10.7775
9.5635
8.07916
2.92641
5.47238
9.5635
8.27727
7.45574
3.25064
4.35893
8.27727
14.74
8.11342
14.74
10.0527
14.6432
16.4823
9.96151
16.4823
8.47392
9.84309
18.9796
18.9796
12.3512
12.5428
12.1664
15.2834
12.8152
15.2834
11.9486
8.43346
14.7909
12.3867
4.60319
8.80855
14.7909
11.5944
10.5826
10.729
9.52502
11.5944
16.7335
10.1438
15.2978
12.1136
16.7335
18.2359
18.2359
14.6504
17.4218
11.7627
13.6392
13.6392
10.2619
11.9649
10.8571
10.396
8.45301
8.51251
8.5428
10.396
10.1986
9.22064
9.91279
10.1419
10.1986
12.3435
7.36815
4.4814
12.3435
10.734
17.3473
17.3473
12.5922
16.207
12.8932
13.5909
5.33012
4.85531
13.5909
12.7401
10.5061
10.5061
5.64294
6.77476
9.38426
15.8482
14.1462
12.625
12.3729
15.8482
13.1681
13.1681
10.5205
12.5423
11.303
15.8858
15.8858
12.7748
14.9488
12.6476
14.4926
14.4926
13.3038
13.7188
13.4766
16.0002
16.0002
12.8113
13.4285
12.6419
14.0882
10.5756
11.9785
10.9824
14.0882
15.7315
14.8622
13.0617
14.0359
15.7315
18.9398
14.4403
14.0041
12.5171
18.9398
15.3167
15.3167
12.0984
14.5738
14.5696
15.0102
10.7209
13.4443
13.6924
15.0102
16.8518
16.8518
15.7868
15.8969
13.3425
16.968
15.2494
12.5465
11.6408
16.968
13.9448
13.5927
12.2011
13.4908
13.9448
17.6325
12.1163
10.2902
16.5386
17.6325
13.0461
7.00337
13.0461
9.42402
12.0863
13.2636
10.567
10.1382
12.2759
13.2636
15.1301
15.1301
12.664
10.5598
8.75573
9.88652
7.99662
9.88652
8.70898
6.16775
15.4215
10.6387
4.1755
15.4215
15.3828
17.1896
17.1896
14.7368
15.3764
12.3706
13.7214
11.3618
10.5653
10.1562
13.7214
14.9709
13.3604
7.26992
14.3692
14.9709
11.3646
11.23
11.3646
8.00028
7.85328
14.0699
8.72974
3.16276
11.966
14.0699
17.1077
17.1077
14.2678
16.2952
13.9277
12.2599
12.2599
5.05243
7.55186
12.137
17.1803
17.1803
15.5404
15.9248
10.2775
15.8358
11.8273
15.8358
10.2641
11.803
