14.5367
14.5367
14.0824
12.254
12.415
5.43857
5.43857
4.9995
5.25618
4.09655
11.7944
11.7944
9.22186
9.0349
6.69382
0
0
0
0
0
16.0342
16.0342
13.9406
12.4168
10.1461
9.8012
7.66584
5.01374
9.8012
8.49
8.78416
8.58004
6.29383
8.78416
8.25129
15.0454
13.7474
14.7166
10.5453
15.0454
14.3057
11.5753
13.6219
9.71288
14.3057
15.9182
13.8351
15.9182
13.4291
10.9681
10.0211
10.0211
8.4939
8.99813
4.7371
14.0716
13.4851
10.5046
14.0001
14.0716
13.5168
12.7372
13.3155
12.4318
13.5168
16.8845
16.833
16.8845
12.0478
14.4557
15.0823
15.0823
13.5148
12.6802
9.37854
17.0517
15.0885
17.0517
13.6674
11.6965
15.0042
14.335
11.6653
15.0042
12.2958
16.8419
16.8419
16.0745
15.1566
13.2407
16.1623
16.0337
10.795
16.1623
14.4194
18.0769
18.0769
17.1265
17.1017
12.2401
14.673
11.3134
10.7604
13.2703
14.673
12.7438
9.96829
12.7438
8.30967
9.30291
19.871
19.5687
19.871
14.1659
17.6654
17.6126
16.5662
15.997
17.6126
14.5799
19.9365
19.9365
18.2288
19.7699
16.0167
18.6416
18.6416
15.2436
17.8196
15.3763
19.3394
19.3394
16.1182
16.5226
12.2028
18.9049
18.0824
16.4623
14.1634
18.9049
19.2067
17.0676
18.1217
19.2067
18.0646
16.7351
15.7966
16.7351
12.2586
15.2381
16.048
16.048
15.6213
14.9806
12.1944
18.9729
18.9729
18.5475
15.2604
14.3887
18.7112
18.7112
16.6102
18.3238
13.7733
18.1545
17.0592
18.1545
13.1287
16.0458
17.7093
17.6939
16.0503
17.7093
15.78
17.3683
17.3683
15.085
16.3685
15.2191
14.6161
12.6138
13.0774
10.0339
14.6161
20.2549
20.2549
15.8764
15.8002
16.7544
12.0369
12.0369
9.70711
10.8509
5.42829
7.42264
7.42264
6.71508
6.99444
5.73915
18.7373
18.134
12.6901
18.7373
15.248
17.1506
17.1506
14.9703
15.0325
9.90877
16.336
16.336
13.8696
14.7455
14.2057
19.5392
19.5392
17.0418
16.5182
18.9551
8.32813
8.32813
6.25813
7.86748
3.50307
14.9949
12.355
9.70287
14.9949
14.3361
17.3839
17.3839
15.263
15.9753
12.3689
15.3925
14.4403
14.1239
11.8752
15.3925
14.8799
14.8799
12.5785
12.9875
6.95719
14.3278
14.3278
12.4878
14.2002
10.5976
