14.0071
14.0071
13.1107
12.0214
12.7908
6.67236
5.56746
6.67236
4.98949
5.98397
15.0633
9.18163
15.0633
14.3252
8.76321
0
0
0
0
0
16.8494
16.2803
13.6578
16.8494
15.9063
6.7425
5.35069
6.7425
4.78161
6.67229
8.33175
7.17247
8.18812
6.92631
8.33175
15.9108
12.8261
15.9108
10.8152
15.424
16.3968
11.4491
16.3968
11.5113
10.464
17.1399
17.1399
13.6829
15.5114
15.5267
15.2845
8.70302
15.2845
12.8304
10.1653
12.8733
11.3957
11.184
10.7964
12.8733
14.2526
14.0667
14.2526
13.238
13.5752
17.9132
13.2933
17.9132
11.6753
17.9068
17.3076
15.4065
14.6876
17.3076
15.7011
16.5898
16.5898
15.5234
15.7891
15.7559
14.2148
13.4475
11.0641
9.74445
14.2148
18.1189
15.1028
18.1189
13.4056
17.9673
14.2535
12.8339
10.1257
13.376
14.2535
18.0816
18.0816
14.9362
17.77
16.9536
12.5646
11.4149
9.61879
9.16326
12.5646
10.9115
9.24812
10.9115
7.5689
9.03653
23.9199
23.9199
20.7717
14.4377
17.5269
21.9348
20.7556
20.7751
18.7129
21.9348
24.9322
24.0508
18.0768
24.9322
24.3256
24.9314
22.6981
20.608
24.9314
22.8788
18.2709
18.2709
17.081
18.2301
16.2817
16.1269
15.6035
16.1269
15.5506
15.9607
17.9919
17.9919
16.1378
17.5927
16.6203
18.0163
18.0163
16.9727
11.658
17.7346
18.7413
18.7413
13.7328
18.2886
17.9095
20.8113
19.0215
20.8113
19.0104
20.7652
18.8496
18.8496
16.4949
18.7114
17.5631
20.2177
19.9888
20.2177
15.0697
19.8875
20.531
20.2126
17.0864
20.531
20.5057
16.0968
16.0968
15.0281
16.0247
16.0206
13.2029
9.85858
13.2029
9.62877
13.1331
17.1048
16.9362
17.1048
15.4046
16.9264
13.2841
10.943
13.2841
11.7674
11.1851
9.44249
6.31663
8.99906
9.44249
4.90642
15.5588
14.9838
12.7159
15.5302
15.5588
16.6307
16.6307
16.471
16.5504
15.2081
16.4892
14.5568
14.9289
13.9702
16.4892
19.4345
19.4345
17.5522
16.2662
18.4588
11.3646
7.39868
11.3646
8.89649
8.7051
13.2746
12.0825
12.5282
10.2939
13.2746
20.5979
19.1636
15.976
20.5979
19.1274
15.4105
13.0747
11.2401
10.5256
15.4105
15.811
14.1193
15.811
14.7032
13.8832
15.8706
15.0506
15.0185
15.8706
14.5618
