14.175
13.7848
14.175
13.4112
13.8369
6.36496
5.78562
6.36496
5.313
4.69368
14.1551
12.9845
13.3775
14.1551
11.7949
0
0
0
0
0
17.4126
17.4126
15.1074
17.3839
14.5806
7.51437
6.00184
5.80328
4.97113
7.51437
8.47241
7.25717
7.1671
6.8152
8.47241
15.0459
10.7687
14.6277
10.6258
15.0459
14.5465
9.84184
14.5465
8.88901
12.7552
15.3251
15.3251
13.6949
14.9602
13.5634
13.074
12.1164
13.074
12.3039
11.921
13.0755
10.0899
10.1463
10.6999
13.0755
13.9997
12.7611
13.5989
10.74
13.9997
15.8822
10.8326
14.5633
10.0059
15.8822
18.6061
18.5202
15.6901
18.6061
14.5845
15.7765
15.7765
13.3212
14.3394
12.3002
16.6091
7.6448
10.1527
10.6923
16.6091
17.2619
11.6473
15.5449
12.1534
17.2619
15.9136
10.3935
7.73022
12.763
15.9136
18.0165
18.0165
15.5379
16.581
17.2787
12.0269
8.67578
7.81723
11.1174
12.0269
9.18293
8.71196
8.61258
7.01299
9.18293
18.6826
11.5108
18.4605
14.3856
18.6826
17.2262
16.9072
17.2262
17.216
16.3341
20.1267
20.0119
17.8508
20.1267
17.5198
20.6734
20.6734
20.0182
20.5968
19.9592
24.908
24.908
17.8594
19.6515
15.1102
24.9211
13.4962
16.3986
14.3598
24.9211
24.9267
15.9947
15.8286
15.2861
24.9267
18.3479
11.2348
16.8797
11.3873
18.3479
17.0405
17.0405
13.9466
16.1587
14.9099
20.483
16.8124
19.5345
16.9363
20.483
20.4127
18.1088
18.1347
16.4017
20.4127
18.608
11.6698
15.9725
13.1148
18.608
20.0488
17.7495
17.6897
18.9043
20.0488
17.9622
15.3607
16.1999
17.6759
17.9622
12.1885
9.53659
11.4467
7.87082
12.1885
23.455
12.539
14.2487
16.3374
23.455
12.8706
12.7389
12.8706
12.7189
11.8911
9.46902
8.62232
8.40867
9.46902
6.714
22.6781
11.2907
12.8116
16.9274
22.6781
18.7503
17.5508
18.382
17.9354
18.7503
18.7894
10.7029
15.2526
11.8979
18.7894
23.1242
11.4633
16.0998
16.6454
23.1242
11.0174
10.0276
11.0174
9.92673
7.28863
16.5626
8.1709
9.5262
11.6144
16.5626
22.5618
22.5618
19.8072
22.4663
14.5779
13.4998
7.0115
12.3331
7.61927
13.4998
16.6437
16.1423
16.6437
16.2811
16.3036
19.8591
19.8591
16.107
18.3305
11.0602
