14.0992
13.8901
13.9541
13.633
14.0992
5.75444
5.53215
5.75444
5.72068
5.64803
13.8364
13.5926
8.20166
13.8364
4.52135
0
0
0
0
0
13.9059
13.9059
10.7467
13.9033
7.52051
8.53366
4.64825
4.02775
3.91669
8.53366
8.60403
5.73813
4.41895
4.04216
8.60403
14.9977
14.8935
14.9977
11.8544
13.2074
16.734
16.734
13.0051
9.25703
8.87366
15.0969
15.0969
10.197
14.7619
10.9062
12.5783
12.5783
9.87897
12.544
5.58095
13.3861
10.3347
9.71226
10.2056
13.3861
14.6101
13.1679
14.6101
11.6581
12.0974
16.7126
15.9615
16.7126
13.4864
15.3953
12.6896
12.6896
11.9283
12.6277
8.26112
15.41
15.41
10.2064
14.823
12.1185
12.8302
12.6952
12.8302
9.32191
10.5777
12.7473
11.6373
11.918
10.8311
12.7473
13.6965
9.54998
4.84819
13.6965
7.57732
15.7333
15.7333
9.31491
14.509
8.51973
10.8717
10.5671
7.35433
10.8717
8.28218
9.14851
9.09776
9.14851
8.6251
9.0618
17.3408
17.3408
16.5544
16.7098
16.6876
12.4323
12.4323
9.91894
12.1182
11.8841
14.899
14.899
9.41774
14.7251
10.9465
16.8255
16.8255
13.0937
16.6301
14.4712
13.3838
13.3838
9.58946
12.6365
7.87992
16.1553
15.6229
16.1553
13.8177
14.1907
14.3528
14.3528
14.1075
13.1501
11.4373
24.9201
24.9201
24.805
20.7681
22.6811
23.9193
23.9193
11.2017
23.4808
15.7855
15.9423
15.9013
15.9423
15.6722
15.8727
13.7136
13.7136
12.5022
12.4851
9.23708
18.0706
18.0706
17.9449
15.9535
15.9058
15.8223
15.8223
12.8739
15.3392
14.0987
15.0725
15.0725
14.2561
14.0651
14.0311
13.0246
12.6059
13.0246
11.0653
11.9962
13.2112
12.6254
13.2112
11.2213
12.0617
10.6076
10.6076
9.43221
10.4254
7.00639
9.35354
9.35354
5.06065
9.34415
1.99214
13.6186
12.469
8.0983
13.2389
13.6186
13.0344
13.0344
9.98984
11.7863
8.0891
17.7944
16.9767
16.7955
16.5486
17.7944
17.8181
17.8181
16.5545
17.0597
16.9114
8.28901
8.17271
7.98974
8.28901
5.30096
14.1193
9.18703
6.43986
13.3454
14.1193
13.425
13.251
9.54723
13.425
8.62385
15.8765
13.525
13.0736
12.8539
15.8765
12.4
12.4
10.7611
11.8727
6.68229
12.9186
12.9186
9.63513
11.2569
6.51565
