18.2171
14.7953
13.7401
18.2171
15.9482
6.51213
5.49328
6.51213
5.58142
6.12611
14.4384
10.7538
14.4384
10.493
10.7465
0
0
0
0
0
15.2961
15.2961
13.6524
12.9694
14.6567
8.47358
6.63027
5.81804
8.47358
7.59172
7.99633
7.99633
7.75691
7.18439
7.26902
13.5141
12.3914
12.539
13.394
13.5141
17.0215
11.2081
17.0215
11.4395
14.5001
16.665
15.2692
12.856
13.6819
16.665
15.2883
9.53027
15.2883
9.61614
10.2994
13.5369
12.8675
12.4422
13.5369
10.3419
14.5615
14.3475
14.0519
13.7066
14.5615
14.6081
11.2235
12.2953
12.804
14.6081
16.0633
13.7114
13.9777
12.0103
16.0633
15.6112
15.5433
13.0012
14.4281
15.6112
17.8062
12.9898
11.5445
17.8062
15.91
17.0369
15.4859
17.0369
15.0976
15.151
12.8818
12.8818
8.58681
11.0738
12.3079
17.6549
17.6549
12.3065
14.7421
17.1484
12.0808
10.9366
6.32081
12.0808
9.34373
9.05736
8.5526
8.47072
8.9777
9.05736
17.5051
14.3079
12.2992
15.4839
17.5051
18.7273
18.7273
17.8581
16.2062
17.407
21.1715
21.1715
15.0847
18.4961
21.1597
20.1049
20.1049
17.5643
17.7225
18.743
17.8746
17.6742
12.6125
14.0287
17.8746
17.4368
17.3266
15.286
16.7823
17.4368
19.3044
19.3044
15.4919
16.5831
17.3367
18.9682
12.3763
12.2285
18.9682
18.5015
17.8316
17.8316
13.3431
17.5165
16.8377
17.2715
16.1307
15.7943
17.2715
16.8951
19.0864
19.0864
15.5079
15.5807
18.0825
18.458
15.0416
11.4583
16.7228
18.458
21.8338
21.8338
16.1305
18.346
17.988
21.5474
15.641
15.3045
21.5474
16.5089
13.001
10.405
12.9855
12.7095
13.001
18.6771
18.6771
16.9503
18.478
16.5655
12.6584
11.0351
12.6584
9.31221
12.4032
8.95742
6.60557
8.95742
7.72622
8.27589
18.0451
18.0451
12.6873
13.4084
13.0888
18.2453
18.2453
13.4707
13.7686
15.6448
17.1156
12.1003
12.0425
17.1156
16.1128
17.9711
16.507
14.2241
15.8238
17.9711
11.3496
7.82957
11.3496
7.48254
8.91853
13.2371
13.2371
12.0425
11.4713
10.3121
18.1208
16.7863
12.1285
14.5724
18.1208
14.921
10.0477
9.99768
14.921
14.4808
15.1868
14.9894
15.1868
12.1909
15.0268
14.9203
13.6749
14.9203
12.2034
14.6861
