14.8482
14.8482
14.3956
13.2607
13.6655
6.72223
6.72223
6.16604
5.86445
3.69651
15.0702
15.0702
11.78
14.1789
10.2924
0
0
0
0
0
16.573
16.573
15.34
16.525
11.2335
8.32928
6.85937
6.30212
8.32928
7.63998
8.51332
8.17262
7.66474
8.51332
8.15515
15.0272
14.17
13.3542
13.9932
15.0272
13.1718
13.1277
13.1718
11.647
11.7277
14.7603
14.7603
13.987
14.5649
9.97391
14.0584
14.0584
12.0892
12.9829
5.33937
12.9732
11.8221
11.5758
12.9088
12.9732
14.2368
14.2368
14.1532
13.7017
13.3906
15.9213
14.4042
14.0537
14.8524
15.9213
20.0732
20.0732
15.481
18.5564
8.44245
15.6317
15.6317
13.4196
14.5681
12.4403
16.652
13.8995
13.1219
16.5571
16.652
16.8801
16.8088
15.3903
16.7871
16.8801
16.8962
13.486
13.5552
16.8962
15.9935
18.2699
18.2699
17.9687
17.512
17.7593
12.1252
11.1409
10.7711
12.1252
11.8693
8.89159
8.77347
8.89159
7.88887
8.62766
19.0109
19.0109
18.4056
14.4278
18.9996
17.3859
17.3859
13.7544
16.9589
13.8425
19.2812
19.1662
16.2557
19.2812
16.4301
20.1541
20.1541
16.0187
17.7208
16.1588
21.7905
21.7905
15.3037
21.5761
14.9491
23.0937
20.3475
19.3665
20.4655
23.0937
22.74
21.5094
21.4978
17.5533
22.74
20.587
19.6731
19.628
20.1891
20.587
15.9365
15.9365
12.7487
14.6543
13.287
20.1384
20.1384
16.8821
19.275
19.2655
20.0537
19.2838
20.0537
17.2699
18.2765
18.9826
17.4927
16.5942
15.4853
18.9826
19.3676
17.5814
17.8412
19.3676
19.2312
17.4327
16.9929
15.3209
17.4327
14.8854
12.446
12.446
12.0674
11.5773
12.4378
23.4449
20.3299
17.8542
23.4449
23.227
13.6823
13.6823
12.6932
13.1261
5.13109
9.65879
9.65879
6.99036
9.3156
6.45226
24.1313
19.3964
20.0149
24.0093
24.1313
18.6743
17.7876
18.6743
18.2355
16.0025
18.0163
17.0688
15.4977
18.0163
16.3889
23.7457
23.7457
23.6458
21.9004
20.6907
11.4887
11.4887
9.77259
10.3705
3.18641
17.265
13.667
14.4358
17.265
17.2015
22.5445
22.5445
16.377
22.3256
13.5129
14.5855
13.3417
12.6145
14.5855
14.2506
17.4674
16.7501
16.4414
17.4674
10.2203
22.0364
22.0364
13.2273
20.1279
10.4039
