15.9099
12.3092
11.7312
15.6229
15.9099
6.51279
5.24045
6.51279
4.85598
4.49936
15.4238
12.8556
15.4238
11.016
5.90339
0
0
0
0
0
17.3302
17.3302
13.6547
15.4028
10.6057
8.23521
8.20466
8.19843
7.90239
8.23521
8.65862
8.65862
8.24136
8.03307
8.20718
15.9031
10.1455
14.0147
15.2906
15.9031
17.1257
10.185
17.1257
10.9929
13.7263
14.7657
14.7657
12.5327
14.7048
14.096
15.3849
11.7054
15.3849
10.4399
5.79451
13.8625
13.8625
9.27198
13.0874
12.9255
13.4522
12.1352
12.0499
13.4522
13.0607
17.0347
9.21686
12.4173
15.2681
17.0347
16.7996
16.7996
14.6135
15.1259
10.1148
15.8006
15.8006
10.2601
15.3169
14.3866
13.9752
12.2711
11.8895
13.9752
13.9532
18.8718
16.7375
14.2813
18.8718
15.2509
16.7715
16.7715
5.99554
14.1179
14.904
19.4212
19.4212
11.7197
16.7883
14.5785
12.691
10.8671
4.15127
12.0399
12.691
10.1637
10.1637
6.45472
9.46934
9.99858
20.0351
12.0267
11.5828
18.7526
20.0351
17.3754
17.3754
8.48398
17.3635
15.7942
20.7373
20.6903
9.93148
20.7373
17.8619
20.4524
17.4227
10.9702
20.4524
17.4351
18.0885
17.5822
11.4728
18.0885
13.8451
16.9807
16.0249
12.2174
16.9807
16.7602
20.2859
20.2859
13.4217
19.3222
18.0437
18.7474
9.54778
13.6256
18.2262
18.7474
16.5905
16.5905
12.0886
16.2996
14.882
23.927
15.2393
12.8592
23.927
16.7358
20.2372
20.2372
14.1222
18.1807
15.5575
19.3633
11.222
10.5875
17.5543
19.3633
20.5098
19.4137
10.0227
20.5098
20.3228
17.788
15.0129
10.2599
17.788
14.9917
14.0769
9.88192
13.4158
11.7405
14.0769
19.3267
19.3267
14.3863
19.209
17.4974
12.663
12.0345
12.663
12.0336
7.57557
9.87161
7.03591
9.87161
6.67303
6.53687
24.46
24.46
9.89701
19.2568
19.2555
20.1819
20.1819
14.4089
18.0914
12.1111
16.6153
16.6153
15.9889
16.4599
15.1935
21.1467
18.3876
12.3825
18.9422
21.1467
11.3563
8.46591
11.3563
8.19502
4.84072
18.3819
18.3819
8.91243
15.1345
14.2643
18.4667
18.3873
11.8942
18.4667
11.946
15.0365
14.0612
15.0365
13.118
13.3257
17.2991
17.2991
14.8371
15.4067
9.1513
14.0973
14.0973
13.0749
13.8755
10.0413
