18.2836
13.1564
12.9761
14.7581
18.2836
5.86809
5.20671
4.35744
5.40581
5.86809
11.9319
11.9319
4.65691
11.1271
10.7157
0
0
0
0
0
16.3269
16.3269
9.03618
15.9043
12.8572
7.4318
7.28807
7.27243
7.32737
7.4318
8.65161
8.44599
8.65161
8.35584
8.41843
14.9933
11.9808
13.977
12.6735
14.9933
15.3362
10.4005
10.0602
12.6775
15.3362
17.8272
13.6514
11.5154
15.337
17.8272
10.6766
10.5382
6.43857
10.0816
10.6766
13.4341
13.4341
13.2808
12.0062
12.7584
15.899
13.9599
15.1441
13.576
15.899
16.6575
10.353
15.9636
13.6069
16.6575
15.0147
14.9989
8.16021
15.0147
13.1887
16.7229
15.4767
13.1482
16.7229
14.4787
15.8436
12.9755
15.1552
14.9201
15.8436
18.0517
15.56
18.0517
14.7141
16.556
15.6753
15.6753
12.9328
14.7006
12.6792
18.9212
18.9212
12.3975
17.5753
13.3356
11.7107
11.1106
10.7619
11.7107
11.4424
11.3091
9.30324
11.3091
7.96027
8.66732
20.1809
14.6562
19.7245
15.0635
20.1809
18.4592
18.4592
17.6188
18.1876
18.2703
21.4583
21.2984
14.8954
21.4583
17.414
20.2521
20.193
18.6795
20.2521
19.2305
18.3493
17.772
11.7297
18.3493
14.6583
17.6881
17.1791
17.6881
17.1178
17.4941
20.6706
20.6706
17.0798
17.686
17.8388
22.3854
13.7157
17.0946
16.4691
22.3854
17.8379
16.7509
14.5764
17.8379
17.1787
19.3837
18.3284
19.3837
18.0782
19.2583
23.9121
23.9121
14.2286
18.061
15.0952
24.9191
14.782
18.3677
18.3319
24.9191
24.9319
24.9319
18.3397
22.9718
19.438
19.7111
18.0631
18.2393
16.288
19.7111
13.2998
9.84545
12.7078
12.2006
13.2998
19.3851
18.6433
19.3851
17.7647
18.7816
11.695
11.695
7.22298
11.546
10.6737
7.88459
7.61613
3.94901
7.88459
7.81495
19.8222
19.8222
16.2227
17.6549
15.809
19.9609
19.9609
11.5553
17.6157
13.7716
19.6252
14.7088
16.7127
13.8011
19.6252
18.6885
17.2728
18.6885
14.6125
16.9931
8.42942
8.15825
5.16418
8.42942
8.10738
15.8556
15.8556
15.5086
14.1441
14.237
16.912
16.0194
9.90408
16.912
13.8232
15.1009
10.7155
12.792
12.6039
15.1009
16.4818
16.4818
9.20627
15.1148
12.4505
15.0739
12.8683
7.80856
15.0739
12.2335
