17.6504
15.0762
11.7223
17.6504
17.0558
6.55043
5.48055
6.55043
5.6649
6.0416
15.6223
12.4539
15.6223
13.0478
12.6387
0
0
0
0
0
16.4834
16.4834
13.6324
16.0321
14.8002
9.26852
7.74874
7.55993
9.26852
7.70082
8.75465
8.75465
8.41559
8.59778
8.40838
15.3353
9.75133
12.8649
13.4955
15.3353
17.2097
9.8859
17.2097
13.0911
15.5338
15.1803
14.8783
12.3935
15.1803
14.6995
15.3407
11.0696
15.3407
12.5162
12.7957
14.0701
14.0701
9.75022
13.2084
13.5058
12.9508
12.4401
11.0255
12.68
12.9508
14.9689
9.75265
12.709
13.1571
14.9689
15.7411
15.6576
14.6001
15.7411
13.8625
16.5722
16.1716
10.2958
15.8701
16.5722
14.6475
11.743
10.4346
13.6674
14.6475
18.9115
16.6301
12.6925
18.9115
15.0921
16.3256
16.3256
6.17083
12.2509
14.336
18.3173
18.3173
11.7906
17.6181
14.2901
12.4645
10.5081
4.01451
12.0608
12.4645
9.13028
8.95487
6.65657
9.13028
9.11161
19.3901
11.2043
11.8009
15.4966
19.3901
20.2107
20.2107
9.23847
20.1847
16.4829
21.9224
21.9224
10.1329
21.4075
17.6911
19.3774
19.3774
11.3072
18.3057
16.1212
18.5249
18.5249
11.5594
17.8821
17.7099
16.0049
15.6855
11.7975
15.8045
16.0049
19.7017
19.7017
13.9756
16.3576
14.4896
17.7902
9.88888
12.6247
17.7518
17.7902
17.521
17.3521
12.1254
16.6487
17.521
19.0411
16.2515
12.2066
19.0411
15.0335
18.6788
18.6788
14.7118
16.812
14.0419
20.6508
11.7215
10.2701
17.308
20.6508
21.5525
21.5525
10.3774
18.0081
18.2564
24.9164
15.55
10.0552
24.9164
15.476
15.9343
10.0701
12.937
11.6877
15.9343
18.4997
18.4997
12.6362
17.0452
14.4827
12.7338
11.5697
12.7338
11.2411
12.2346
9.89327
7.50588
9.89327
8.49895
8.68645
22.0752
22.0752
9.02031
14.4872
13.5828
18.3758
18.3758
14.0435
17.0401
12.9872
16.6339
16.1174
14.7165
16.6339
15.7224
17.9848
16.2719
11.953
15.4388
17.9848
11.3368
9.01896
11.3368
8.82039
8.99834
16.6856
16.6856
8.24404
12.7382
13.2879
20.2892
20.2892
11.7634
19.8934
15.6374
14.9814
13.993
14.4408
14.2726
14.9814
15.815
15.815
15.4474
14.4898
13.8864
17.0295
16.373
13.3634
16.1644
17.0295
