13.639
13.639
13.1729
11.5184
13.1184
8.6264
8.6264
6.71308
2.91745
3.19744
15.9176
12.9865
15.9176
6.72585
6.70821
0
0
0
0
0
17.705
17.705
15.4915
8.35879
9.42204
8.86909
7.59395
5.81633
7.70547
8.86909
8.4947
8.4947
8.11714
8.09069
8.43679
16.409
15.4054
16.409
14.7622
14.5249
17.5221
13.6397
17.5221
10.1975
9.15944
20.7794
20.7794
12.8408
7.95095
10.2233
15.307
13.1497
15.307
4.02657
4.20003
13.3084
12.555
11.3989
12.0319
13.3084
12.3725
12.2994
10.9851
12.3413
12.3725
16.9034
13.4113
16.9034
13.5717
13.5338
18.057
18.057
14.8361
8.38739
6.88178
15.9681
15.9681
10.8577
11.2725
11.9237
16.6601
16.1072
11.5495
15.4351
16.6601
16.6196
16.4793
10.5147
16.0758
16.6196
16.6973
16.454
14.4549
15.3733
16.6973
19.3763
19.3763
16.7051
15.0073
14.9758
12.9254
11.2712
12.1231
12.9254
12.8545
9.12328
8.00629
9.12328
7.94506
8.50289
20.059
13.5963
20.059
14.8326
17.3237
14.3896
14.2011
13.2111
13.2698
14.3896
17.0408
17.0408
15.3609
16.4437
15.4972
16.9011
16.6784
16.9011
15.6251
15.5595
17.6939
17.6939
12.0344
14.1981
11.7448
21.2587
20.4525
15.1382
21.2587
21.2346
22.0351
22.0351
18.3523
19.386
18.7066
18.1595
13.6699
18.1595
13.9071
15.4681
15.9303
15.9303
13.6161
12.4117
13.689
17.7031
17.5207
16.0876
17.7031
17.5261
20.5788
20.5788
19.5688
16.7128
16.9691
18.1067
13.4249
18.1067
14.8701
17.3782
18.5878
18.4704
17.1089
18.5724
18.5878
16.9594
14.2642
16.9405
14.1276
16.9594
13.7224
11.8347
13.7224
12.137
12.0567
24.9187
24.9187
13.0775
24.7763
24.6238
16.9258
16.9258
12.6848
4.43219
4.26887
9.89233
8.96426
9.89233
6.74506
3.52822
24.7355
24.6182
18.7165
19.953
24.7355
22.2384
22.2384
17.4728
12.4909
12.763
17.8879
12.487
15.5673
17.8879
17.715
24.2752
17.2026
23.3535
17.4637
24.2752
11.711
11.711
11.3286
3.2058
2.4348
19.0005
17.6115
12.2413
15.003
19.0005
16.9579
16.9579
13.9234
11.9238
9.92066
15.16
10.3723
13.4617
15.16
13.5547
19.3178
19.3178
15.9915
6.82231
8.01668
13.199
12.9738
13.199
10.1288
6.95741
