16.814
16.814
14.9525
13.2175
11.9131
8.21049
8.21049
4.03752
5.35605
6.2781
14.5633
14.3008
14.5633
12.1211
9.451
0
0
0
0
0
17.8303
17.8303
15.6858
17.4061
13.9749
9.96056
7.0872
8.3051
9.96056
8.65772
9.33737
8.14013
6.61007
9.33737
7.86518
14.7966
14.3936
14.7966
11.8938
12.6783
16.0551
10.6896
16.0551
9.68936
9.79092
20.4079
20.4079
12.9912
12.6418
11.7026
13.7032
12.8131
13.7032
10.6634
8.94995
14.0387
12.2004
13.5549
14.0387
13.8418
12.4235
11.2763
12.4235
12.3462
10.5395
17.09
17.0574
17.09
8.75556
10.6328
17.6166
17.6166
15.2727
14.7114
11.4749
15.3346
15.1328
11.5953
14.7586
15.3346
13.7874
11.3917
11.7796
13.7874
12.6901
12.0026
11.0187
10.9042
10.7933
12.0026
16.9883
11.9304
10.7968
16.9883
14.0252
18.0942
18.0942
14.239
17.1978
13.0688
14.4474
10.8955
12.1974
12.5053
14.4474
10.2239
10.2239
9.35784
8.85295
8.59827
18.2444
17.2542
18.2444
13.448
12.4659
15.9185
14.5
12.8425
15.9185
15.1616
17.0591
16.469
13.7632
17.0591
14.6671
17.0774
17.0774
14.5702
15.4018
13.4029
18.3707
18.3707
12.661
13.2781
10.3972
16.8617
14.5998
16.8617
13.4975
11.6104
16.0474
16.0084
15.1396
16.0474
12.0324
20.9069
20.7596
20.9069
12.3282
13.7695
16.0698
16.0698
14.481
14.4505
14.6543
17.3162
17.3162
14.981
12.7017
12.6047
17.3004
17.3004
16.0936
15.7684
12.6945
17.7632
17.3538
17.7632
13.8667
13.6509
17.9031
15.9886
14.3316
17.9031
14.6995
18.3763
18.3763
14.7249
15.9162
12.0961
13.7356
12.811
13.7356
6.80202
8.53342
15.2214
12.5917
12.9848
15.2214
13.9006
15.8138
15.8138
12.7234
11.6336
9.90067
9.43621
9.43621
9.13611
7.24976
5.78483
20.2296
15.8306
16.0874
20.2296
17.9844
18.3663
18.3663
14.4635
16.0247
11.2366
16.6638
16.6638
15.4668
13.7289
12.3103
20.7149
18.5391
20.7149
18.3878
17.8982
11.3755
11.3755
10.6166
8.63167
7.38055
16.9937
12.6411
13.5864
16.9937
15.6685
20.0413
20.0413
13.7528
15.5016
11.3402
14.3694
14.1958
14.3694
12.2658
11.6972
17.7702
17.7702
15.7187
14.7027
10.9582
15.0108
15.0108
14.8758
10.4237
8.21667
