17.3343
12.8619
12.2089
16.7519
17.3343
6.49021
6.49021
4.83369
5.29303
4.70865
13.0823
12.939
9.92136
10.9375
13.0823
0
0
0
0
0
15.5665
15.5665
11.1369
14.8231
13.3782
8.76967
6.89713
8.76967
7.98573
8.37023
8.89599
8.2085
8.68139
8.63601
8.89599
14.8658
11.6363
10.1059
14.7055
14.8658
16.6111
10.7944
7.03505
10.5617
16.6111
15.6912
14.3581
12.2146
15.6912
15.076
13.2941
10.8889
13.2941
10.25
11.3186
14.1003
13.1342
12.6576
13.9047
14.1003
15.0749
14.6616
11.2387
13.6686
15.0749
13.4193
9.83147
11.6293
13.0191
13.4193
17.1904
17.1904
13.0856
14.3085
12.5689
16.2032
15.4469
12.4207
16.2032
14.3067
16.3331
13.0146
10.2873
15.3297
16.3331
17.2084
16.4784
16.4095
16.5692
17.2084
15.4257
15.0026
6.82073
15.4257
13.7604
17.4903
17.4903
11.3311
17.2413
14.0198
14.0372
11.3516
5.67389
12.5304
14.0372
9.46045
9.09544
9.33343
8.68448
9.46045
17.7465
12.9858
12.6343
15.6257
17.7465
19.0283
18.0031
13.0583
19.0283
15.9013
21.2447
20.4036
13.4171
21.2447
16.2137
20.2289
19.5598
16.8235
20.2289
18.2593
19.6036
19.6036
12.3824
18.2865
13.9853
19.4935
17.3689
13.5682
19.2221
19.4935
20.4175
20.4175
16.0099
18.3824
17.5382
18.9254
11.6338
11.9366
18.3037
18.9254
17.6696
15.8855
11.9854
17.6696
17.2983
19.8362
17.4214
16.5627
19.8362
18.3389
19.713
19.713
14.1528
18.1097
15.7718
20.8046
14.2874
11.7341
17.1221
20.8046
22.0822
22.0822
15.8712
21.9712
18.263
19.3807
16.3714
14.7599
19.3807
17.3169
12.9792
9.13991
8.77003
10.6971
12.9792
19.8559
18.1181
14.6771
19.8559
19.0447
12.2476
12.2476
11.1932
11.5322
9.55661
8.30841
8.06205
3.31408
7.81732
8.30841
21.6239
20.8801
13.3239
21.6239
16.2211
16.8772
16.8772
12.3342
16.2463
15.6887
17.0353
14.1736
14.4409
17.0353
16.8166
17.8899
17.3328
14.0905
17.5978
17.8899
9.26542
9.26542
9.2325
7.91981
6.79051
16.9326
16.5896
11.0206
16.9326
12.5508
18.5265
16.0592
11.5765
18.5265
13.613
13.2006
9.58847
10.2412
12.9112
13.2006
14.7614
14.7614
13.7424
14.1076
14.3387
18.2351
18.2351
9.55873
16.2888
13.036
