15.5278
15.1774
13.063
15.5278
15.0923
8.45026
8.45026
6.63405
8.11661
5.95768
14.734
12.5186
14.734
14.4832
8.92362
0
0
0
0
0
18.3744
17.8029
17.533
18.3744
13.6117
7.73491
7.54134
6.08975
6.78291
7.73491
8.58118
8.58118
7.10352
6.99754
8.51852
16.3213
15.5631
16.3213
15.0439
14.2516
16.8389
13.2782
16.8389
9.54896
12.8281
21.2306
21.2306
14.5507
20.0785
12.7492
13.416
12.9818
13.416
13.1402
9.31293
13.146
12.2086
12.3531
10.9534
13.146
13.8184
13.3281
12.5964
12.8425
13.8184
16.4589
15.0509
16.4589
14.9405
15.841
19.9741
17.8194
17.4931
19.9741
15.0605
16.824
15.8831
12.317
16.824
13.964
15.9201
15.9201
11.6714
14.2935
15.6624
16.6664
16.6664
10.7579
15.6388
16.634
16.4426
15.8088
14.4822
13.8164
16.4426
19.5091
19.5091
17.6706
16.1517
14.8412
12.7242
10.7956
11.563
12.7242
12.6147
8.98188
8.29285
8.6889
8.98188
7.9019
20.5565
15.8204
20.5565
17.3051
15.3825
15.6494
14.5416
14.746
14.031
15.6494
18.5769
18.4947
18.4037
18.5769
18.3163
18.2155
17.6856
18.2155
17.186
17.248
19.5184
19.5184
17.6573
15.7
14.0358
21.0853
21.0853
14.5121
16.7835
20.7032
21.6225
21.6225
17.6174
15.5186
17.5469
21.5352
21.5352
17.0362
21.5187
21.1793
18.8913
15.9197
15.0613
18.8913
16.7018
19.0439
19.0439
15.9035
17.396
18.8991
20.1087
20.1087
19.9392
15.1248
15.313
18.4253
17.1309
18.4253
16.4745
17.7132
20.1015
18.8542
17.6808
17.0884
20.1015
17.4384
15.6258
17.4384
14.0499
16.8673
13.955
13.6377
13.955
13.573
13.5652
24.3005
24.3005
15.1367
17.5623
23.7519
16.3903
16.3903
14.1274
15.977
11.033
9.51831
9.51831
9.5167
9.46423
5.83837
24.9121
23.9841
21.2818
13.7381
24.9121
22.872
22.872
19.6008
17.9166
12.4821
21.9266
16.7065
14.4184
19.0131
21.9266
24.9188
16.8905
24.9188
13.8634
23.9047
11.947
11.6235
11.947
11.8484
9.35279
17.8858
17.5467
14.9562
10.283
17.8858
17.2465
17.2465
16.2865
17.1315
14.3313
13.7561
12.6331
13.5194
13.7561
13.418
19.235
19.235
17.9711
17.563
13.1268
15.2442
15.2442
13.7099
14.3324
13.9539
