14.3349
14.3349
11.2901
8.7977
11.6876
6.5408
5.67037
6.5408
3.66276
3.92524
14.5404
14.5404
12.6951
13.7319
4.90333
0
0
0
0
0
17.1494
16.3205
17.1494
13.0631
9.63622
8.96435
8.68987
5.13777
8.764
8.96435
8.59688
8.59688
6.58519
8.20064
8.46388
13.2249
8.76892
13.2249
8.9682
10.8696
13.1926
10.2729
13.1926
9.09047
8.25146
17.7469
17.7469
14.8181
9.22285
9.33115
13.1071
12.9841
13.1071
8.94099
5.55588
13.6277
13.2341
9.24381
12.7324
13.6277
11.7883
9.45
11.7883
10.1686
10.1024
14.9713
9.09789
14.9713
7.43532
10.9743
18.0154
17.1044
18.0154
12.7726
11.7343
13.948
13.948
13.3225
10.6597
10.1595
11.4689
5.79845
10.2802
10.6775
11.4689
11.9249
10.3587
10.6933
11.9249
11.7066
14.1314
11.7231
8.96897
13.5473
14.1314
18.1924
18.1924
16.6971
15.0236
11.0545
13.3224
7.13813
9.54166
11.1793
13.3224
7.95397
6.95814
7.65006
6.21277
7.95397
17.0195
11.6403
17.0195
11.3696
16.2082
14.8736
14.8736
14.8431
14.1021
13.7096
18.944
18.944
18.9199
15.8434
14.9137
17.3966
17.3765
17.3966
16.8766
17.0534
19.144
19.144
18.7761
13.4732
10.6833
14.2911
10.4779
13.2697
13.0245
14.2911
17.2187
17.2187
15.2459
15.2678
15.3893
17.4491
10.4309
17.4491
7.87936
16.732
15.3727
15.3727
13.4289
15.0411
15.0642
14.5497
12.2996
14.5497
12.5036
13.7018
17.0394
17.0394
17.0317
14.2494
12.8553
15.5836
13.7775
15.3515
11.6235
15.5836
17.4517
14.6962
14.596
16.3417
17.4517
16.1428
14.4888
16.1428
14.5549
15.1302
10.6978
6.85958
10.6978
6.16897
10.1601
17.2659
14.5842
9.77133
15.1805
17.2659
14.0884
12.6294
14.0884
8.22839
6.4898
9.61743
9.61743
7.20238
9.6154
4.47439
22.0344
18.5638
11.7674
18.7671
22.0344
19.5072
19.5072
18.4466
12.1031
10.0811
16.0138
9.67559
12.8067
9.15818
16.0138
18.5784
12.2714
18.0723
14.9231
18.5784
11.5011
9.23496
11.5011
6.19383
5.9079
19.9176
19.9176
7.6195
19.2742
19.0544
24.9169
24.9169
24.7168
15.4545
13.5303
14.2803
9.22617
10.8256
6.70998
14.2803
17.8184
15.7885
17.8184
11.1689
8.65248
17.6944
17.6944
17.6897
11.95
10.5463
