16.9924
13.9304
13.4238
16.9924
16.278
8.62079
8.62079
6.53032
6.26753
5.84758
14.6013
13.2305
14.2957
14.6013
13.4251
0
0
0
0
0
18.4552
18.4552
15.3915
17.5575
15.1299
8.95118
7.18443
8.95118
7.7137
8.65135
8.5344
8.32043
8.52397
8.27726
8.5344
16.4996
11.9032
15.2214
10.9902
16.4996
16.7312
13.9186
12.6588
12.6863
16.7312
20.2485
20.2485
13.3437
18.2065
16.0369
14.4088
13.1992
14.4088
13.1631
13.0709
14.4224
12.6461
13.1841
8.85017
14.4224
12.8244
12.8244
12.4999
12.3274
12.5297
15.7807
12.1272
15.7336
12.1171
15.7807
18.7772
18.5866
15.2959
18.7772
13.7068
16.6343
16.6343
12.6911
16.4709
14.1779
16.8042
16.8042
15.8422
11.2314
16.4438
17.7708
16.2141
14.172
12.0802
17.7708
15.014
15.014
14.0963
14.0885
14.8422
19.7824
19.7824
15.258
18.1895
15.1564
12.0101
12.0101
11.8928
11.6213
11.9001
9.24529
9.07725
9.24529
9.08037
7.42702
19.7644
19.7644
19.719
14.666
18.1907
16.5186
13.3787
14.6582
14.8966
16.5186
19.2825
16.9884
15.8513
19.2825
18.3399
17.4082
17.1227
17.4082
17.1853
16.5793
20.394
20.394
13.7098
17.0033
12.9651
19.9853
19.0135
19.5305
14.5216
19.9853
18.655
17.9842
18.655
17.2589
14.8641
15.8635
15.8635
15.401
10.2547
15.3578
18.5733
16.8335
13.2334
18.5733
18.2536
17.903
15.8857
15.3564
13.5114
17.903
19.0733
19.0733
18.7592
18.5059
16.8712
18.199
17.4271
18.199
15.1505
17.0344
18.5816
18.5816
17.862
17.608
18.223
17.2513
15.667
16.0626
13.2071
17.2513
14.3773
11.1319
11.7736
10.9053
14.3773
22.7188
22.7188
21.5328
12.4437
22.0135
15.9743
15.9743
13.1603
14.4703
12.7609
9.48998
8.75111
8.90546
9.48998
9.47029
20.7274
20.2905
20.7274
15.2133
20.3923
20.2435
20.2435
17.4305
19.459
14.7395
18.5917
15.5843
15.4724
12.0323
18.5917
23.0194
23.0194
22.6648
12.296
15.7725
11.7085
11.7085
11.3646
10.5904
9.01352
17.5852
17.5852
15.1585
8.7006
15.4209
18.9085
18.9085
14.2479
17.7011
14.7391
16.9372
13.3611
13.1044
9.92266
16.9372
18.3884
18.3884
16.6033
17.4815
14.5091
17.8919
16.8648
11.7613
17.8919
12.6094
