16.8164
13.4891
13.653
16.8164
13.6786
8.63681
8.63681
6.52471
7.87053
4.17017
15.9194
13.2493
15.9194
15.6024
5.22367
0
0
0
0
0
17.7416
17.7416
13.7184
15.4718
9.12341
8.2502
7.86708
6.28227
7.89908
8.2502
8.59336
8.59336
6.98402
8.55636
8.54653
15.3361
14.1021
15.3361
14.4614
14.1004
17.652
13.5812
17.652
12.8525
11.2813
19.7942
19.7942
12.3063
19.3768
11.9104
15.2855
13.2297
15.2855
14.5097
5.27641
13.1033
12.4343
11.8519
12.8536
13.1033
13.7501
12.7469
11.9043
13.0513
13.7501
15.1641
12.788
14.7947
12.7331
15.1641
18.099
18.099
14.6647
16.3564
8.51658
16.3282
14.5669
11.7454
16.3282
13.0279
16.4549
15.1281
12.7931
15.0495
16.4549
17.0861
15.8436
9.76284
16.0944
17.0861
16.9608
15.6059
15.4947
16.5393
16.9608
20.3164
20.3164
11.8454
14.2769
12.6355
13.3003
10.8471
12.5091
13.3003
12.4991
8.90141
8.03749
8.61163
8.05941
8.90141
19.1433
15.6757
19.1433
15.1071
15.9663
14.6528
14.0041
11.0557
14.4798
14.6528
17.1041
16.769
12.596
15.703
17.1041
17.6871
16.8064
14.3124
17.6871
16.208
16.878
16.878
11.4899
15.7829
10.1656
20.3808
16.7658
15.222
19.933
20.3808
21.3999
21.3999
15.2881
17.708
17.4652
18.7629
15.5713
18.7629
13.4
16.0771
17.7276
16.1644
13.793
17.7276
13.9579
19.6102
15.3301
14.0901
17.5485
19.6102
20.863
20.863
14.3636
14.8519
13.8724
18.5833
15.2396
18.5833
14.9245
16.452
20.0096
17.9278
17.9368
18.6594
20.0096
18.5103
18.5103
15.8648
16.5023
14.2176
14.1183
13.1804
14.1183
11.747
11.1774
24.0444
23.4192
15.5075
24.0444
22.6158
16.1149
16.1149
12.6585
14.5655
6.54758
9.88014
7.71767
9.88014
9.76008
3.74318
24.6666
23.5902
21.5963
24.4698
24.6666
22.0905
22.0905
14.2683
15.2622
9.93263
17.8636
14.3549
15.1298
16.8267
17.8636
23.3277
20.0913
23.1466
20.2279
23.3277
11.6377
11.6377
11.3665
10.9358
4.37268
18.0607
17.2498
16.0767
17.4454
18.0607
17.0428
17.0428
11.7081
13.4028
9.50352
14.7871
13.3335
14.2287
14.7871
12.1193
19.9185
19.9185
14.9684
15.943
7.47316
13.2823
12.3821
13.2823
12.5518
8.49004
