14.5288
14.5288
12.8762
11.7884
12.5771
7.07525
7.07525
6.55721
6.28367
6.26794
15.0562
15.0562
12.5804
15.0553
10.5144
0
0
0
0
0
18.0088
18.0088
15.5667
17.9723
15.5789
8.93093
7.73512
8.93093
6.14088
7.50351
8.64141
8.39119
8.64141
6.95077
8.41801
14.9194
11.8454
14.9194
8.32384
13.7008
11.8403
11.6118
10.8363
10.9865
11.8403
16.0054
16.0054
13.5504
14.612
11.7557
14.8041
13.5227
13.0846
14.8041
10.5512
13.4196
12.3164
8.56118
7.84959
13.4196
12.8982
12.0795
12.8982
8.18758
12.8524
16.4655
9.64257
16.4655
6.7569
15.1221
21.514
21.514
16.4968
21.4783
16.3226
15.5244
15.5244
12.6017
13.1453
11.8224
16.5172
14.0315
12.4929
9.35001
16.5172
17.0218
12.1473
10.5917
7.82399
17.0218
16.5403
15.4249
9.31369
10.4728
16.5403
19.0733
19.0733
16.6459
17.3889
15.2701
12.5725
12.5725
8.73603
7.95582
12.2436
9.08738
9.08738
9.01428
6.80054
8.83476
20.2085
20.2085
16.4399
10.6493
19.4953
15.6124
14.6185
13.2851
13.375
15.6124
19.0587
17.277
15.7845
19.0105
19.0587
18.117
16.7989
15.5279
15.9358
18.117
21.976
21.976
15.484
20.3156
13.6377
20.447
15.3353
14.6122
11.3154
20.447
19.1002
16.42
16.5621
13.8022
19.1002
16.0983
15.2718
15.3303
6.75242
16.0983
20.8342
20.8342
14.1689
15.0577
15.0559
18.7243
12.8401
15.3695
8.88929
18.7243
18.6922
17.5947
18.5849
16.6263
18.6922
16.8695
16.8695
15.9989
12.3896
16.5323
19.6572
18.1819
14.8839
15.1801
19.6572
16.4011
14.3408
14.0904
9.89021
16.4011
11.9204
8.40606
11.42
4.21227
11.9204
23.2441
18.5834
11.8295
9.10926
23.2441
14.0685
14.0685
13.3347
13.7327
11.4767
9.88584
9.69178
7.23849
9.88584
6.8696
24.6572
21.2196
13.2039
10.3364
24.6572
18.5741
18.5741
17.9596
18.0616
15.0469
15.2613
13.2506
11.1966
7.92803
15.2613
23.5232
22.1549
17.0336
9.83995
23.5232
11.4204
11.4204
10.6396
10.4574
8.98333
17.7591
17.7591
8.86034
6.31975
17.6676
20.3426
19.4384
18.505
20.3426
15.5284
12.2822
11.6721
8.86831
4.94068
12.2822
17.4332
17.4332
16.7492
17.424
13.8201
24.8496
24.8496
16.1441
22.0166
18.1356
