15.6589
15.6589
13.6397
9.26276
8.59229
7.27177
7.27177
3.06588
3.69187
3.20921
12.5111
12.5111
12.3689
2.8593
4.18883
0
0
0
0
0
16.3724
16.3724
11.3802
5.93065
5.60764
9.38414
8.63966
9.05515
9.38414
9.0851
9.96624
8.29661
8.12563
9.96624
8.42709
19.9369
12.105
19.9369
8.53004
8.59105
16.14
9.21599
16.14
5.10778
6.73168
16.7055
16.7055
10.7621
6.88458
5.9151
11.8124
11.8124
6.01113
3.82346
3.30271
14.2851
14.0435
14.2851
14.2042
12.6584
11.119
10.6301
11.119
9.86218
8.9782
15.943
12.7976
15.943
3.97527
5.34391
15.4196
15.4196
7.6081
6.36017
5.75018
15.1806
15.1806
11.4403
10.4698
10.6356
14.1475
13.032
14.1475
13.4789
13.7034
12.3416
12.3416
10.4939
10.9567
12.0117
17.6693
12.4056
16.7097
14.2463
17.6693
17.6018
17.6018
12.9703
8.9239
10.6076
13.8513
12.3581
13.0196
12.4201
13.8513
8.97828
8.7927
8.97828
7.45201
6.0755
20.3093
14.4486
20.3093
9.51191
10.7443
15.4297
15.4297
10.9379
12.7441
13.0234
16.922
16.922
12.8864
11.7446
12.3294
17.4514
17.4514
12.2378
11.1493
10.9256
16.3207
16.3207
10.6383
9.00425
8.72468
17.674
14.4916
17.674
13.6099
13.3751
16.5206
16.5206
14.7561
13.9632
13.3251
20.1545
16.9776
20.1545
7.64114
7.05254
17.2632
17.2632
13.9713
9.69936
9.33659
16.7987
16.7987
14.5744
10.8563
11.3405
18.3518
18.3518
13.9041
10.0095
10.1995
19.6035
14.6415
19.6035
9.83574
9.74112
15.9569
15.9569
15.8064
15.8988
15.9391
18.5113
18.5113
14.2117
12.3612
10.5904
13.2857
10.5073
13.2857
4.66319
4.84837
16.2066
14.8235
14.0199
15.7175
16.2066
14.0509
14.0509
5.73653
6.86469
4.46826
8.69221
8.69221
8.46841
3.16497
4.73211
20.2445
19.1488
19.4733
20.0475
20.2445
17.8439
17.8439
11.8991
9.12175
6.62267
17.0799
17.0799
16.4046
11.8641
10.4717
19.9448
18.3901
19.9448
16.3505
16.6469
9.4455
9.4455
3.3215
4.06926
2.1724
16.3024
14.2555
16.0681
16.0592
16.3024
16.2407
16.2407
10.9942
5.73348
6.1719
14.0844
13.0679
14.0844
7.99744
7.75113
15.9638
15.9638
7.83232
7.58847
4.87046
11.6336
11.6336
11.1263
4.80201
5.41034
