23.9181
23.9181
18.9568
16.9433
13.9498
8.95422
8.95422
4.92706
3.02894
4.57455
15.9071
12.8605
15.9071
7.66263
9.84303
0
0
0
0
0
18.0274
18.0274
13.9498
7.21884
12.01
9.75309
7.71508
6.19168
9.75309
5.94469
9.67868
9.43449
6.43596
9.67868
6.40925
15.3426
13.3341
15.3426
10.1277
9.0569
16.6531
11.5076
16.6531
8.72866
8.54228
19.5087
19.5087
15.1711
8.45047
10.8954
15.2867
12.5701
15.2867
2.98994
8.70888
14.5878
14.3919
12.089
14.5878
11.907
13.3981
11.206
13.3981
11.4545
9.70795
15.4328
13.9993
15.4328
7.17538
7.88654
17.6102
17.6102
14.6238
5.84633
12.3468
13.9369
13.9369
13.2543
10.7538
12.8863
12.2604
9.62441
12.2604
8.92557
10.0501
12.1774
11.2742
12.1774
10.3754
9.70879
14.0424
9.75909
10.6745
14.0424
12.1038
18.1622
18.1622
15.43
10.6109
12.4283
13.595
10.5551
11.9106
13.595
13.4476
9.27237
8.63037
9.27237
8.01451
8.79249
18.5506
14.7855
18.5506
12.6411
12.742
16.3026
16.3026
11.9528
14.2358
12.1823
18.7438
18.7438
14.7215
11.6685
14.7344
17.4697
17.4697
16.4161
13.1054
15.7509
16.2352
16.2352
12.9031
13.3997
12.8317
15.689
14.0919
15.689
11.6271
12.8952
15.8591
15.8591
15.1109
14.8608
14.55
18.6426
16.2214
18.6426
13.5631
11.8711
17.0033
16.3318
17.0033
11.5059
14.9581
15.7301
15.7014
15.7301
12.1746
11.9334
19.4264
19.4264
16.032
10.6374
12.4664
18.1589
16.5007
18.1589
12.7522
14.3372
16.991
15.9483
16.991
15.0109
16.278
16.9153
16.9153
16.6382
15.0706
14.1587
13.4514
13.2658
13.4514
6.1959
5.26524
15.3175
12.2011
15.3175
14.015
10.6187
15.2636
15.2636
12.6628
4.57497
8.00121
9.88152
7.70447
9.88152
7.5005
6.38187
17.2497
14.8506
11.9179
17.2497
11.9057
18.7278
18.7278
14.9274
9.4083
10.7375
15.4306
13.7278
15.4306
13.4509
12.0894
17.0757
16.8065
15.9901
17.0757
13.9866
11.3696
11.212
11.3696
1.72405
5.5251
15.7984
13.8469
9.47719
15.7984
9.3472
18.028
18.028
13.1533
9.55979
13.1728
12.6343
12.6343
12.5407
9.95065
11.922
18.1823
18.1823
15.2463
6.38778
9.91415
15.1579
14.1512
15.1579
8.74629
10.9939
