17.41
17.41
14.44
14.7443
13.0227
8.02005
8.02005
6.59166
6.64362
5.45838
14.685
12.7851
14.685
13.2287
14.2222
0
0
0
0
0
18.3364
18.3364
13.872
15.3092
13.2296
9.37154
8.0932
7.8994
9.37154
6.07867
9.30171
8.09651
7.15247
9.30171
6.21805
16.0225
13.5578
16.0225
12.8283
13.8475
18.9249
10.1094
18.9249
9.8974
16.8721
19.5652
18.8978
12.8835
19.5652
11.8449
13.916
12.4619
13.639
12.1876
13.916
14.0001
13.1469
13.3095
14.0001
12.6317
12.9162
12.7691
12.9162
12.2274
12.3321
16.6905
15.3765
16.6905
10.4364
12.6478
16.9847
16.9847
12.7433
15.3083
13.2561
15.4585
13.4383
13.7312
15.4585
11.6925
16.4534
15.0599
16.4534
11.3621
11.4527
16.7716
15.5317
10.5863
16.7716
10.247
13.9797
12.4351
13.2204
13.9797
12.6317
16.7867
16.7867
13.4988
16.2553
12.3942
15.5757
12.0587
12.3292
12.1111
15.5757
9.10829
8.32345
8.87074
7.52568
9.10829
17.9166
15.7037
17.9166
17.6733
16.1517
17.0658
13.4366
11.1674
17.0658
12.8536
16.5803
15.0683
13.9762
16.5803
11.5933
18.1645
15.4699
12.5853
18.1645
12.8673
16.71
15.8175
11.371
16.71
11.2906
15.3093
14.8827
15.3093
14.2633
13.9512
16.7024
15.3059
13.2097
16.7024
13.7844
18.8898
18.1845
18.8898
11.9231
13.3098
16.6245
14.966
16.0172
16.6245
12.5945
16.9187
16.9187
14.9771
16.608
12.8023
17.8149
16.8773
13.3821
17.8149
15.1468
19.0007
14.8108
19.0007
15.1608
15.4637
16.7823
14.7131
14.694
16.7823
13.1971
17.9703
17.9703
15.7945
17.783
14.2318
14.3498
11.4853
12.7575
10.7828
14.3498
16.4593
16.4593
13.4532
16.1751
12.6097
14.278
14.278
11.9912
12.6026
11.4419
9.29508
8.15578
9.29508
8.20872
8.87321
16.7452
13.7038
12.5801
16.7452
14.7649
18.0063
17.3773
13.1739
18.0063
13.6672
17.0871
17.0871
15.0745
16.1985
12.9943
18.0011
15.1642
18.0011
17.5338
16.503
10.8607
10.8607
9.67229
9.55721
9.05851
16.0204
13.2082
11.1331
16.0204
13.7188
16.0332
16.0332
11.8
14.9761
11.6209
14.51
14.0659
13.8017
14.51
14.4227
16.6793
16.6793
13.4721
16.2093
13.6143
12.9358
11.4216
12.9358
11.3868
12.6837
