14.6775
14.6775
14.1217
11.1484
13.4808
8.30523
8.30523
6.63188
2.58955
3.27363
15.8904
14.8712
15.8904
5.22056
7.47095
0
0
0
0
0
16.5088
16.5088
16.3934
5.13978
9.68538
9.56707
8.63132
6.87204
9.54562
9.56707
9.06575
9.06575
7.58122
9.03841
8.34945
14.8173
9.9887
14.8173
8.86065
10.1639
16.7858
12.1775
16.7858
8.28748
7.91261
20.4359
20.4359
15.0232
6.275
12.1956
15.2872
14.3585
15.2872
3.35194
4.5608
14.4776
13.4871
12.5525
13.3046
14.4776
11.3323
10.7035
10.9053
11.2452
11.3323
14.4287
8.8659
14.4287
6.61165
8.2823
17.5187
17.5187
17.2818
5.84686
7.97573
14.533
14.533
12.0442
10.547
11.2753
13.6298
10.1091
11.2554
11.2895
13.6298
11.15
10.8827
10.1157
11.15
10.5642
13.9142
12.6574
11.1522
13.2914
13.9142
18.6388
18.6388
17.2011
10.7287
13.98
13.5192
10.2653
11.965
11.2194
13.5192
8.21585
7.77886
8.21585
6.48725
8.19388
19.0338
10.9041
19.0338
8.54037
14.7841
13.9269
13.5259
13.9269
11.4211
13.1693
17.0375
16.7335
17.0375
10.5762
14.9585
17.1244
15.3282
17.1244
10.841
14.7104
17.8632
17.8632
16.0369
11.1275
11.4338
13.7312
12.5243
13.7312
12.3931
12.8362
18.1157
18.1157
16.4874
14.2399
16.518
17.0562
9.29428
17.0562
8.10624
13.7659
14.9967
14.9967
13.6276
9.83678
12.9107
14.8786
11.9303
14.8786
12.7587
12.5457
19.3752
19.2945
19.3752
10.8331
14.6369
18.2705
11.6488
18.2705
8.57054
14.4815
16.4045
14.6772
16.1693
14.2976
16.4045
17.1932
15.2695
17.1932
12.7858
15.4919
12.6502
6.85794
12.6502
6.18061
6.22951
15.3641
13.8958
11.4548
15.3641
14.6862
16.1065
16.1065
13.8563
3.17411
5.51742
9.88584
9.88584
9.88584
5.19263
5.18455
16.4383
15.572
13.0749
16.0109
16.4383
20.4022
20.4022
18.6156
7.25387
13.2562
16.0262
12.2136
15.6602
11.7306
16.0262
16.5806
14.5344
16.4655
13.3193
16.5806
11.751
11.751
11.6864
2.62494
3.09237
15.2252
13.4147
11.0341
14.1853
15.2252
18.019
18.019
17.4579
7.85597
11.106
12.7832
8.95181
12.7832
8.63675
11.2849
18.715
18.715
17.8397
3.64511
8.20412
16.0195
16.0195
13.1497
7.61642
8.76005
