15.9245
15.9245
15.1868
10.4434
11.6104
8.57069
8.57069
5.08322
3.75497
4.37514
14.7151
14.7151
14.5224
5.23417
9.32345
0
0
0
0
0
17.6268
17.6268
15.0869
10.4524
14.0451
9.54806
7.60194
8.56671
9.08792
9.54806
9.49393
8.46207
8.14625
9.49393
8.70899
16.2262
11.5224
16.2262
11.8154
10.9541
16.9993
11.6655
16.9993
9.08661
9.81276
22.9164
22.9164
13.9659
8.30408
11.3487
14.573
13.5443
14.573
4.24055
7.95279
14.0382
13.2506
13.4651
12.1811
14.0382
13.5273
13.1421
13.5273
11.7995
12.2503
17.9731
12.8056
17.9731
8.57823
7.39389
17.9306
17.9306
13.8688
8.22756
10.5667
15.7476
15.4648
14.3451
13.1474
15.7476
13.066
10.8566
13.066
11.8999
11.9647
12.5981
10.2249
12.5981
10.7716
11.6784
14.6059
11.869
12.3782
13.9167
14.6059
16.924
16.924
14.5223
12.1316
15.1057
12.8826
12.1558
12.0224
12.1955
12.8826
9.97906
9.97906
9.1546
7.64045
8.40069
19.5078
15.9453
19.5078
13.297
13.4768
16.7176
16.7176
14.5689
16.3553
14.8671
17.2673
17.2673
16.9322
16.3
16.0644
18.021
18.021
16.8084
15.5704
16.0493
20.9988
20.9988
13.8137
10.3815
12.2097
15.5915
15.1979
15.5915
14.0468
14.4177
18.1304
18.1304
17.7948
16.3749
17.3134
16.6364
13.0931
16.6364
11.8701
10.292
17.5802
17.5802
15.3075
11.8032
14.5052
15.7468
15.4182
15.7468
14.224
15.0451
18.7451
18.7451
14.873
12.9877
13.7063
18.109
14.4952
18.109
11.5404
11.8454
19.1406
18.7613
18.8489
19.1018
19.1406
17.7184
17.0251
17.7184
14.4265
14.5936
14.4277
9.79784
14.4277
7.40703
6.57347
17.8018
15.6179
16.0099
17.5296
17.8018
16.2411
16.2411
10.9914
6.59613
8.26652
9.87407
9.87407
9.05574
5.35755
7.08918
21.2602
18.6282
18.5412
21.0866
21.2602
20.7191
20.7191
14.2961
11.2701
12.0755
14.9802
12.0678
14.9802
11.1836
12.2852
19.2582
17.4291
19.2582
17.9379
18.3013
11.8262
11.8262
9.19186
3.5646
5.29962
16.9952
15.4025
15.4245
15.6774
16.9952
21.3639
21.3639
12.8577
8.88092
12.893
15.2418
10.1672
15.2418
8.66771
11.7288
18.5188
18.5188
13.9743
8.62177
10.6319
18.3156
18.3156
12.4866
6.78274
9.83042
