14.7377
14.7377
13.1023
13.1073
13.2544
7.29481
7.29481
6.49951
4.59303
6.50211
13.6742
13.3586
13.3258
13.6742
12.2021
0
0
0
0
0
17.3548
17.3379
12.6739
17.3548
15.6331
8.52016
7.5518
5.33552
7.43733
8.52016
8.6524
8.51372
5.65881
8.06812
8.6524
14.2119
12.3793
12.4461
8.05577
14.2119
15.6022
13.8017
15.6022
10.9109
9.90309
18.9757
18.9757
12.4912
17.1898
15.398
14.187
12.2708
14.187
12.6039
12.2634
15.1235
12.9381
9.91071
10.5614
15.1235
13.9073
11.7214
12.3591
9.15598
13.9073
16.1179
12.0463
14.2296
7.63988
16.1179
17.6825
16.452
14.7896
17.6825
15.9808
15.9734
15.9734
10.7906
14.999
13.393
15.6661
12.7763
10.4515
8.20591
15.6661
16.688
15.8894
10.7817
8.5354
16.688
12.2834
10.7716
7.3763
6.14318
12.2834
17.5762
17.368
11.5772
17.5762
15.1358
13.8347
9.97259
8.49257
6.713
13.8347
9.87539
8.21477
9.26625
7.98431
9.87539
17.5177
13.7413
17.5177
14.1323
17.0576
15.1211
13.1287
11.1578
11.1498
15.1211
16.8582
16.8582
10.2318
14.5864
16.056
17.7229
15.8047
13.7537
14.3618
17.7229
18.9012
18.9012
11.7902
16.5431
11.1986
15.1828
15.0588
12.8725
9.86955
15.1828
14.9508
14.9406
12.9992
14.9508
14.3648
17.2498
16.5496
17.2498
11.235
16.4643
17.1766
17.1766
11.371
16.6229
16.3695
19.5276
15.7776
15.5555
10.6853
19.5276
17.4419
17.4419
14.6444
15.3864
15.2696
16.1969
13.3345
15.3409
14.1333
16.1969
16.9713
14.0259
13.4196
12.2537
16.9713
18.1958
13.895
15.5784
12.1018
18.1958
12.5727
11.8719
11.0018
4.68954
12.5727
16.2451
15.3336
11.6745
9.13375
16.2451
14.7581
14.7581
12.3189
13.0594
12.7702
8.93854
8.35411
7.78425
8.93854
6.7438
14.6476
10.2953
9.1707
8.07771
14.6476
17.8336
17.8336
13.2444
16.1084
14.7077
16.3939
14.471
15.0441
8.65035
16.3939
16.3388
12.2303
15.4987
11.5318
16.3388
11.092
10.667
11.092
10.3468
9.17651
14.003
9.66595
7.43129
6.96895
14.003
17.4323
17.4323
11.7419
16.8607
15.4179
14.1854
12.9413
10.8064
10.0693
14.1854
16.6751
16.6751
14.2013
15.9371
14.2233
13.4826
13.4826
11.331
13.1634
11.5201
