4.97509
1.4771
4.97509
1.47716
4.8438
9.51695
4.92122
2.82644
9.51695
2.84412
9.68561
5.1354
7.61954
5.44322
9.68561
4.13819
3.99473
3.66884
4.13819
3.36722
12.6143
10.6916
9.72577
12.6143
9.70301
9.7853
9.40593
9.7853
9.06328
9.17582
12.8807
12.8807
11.4472
10.1358
8.41647
7.37149
6.06031
5.17586
7.37149
6.11169
13.8061
6.91097
8.18295
6.95754
13.8061
13.3793
13.3793
12.2172
12.0651
12.1033
4.98458
2.71145
4.79055
2.72532
4.98458
13.8688
13.1699
13.4966
13.8688
12.6297
18.2671
16.4242
18.2671
13.8922
14.3451
14.435
13.4807
14.435
8.32517
7.66887
4.62195
4.59127
2.21084
4.62195
2.30959
10.5635
10.5635
10.4435
9.37663
9.52667
14.1755
13.331
11.9139
14.1755
13.25
11.8736
11.8736
11.058
11.6798
10.3435
7.91625
6.79477
7.81906
6.3292
7.91625
13.0845
12.4417
13.0845
12.148
12.8025
14.0708
8.40682
14.0708
7.57815
8.55346
17.4516
17.4516
15.9326
11.6826
10.4259
11.5428
10.8827
10.3631
11.166
11.5428
13.6553
13.0043
12.6957
13.6553
13.3917
13.6379
13.6379
13.5211
13.1082
12.7296
17.1119
15.1772
17.1119
12.7043
12.9666
16.3618
16.3618
16.1371
13.1661
12.8899
10.0009
10.0009
9.88063
8.64354
8.68164
16.7717
14.1373
15.9119
13.4877
16.7717
13.3581
12.941
12.8796
13.3581
12.8315
15.9839
14.7265
15.9839
13.5476
12.5377
15.8216
15.8216
15.7724
10.1165
10.0203
13.1224
13.0572
13.1224
7.81077
8.09198
13.9761
13.8927
13.9761
13.0904
12.2455
9.46378
4.16401
8.99286
4.22545
9.46378
14.1719
11.7383
14.1719
7.89047
10.8416
11.7561
10.035
11.7561
10.6898
11.1335
9.43811
9.43811
9.32301
5.33415
5.2128
15.0599
13.6134
15.0599
10.5505
10.1574
13.6111
11.8677
12.9755
10.7153
13.6111
11.9964
9.04185
9.09171
8.83975
11.9964
12.3747
6.39069
12.3747
6.28474
9.53413
11.4495
6.88083
6.07219
10.2417
11.4495
13.1092
6.39248
7.95722
8.32362
13.1092
17.9564
17.9564
17.9083
11.2483
10.8479
12.0913
12.0913
12.0174
11.3801
11.8617
13.6033
12.4887
13.6033
13.087
13.0036
14.2569
14.2569
14.0403
6.14887
6.16996
