4.97509
1.13
4.97509
4.25056
4.11861
9.11809
7.71607
1.55868
8.99399
9.11809
8.53922
2.40364
5.45311
4.82635
8.53922
4.55489
4.55489
3.71929
3.31829
3.66135
14.49
7.39638
4.09315
14.49
6.86131
12.6359
12.6359
8.63925
11.9934
9.40393
13.3754
13.3754
11.8541
11.6664
11.3761
8.37574
8.37574
3.92065
7.519
6.54429
13.0494
3.0249
8.19288
6.40501
13.0494
16.2985
15.2348
11.1223
16.2985
12.3759
5.97874
1.57707
5.97874
3.82721
4.86338
14.218
11.8449
14.0405
11.5676
14.218
16.42
10.6234
13.1583
13.9311
16.42
13.0943
9.6665
8.75921
13.0943
12.4488
4.39518
4.25852
1.71417
4.33657
4.39518
10.0375
8.00341
6.81381
10.0375
9.50129
15.5738
11.1865
8.33287
15.5738
12.6919
12.3256
9.72645
5.14629
12.3256
11.4243
12.3961
5.86903
6.17796
6.736
12.3961
14.57
7.78208
11.5596
10.4133
14.57
13.9339
7.08296
11.6265
8.93769
13.9339
16.2967
13.5322
10.9273
16.2967
15.1507
13.9308
8.26315
9.48895
13.9308
12.6388
13.0568
9.86716
9.20009
12.8366
13.0568
14.9466
11.1263
14.0059
13.6484
14.9466
16.5462
12.404
14.8823
14.0791
16.5462
16.5283
13.9684
14.1814
16.2903
16.5283
9.69565
5.58284
4.26336
9.69565
9.6584
14.8863
8.12522
10.5785
10.4336
14.8863
13.9175
8.56127
11.5688
12.0782
13.9175
15.3175
11.7044
10.4311
15.3175
13.6575
14.5801
14.5801
14.31
13.6418
13.1876
11.4067
11.4067
11.3213
8.77442
8.91794
17.002
9.94118
13.7014
9.9852
17.002
9.03504
1.6284
5.48496
3.70334
9.03504
15.3834
6.24921
9.90785
10.335
15.3834
13.7606
9.4787
8.87251
13.7606
12.0182
8.2128
8.13143
8.2128
6.47234
6.37561
15.1443
10.5405
12.7884
11.3907
15.1443
16.4472
6.3603
10.5574
8.91286
16.4472
12.5063
5.54136
8.03768
9.01474
12.5063
9.80549
3.2468
6.76677
5.41497
9.80549
14.3711
8.54807
6.10721
14.3711
14.1847
12.6034
6.50351
5.43617
12.6034
11.0483
14.8713
11.0257
10.9514
14.8713
14.75
15.3304
7.37065
6.78231
15.3304
12.7562
13.1452
12.813
11.6424
12.8367
13.1452
12.3379
12.3379
12.32
8.55137
8.70205
