3.92453
1.85456
3.47055
1.48368
3.92453
8.35268
5.6212
4.47421
8.35268
5.39785
8.99555
6.37588
6.62542
5.94441
8.99555
4.16147
4.16147
3.90971
3.97737
3.97759
11.809
8.8783
10.4285
11.809
10.9362
11.1056
9.95688
11.1056
9.96144
10.9723
12.2487
11.8081
12.2487
10.0015
10.6145
8.00365
8.00365
6.0285
6.41824
6.58204
11.2223
9.75566
11.1787
9.09065
11.2223
13.6865
13.6865
12.0755
12.9957
11.4365
4.82596
3.06646
4.2147
3.08309
4.82596
22.9264
12.8782
22.9264
15.4311
14.8394
18.8598
15.76
18.8598
11.4808
13.5106
12.7385
12.5696
12.7385
10.8448
12.1671
4.37746
4.01186
2.52502
4.37746
2.57085
10.899
10.8846
9.05675
10.899
8.55325
13.2121
12.5459
13.2121
11.6109
12.2198
12.8896
11.8028
11.2696
12.5594
12.8896
12.1098
9.63502
9.44866
12.1098
8.20347
14.4403
11.5183
14.4403
9.83598
12.7049
13.4684
9.3424
13.4684
9.21468
11.6049
16.7808
16.6005
16.7808
14.7339
14.2379
17.5683
11.412
15.1757
11.288
17.5683
15.823
14.0871
14.808
15.823
15.3573
18.2473
16.2888
18.2473
16.9665
15.1764
16.65
14.0164
15.93
12.7204
16.65
17.5931
17.2629
17.5931
14.3384
14.762
10.6448
8.79936
10.6448
8.57579
10.2295
16.1625
12.4935
13.5504
10.7633
16.1625
18.0889
13.0367
18.0889
16.2104
14.7693
16.9086
16.0897
14.4256
16.9086
14.9553
17.1776
16.4698
17.1776
12.2235
12.2286
12.7186
11.998
12.7186
11.7544
11.5271
16.8353
11.933
16.2147
13.121
16.8353
8.25909
4.51323
8.25909
4.65472
8.10377
14.4711
10.1059
14.4711
8.16292
12.922
17.6492
13.0399
14.6506
11.6256
17.6492
9.34195
8.39696
9.34195
7.30451
7.13696
14.9034
12.2515
14.9034
10.2238
14.7246
16.8736
10.0944
16.8736
10.292
16.2063
14.3972
10.3949
14.3972
10.7242
13.4938
9.91869
4.69163
9.46754
5.47345
9.91869
12.1727
8.44975
10.3379
9.37297
12.1727
16.7725
9.09282
14.7582
9.21807
16.7725
15.2012
14.0151
15.2012
13.5728
13.9697
16.5884
11.4
15.6219
12.1402
16.5884
15.781
14.1997
13.3941
13.2949
15.781
13.9886
13.1754
13.9886
9.25786
9.03073
