4.97509
0.574253
4.97509
0.574253
4.28755
7.5751
5.45142
0.69413
7.5751
1.08889
8.5788
0.617715
4.72015
2.40747
8.5788
4.22201
3.70379
3.7387
4.04282
4.22201
9.61143
2.97494
1.1427
9.61143
3.63158
9.66195
8.21091
6.19748
9.66195
7.43083
13.3855
11.2631
10.3063
13.3855
11.9432
6.84834
5.85177
2.89634
6.84834
3.48741
11.5792
0.991874
4.75591
2.03467
11.5792
14.7718
11.1439
8.73408
14.7718
11.5279
4.97023
0.501814
4.97023
1.28797
4.30087
11.9549
6.45924
9.19838
11.2603
11.9549
22.8951
9.85763
13.0302
17.0999
22.8951
20.8756
19.238
17.7945
20.8756
17.8975
4.98226
4.98226
0.474263
4.32061
0.604503
13.1399
7.85222
4.98006
13.1399
9.95925
11.9962
5.44278
5.146
10.6231
11.9962
12.9975
8.18394
6.66815
12.9975
8.47872
7.53239
5.13444
3.83095
5.64497
7.53239
14.0942
5.54014
8.94275
10.7512
14.0942
11.0373
6.74195
11.0075
7.68911
11.0373
18.1455
13.6934
11.9514
18.1455
16.139
10.4009
6.01478
7.74158
8.9102
10.4009
13.1096
6.67757
6.35208
13.1096
10.5151
13.8515
7.25457
8.47532
13.8515
10.7679
15.7338
9.31956
11.4724
13.8638
15.7338
17.8222
13.953
15.4348
17.8222
17.8116
11.7984
9.12285
7.7963
11.7984
9.49962
11.7082
6.19448
8.60854
7.20754
11.7082
8.93346
3.74722
6.87315
8.57673
8.93346
16.1102
11.6522
12.1907
16.1102
13.9991
17.7122
12.9004
12.974
17.5713
17.7122
14.8809
14.7589
14.8809
13.1353
13.1294
11.9048
7.71578
9.26816
11.5709
11.9048
7.33798
0.400478
5.19688
1.07463
7.33798
14.2166
9.77186
13.8886
10.0425
14.2166
9.28497
8.80499
9.23717
8.72258
9.28497
9.65941
8.75813
8.90602
9.65941
9.65215
15.1523
12.1692
15.1523
13.9465
14.1973
13.5115
6.11153
10.0827
8.02323
13.5115
10.1341
1.63943
5.07554
4.87283
10.1341
9.5089
3.41719
7.98057
3.96997
9.5089
8.75048
5.46513
5.93552
8.75048
8.68598
10.0293
4.23696
4.00863
6.50928
10.0293
15.0486
12.3836
12.6153
15.0486
14.9436
12.0344
7.42899
7.59369
12.0344
11.8904
12.742
12.6385
12.5194
12.742
12.6682
14.4997
12.4944
12.4748
14.4997
14.4884
