3.77862
2.25729
3.36903
1.96619
3.77862
8.5066
4.46074
6.54482
8.5066
6.06157
8.33098
4.55036
7.79501
7.141
8.33098
3.93053
3.9032
3.72314
3.93053
3.7441
15.5368
7.96903
15.5368
8.74606
15.3198
12.2263
8.01455
9.13669
12.2263
9.80637
12.9292
11.4827
10.2985
12.5538
12.9292
7.89532
7.01394
5.02138
7.89532
4.37939
13.5038
4.62763
12.7796
6.74038
13.5038
14.7285
11.9115
11.4144
14.7285
11.3011
4.92764
3.63087
4.92764
3.57623
4.71173
18.0069
10.3411
15.0806
12.8992
18.0069
15.7948
12.4609
15.1103
14.4093
15.7948
17.5232
17.5232
16.3244
13.4908
11.7227
4.22092
3.58765
3.62214
4.22092
2.88031
17.8873
17.8873
8.89396
14.6098
7.65952
24.9223
7.77078
24.9223
12.7951
13.2764
15.9397
10.3306
9.62325
15.9397
8.13111
13.2462
7.29915
13.2462
9.1208
10.4838
16.0788
15.0808
16.0788
10.4108
11.5554
13.3421
9.43936
12.4264
9.46865
13.3421
18.3601
13.7937
11.4311
18.3601
15.4282
18.4403
8.28133
18.4403
10.8081
18.4265
16.7193
16.7193
14.2226
15.4899
13.7159
16.284
16.284
15.7496
15.7712
15.8406
16.6513
11.8571
15.5164
15.0421
16.6513
18.3944
17.0935
16.8293
18.3944
17.9965
11.5797
11.5797
9.34966
10.8849
9.78801
17.1133
10.2278
17.1133
12.9681
17.0674
19.3668
11.4324
18.8418
12.5009
19.3668
15.974
13.1648
11.7901
15.974
12.9768
17.5721
13.3338
12.1833
17.5721
16.5204
14.749
14.749
14.0332
13.0115
12.788
16.4921
11.1574
15.2241
12.6856
16.4921
9.25793
3.94461
8.7023
4.5581
9.25793
14.7045
12.2051
14.7045
9.58727
14.2732
17.7816
9.26154
17.564
15.5475
17.7816
9.73343
9.6342
8.88609
9.73343
9.51067
16.0793
13.8103
16.0793
14.0735
15.6054
16.9078
8.97799
16.9078
8.45551
16.2548
16.5729
5.58619
15.7791
8.13054
16.5729
10.1053
6.24263
9.70098
5.51997
10.1053
15.8967
5.48621
15.8967
12.3204
14.6792
18.6209
4.58596
16.8542
12.4305
18.6209
15.4054
12.9977
13.5966
15.4054
13.159
17.6246
9.25714
17.6246
12.878
15.8958
16.8818
14.1951
14.0433
16.8818
15.68
14.1864
14.1864
13.1963
14.0688
13.0536
