4.03642
2.28802
3.48231
2.31502
4.03642
9.15681
4.86021
4.26825
9.15681
4.36011
9.64259
5.30794
6.85261
5.54134
9.64259
4.10287
3.84957
3.96087
3.836
4.10287
14.9617
14.0383
10.5114
14.9617
8.98444
9.83316
9.83316
8.93592
9.2541
8.00326
12.379
12.0671
12.379
11.8252
11.718
7.94539
7.7231
7.06708
7.94539
7.6386
12.9336
10.3303
12.9336
10.3287
11.4929
13.6813
13.6813
11.811
13.4742
11.3464
4.83905
3.51793
4.48867
3.48746
4.83905
19.5174
14.3868
19.5174
14.7061
14.3749
17.266
14.641
17.266
13.6787
16.5345
17.3418
16.153
17.3418
13.1864
13.2178
4.19125
3.33241
2.82492
4.19125
2.89655
11.3939
11.3939
10.4586
9.79747
9.64413
13.5199
13.2749
13.3537
12.6567
13.5199
12.6167
12.0091
10.8145
12.6167
11.5
17.9273
11.7085
9.99878
17.9273
7.46403
18.2617
11.051
18.2617
8.82917
12.4286
15.2914
11.4771
15.2914
10.1383
12.861
18.9271
18.9271
17.3317
17.7076
15.7701
15.6941
11.9846
15.6941
11.578
14.3536
15.314
13.7648
13.5343
15.314
12.8277
16.5452
13.147
16.5452
14.4025
15.2357
17.1616
14.9417
17.1616
13.044
15.7845
21.2293
20.1291
21.2293
15.8939
16.8944
11.7597
10.6187
10.5735
11.7597
10.3324
17.1759
11.6752
14.5597
10.4733
17.1759
18.5535
16.1292
18.5535
17.2945
14.9338
17.237
17.2149
14.6299
17.237
14.4819
16.5004
16.4341
16.2478
16.4835
16.5004
12.4302
11.8189
12.3958
12.4302
12.1907
18.0821
13.3305
18.0821
13.3782
16.1877
8.55564
7.25599
8.55564
7.1921
7.86104
15.0464
12.194
15.0464
8.98504
14.4702
15.7529
13.8857
15.7529
12.6058
14.4573
9.22305
9.12609
9.22305
8.92723
8.70227
16.3413
13.3035
16.0763
13.2911
16.3413
18.2175
13.213
18.2175
11.602
15.6545
15.3796
12.9451
15.3796
12.9675
13.353
10.9052
7.47748
9.37862
7.44639
10.9052
10.7371
9.30602
10.494
9.50353
10.7371
13.2323
11.7391
11.8293
11.7063
13.2323
16.1198
16.1198
15.1791
16.0814
16.0512
15.7123
13.7609
14.3098
13.8737
15.7123
16.0908
16.0908
15.6264
14.6923
14.6014
13.837
13.2242
13.837
12.8391
13.0106
