3.42671
1.54072
3.42671
0.996482
3.33619
7.69986
4.83336
6.10438
7.69986
6.08152
9.24756
4.7696
7.26108
5.09827
9.24756
4.16243
4.16243
3.76913
4.07641
4.0799
14.7853
12.3914
12.8024
14.7853
13.7296
10.2084
10.2084
8.68689
9.80671
7.06627
11.597
11.597
11.2595
11.1429
9.8042
8.62984
7.3752
4.70544
8.62984
4.23919
11.2959
7.43734
11.2872
10.0374
11.2959
15.7112
13.0222
11.7141
15.7112
10.0427
4.7976
2.72447
4.7976
2.58069
4.69345
17.9346
12.2136
17.9346
11.3424
14.4623
17.8403
14.7394
17.8403
13.4529
15.2107
15.0098
15.0098
13.3514
13.7749
11.6599
4.11554
3.52915
2.91386
4.11554
3.5706
14.0198
14.0198
9.47815
10.6802
5.56495
17.1581
14.6752
17.1581
13.1789
11.7443
13.5863
11.2225
9.871
13.5863
9.22487
12.662
9.93284
10.174
12.662
10.3651
21.9199
14.0732
21.9199
8.67576
10.7638
13.5871
10.3574
13.5871
8.26786
12.0797
17.7087
17.7087
14.4449
17.4584
13.3116
15.9855
11.0779
15.9855
15.1128
14.3763
14.2756
13.4631
14.2756
12.9309
13.8401
16.357
13.7688
16.357
13.9319
15.2056
17.8928
14.8132
17.8928
11.8973
14.567
19.6585
19.6585
19.5636
15.7199
15.6787
11.5733
11.5733
8.16792
11.2851
8.4109
15.5447
11.0458
14.3928
10.418
15.5447
18.549
14.2273
18.549
16.4894
16.5196
16.1279
15.296
13.5927
16.1279
12.5681
16.5757
16.5757
15.4885
12.2535
11.792
13.8563
12.3364
11.2316
13.8563
13.3203
17.7985
14.0503
17.7985
13.1426
15.6195
8.23716
4.96297
8.23716
6.36676
8.16392
15.0644
11.0181
15.0644
10.2074
14.1877
16.995
13.8782
15.7308
16.995
13.9758
8.49698
8.48934
8.49698
8.49426
7.79836
15.1067
14.1129
15
14.1123
15.1067
16.6165
10.8958
16.6165
11.2911
15.4839
13.3191
9.89864
13.3191
12.8585
13.0939
9.76136
6.11018
9.45432
6.29436
9.76136
12.7517
8.0095
12.3197
12.7517
11.3591
16.2343
10.5736
13.4056
16.2343
14.1385
16.104
16.104
12.8125
15.8815
13.213
15.2053
12.6675
15.2053
14.5641
13.6106
16.9798
15.7086
13.4267
16.9798
10.2498
12.7268
12.7268
11.9741
11.5632
11.0205
