4.00781
2.15018
3.60514
2.38096
4.00781
8.75037
5.93316
5.68999
8.75037
5.54845
9.1544
4.79845
7.75353
5.14787
9.1544
3.87681
3.2191
3.87681
3.76406
3.81591
16.594
14.2751
5.8317
16.594
9.73539
10.774
10.2272
10.1508
10.774
7.78064
12.4412
12.4412
12.3738
11.7174
11.1749
8.68207
8.34068
7.72621
8.38879
8.68207
12.4049
9.13033
12.1798
12.0258
12.4049
13.9917
13.5199
11.8827
13.9917
9.0719
4.98331
3.52316
4.75333
3.6559
4.98331
17.9325
13.933
17.9325
13.8319
16.2011
17.0506
16.1705
17.0506
14.0424
14.6081
16.1267
15.2185
16.1267
14.3078
11.7881
4.27031
3.18324
3.10999
4.27031
3.50705
10.7604
10.2631
10.7604
9.03557
7.50091
13.5147
12.6733
9.55196
13.5147
11.6051
13.2814
12.684
12.5569
13.2814
11.3197
11.3748
11.3748
10.3177
11.3255
11.0412
15.1264
11.8548
15.1264
10.6125
12.2716
16.9282
10.6369
16.9282
10.8978
12.6113
19.7826
19.7826
18.3017
17.5517
15.5865
14.7224
12.0613
12.6684
14.2083
14.7224
14.7094
14.2755
11.6988
14.7009
14.7094
17.954
14.837
13.0247
15.3092
17.954
16.7218
16.1131
16.7218
14.2794
14.1321
19.2752
18.3697
19.2752
16.0794
16.3123
11.8796
10.1359
11.2323
11.8796
10.6285
15.2909
11.8317
12.9129
12.251
15.2909
16.3529
15.7638
13.4334
16.3529
16.0391
17.5076
17.5076
15.0328
16.854
12.2624
18.0714
18.0714
17.84
16.8502
16.8943
13.7608
12.6202
12.9914
13.7608
13.5612
17.9301
13.7723
17.9301
16.0263
15.5693
8.83557
6.35935
8.83557
6.64084
8.35741
16.2413
11.1266
16.2413
10.0784
13.9779
15.5683
14.1436
13.2633
15.5683
14.277
9.74597
9.44576
9.55834
9.74597
9.25532
16.6797
12.6299
16.6797
12.4273
13.8994
15.9628
14.2181
15.9628
12.6902
14.9055
13.5983
13.0644
12.688
13.5983
13.1246
10.4975
7.08457
10.2695
7.14412
10.4975
13.7929
9.12411
9.89629
13.7929
11.2083
15.0827
11.7683
10.5429
13.5912
15.0827
18.0243
18.0243
16.3064
15.7564
13.6184
15.6908
14.1828
13.778
15.6908
15.4126
18.5337
16.2924
15.5863
18.5337
13.4204
14.0332
14.0332
14.0081
13.6514
13.5781
