4.92955
0.617347
4.92955
0.574253
4.28123
9.78579
6.0834
1.50007
9.78579
4.8856
7.87519
2.39767
7.87519
1.56063
7.22062
4.08699
3.94685
4.08699
3.86232
4.07788
15.4856
8.61529
8.91496
9.80747
15.4856
10.5653
9.37062
7.07305
10.5653
7.0707
12.8258
10.761
11.0387
12.8258
11.428
7.10651
7.05663
3.40265
7.10651
3.17138
13.4466
2.19181
12.5731
1.61595
13.4466
13.5121
13.5121
9.51092
12.5057
10.306
5.04636
1.85987
5.04636
1.19769
4.77587
16.9755
9.57221
16.9755
9.44007
15.3164
17.6266
15.1415
17.6266
15.2293
17.5998
17.1073
17.1073
15.0977
14.3296
12.2933
4.65824
4.41982
0.862498
4.65824
2.2666
11.096
11.096
8.57954
8.84274
6.67218
14.3237
11.698
14.3237
11.2978
11.1981
12.8881
12.3181
8.44109
12.8881
7.26924
9.10299
5.76345
9.06313
5.33838
9.10299
18.2855
13.8878
18.2855
6.5519
11.8944
14.6778
7.50908
14.6778
7.90333
14.0456
22.8874
21.8029
16.9355
22.8874
16.9727
16.2789
10.8126
16.2789
10.3753
14.8315
10.8872
10.8372
10.5041
10.8872
9.72943
13.321
10.7786
13.321
10.6051
12.455
17.0771
13.2707
16.675
13.3376
17.0771
18.1499
17.6592
18.1499
17.7624
18.0711
12.4998
11.4929
9.61179
12.4998
9.38246
14.9023
8.88068
14.9023
7.53726
12.3891
15.8172
8.42222
15.358
8.43827
15.8172
17.7218
17.6491
14.604
17.7218
14.5098
18.3883
18.261
17.6807
18.3883
17.5639
13.112
13.076
13.076
13.112
13.0976
18.6358
11.2241
18.6358
11.2473
17.5384
9.66029
1.2601
9.19666
0.984662
9.66029
16.7919
10.1289
16.7919
9.53483
15.3095
17.9634
12.312
17.9494
14.4566
17.9634
9.64699
9.57476
9.5991
9.64699
9.63931
17.6367
13.3658
16.633
13.434
17.6367
17.5596
7.26564
17.5596
7.25355
16.0155
15.5068
5.90118
15.3708
5.50923
15.5068
11.5138
4.41613
11.5138
3.75508
11.513
13.543
7.77448
12.7889
11.7214
13.543
15.936
6.6162
14.2678
9.57364
15.936
19.0412
18.9354
15.9695
19.0412
18.0711
16.5619
14.5161
15.8007
15.7821
16.5619
19.1252
13.8334
14.5465
17.3587
19.1252
14.4787
13.0862
13.3229
14.4787
14.2736
