4.83658
2.25252
4.83658
3.13302
3.50495
9.53441
9.53441
5.33946
8.38863
7.41949
7.77646
5.6881
7.77646
7.23884
7.57849
4.06029
3.99486
4.06029
3.93868
3.85306
12.3432
9.45208
11.7085
11.4104
12.3432
10.7369
10.7369
7.72162
9.96642
9.97956
11.4324
11.4324
10.498
11.4026
11.4152
7.30388
7.30388
5.77589
7.14508
5.96775
13.2614
9.66551
13.2614
10.8164
11.1484
14.1335
14.0625
11.3385
14.1335
13.0849
5.02438
3.22191
5.02438
4.33672
4.63112
16.5116
14.8091
16.5116
15.1149
16.2299
16.7288
12.3266
15.0398
12.9889
16.7288
17.1543
10.777
11.0048
17.1543
15.2666
4.52543
4.52543
3.03703
4.48953
4.14157
15.6454
8.98398
9.17935
15.6454
11.457
16.3098
12.5964
14.44
15.0807
16.3098
13.2936
12.0493
11.9877
13.2936
12.0594
10.5764
7.17029
9.84029
10.5764
9.49644
13.8271
11.1961
13.2037
11.8314
13.8271
14.7687
10.0711
14.7687
11.7141
13.1496
17.1954
13.6306
15.4425
17.1954
15.9164
23.9193
15.8653
23.9193
18.2304
20.0208
21.9311
21.9311
17.9907
19.8354
17.9439
22.9309
22.6186
21.6415
22.9309
21.79
24.9068
13.2473
16.3522
18.2283
24.9068
18.8684
14.4723
15.6353
17.6101
18.8684
11.4759
10.7005
8.25595
11.4759
9.68412
14.9826
13.2094
14.6655
14.5697
14.9826
16.7733
16.6203
16.2075
16.7733
15.6452
16.2155
14.1103
15.44
14.2553
16.2155
16.0678
15.0716
16.02
15.5549
16.0678
14.6133
14.6133
14.6017
14.5752
13.8254
18.8969
15.1314
18.8969
16.6238
18.5177
9.5098
5.206
9.5098
6.88165
7.28576
14.7843
10.1976
14.3868
10.5349
14.7843
23.0506
17.1603
19.7543
22.0138
23.0506
9.19018
8.90152
8.89704
9.19018
9.16865
16.4284
12.596
16.4284
13.2205
16.0705
16.0873
12.523
16.0873
13.7494
14.6606
15.3154
12.1751
15.3154
13.7777
13.7745
11.9619
7.23366
11.9619
8.96056
9.60787
18.5859
11.5674
17.3119
16.5209
18.5859
18.8156
11.8178
16.9106
16.582
18.8156
21.0095
18.1466
20.6325
18.0583
21.0095
22.7742
17.3171
20.1868
20.8609
22.7742
23.4691
17.8573
19.2859
23.4484
23.4691
13.1639
12.7776
13.1639
11.5099
11.5387
