4.96342
0.0807439
0.445248
0.117921
4.96342
3.51578
0.603116
0.164167
3.51578
0.200084
2.84677
1.45014
1.24225
1.35704
2.84677
3.77932
2.86689
2.82727
3.77932
3.67156
1.3995
1.3995
1.31876
1.38927
1.27099
7.50019
7.50019
7.08502
7.41992
7.02247
11.1857
11.1857
10.8065
11.1112
10.7756
5.99956
3.29524
2.73229
5.99956
2.9016
2.85154
1.76988
1.84501
1.74158
2.85154
9.53093
9.29794
8.89741
9.53093
8.88032
3.43555
1.07805
1.24902
1.06315
3.43555
9.99973
9.73927
9.88281
9.76307
9.99973
13.9305
13.1993
13.1555
13.6121
13.9305
14.7193
14.6788
14.1036
14.7193
14.0702
3.61318
0.96596
0.377754
3.61318
0.360975
9.71936
9.64464
9.06833
9.71936
9.06337
6.2004
6.14117
5.82167
6.2004
6.11815
8.84179
8.40025
8.0215
8.84179
7.96065
4.83126
2.16403
1.7709
4.83126
2.13454
9.8144
9.80907
9.73123
9.8144
9.68077
7.97219
7.81285
7.91388
7.76826
7.97219
16.6541
15.6793
15.26
16.6541
15.3704
5.94989
5.13739
5.19813
5.12143
5.94989
9.45095
8.92607
8.8624
9.45095
8.83397
9.88641
9.77253
9.88641
9.77159
9.86727
14.5404
13.8669
13.9268
14.5404
14.517
24.8761
24.7999
24.8761
24.7631
24.8491
12.9291
9.69652
9.24401
12.9291
9.62546
8.34119
8.34119
7.96518
8.30516
7.83201
4.81173
4.457
4.62662
4.60141
4.81173
14.98
14.98
14.7411
14.8955
14.6881
16.6309
15.9249
15.9155
16.6309
16.5738
13.3328
11.8376
11.8539
13.3125
13.3328
13.9222
13.9017
13.9041
13.9188
13.9222
3.1997
0.483709
0.716589
0.46736
3.1997
11.1672
8.41776
8.61343
9.23702
11.1672
5.75287
5.66182
5.75287
5.66959
5.72699
9.85393
9.82001
9.83627
9.82896
9.85393
15.8947
13.7947
13.8912
14.6399
15.8947
7.52934
6.57445
6.33988
6.53137
7.52934
3.58641
2.68651
2.8422
2.66964
3.58641
6.83304
3.80852
3.97204
3.86725
6.83304
5.37423
0.566075
0.568638
3.57888
5.37423
1.04211
0.185621
0.175562
0.857918
1.04211
15.1846
13.9956
13.9467
15.0653
15.1846
9.24042
6.85728
6.74916
9.24042
9.16349
13.9106
13.9106
13.8423
13.8734
13.8383
13.1983
13.173
13.1834
13.1593
13.1983
