4.97509
0.0834803
4.97509
0.875644
4.95142
7.7834
4.81739
0.0739502
7.7834
1.79334
8.20904
0.151321
3.97409
4.00378
8.20904
4.25089
3.71581
3.70955
4.25089
3.30101
9.35805
2.03898
0.255523
9.35805
6.53692
8.90152
2.7342
0.338845
8.90152
8.18612
12.3473
2.07717
0.292578
12.3473
11.3325
7.41302
5.76155
2.92756
7.41302
4.94857
8.435
0.212748
3.79058
5.28371
8.435
13.7591
3.13608
0.312279
13.7591
11.6296
4.39847
0.523903
4.39847
2.21232
4.2186
13.2139
0.570539
2.82533
12.216
13.2139
18.5386
0.319642
3.42769
17.1217
18.5386
12.9675
4.18745
0.22741
12.9675
12.3061
4.77527
4.77527
0.0691931
4.53009
1.58442
8.75653
7.03448
3.09149
8.75653
8.44795
12.5879
3.18106
3.16203
12.5879
11.6899
11.7121
5.59155
2.73499
11.7121
9.10585
6.42132
4.94572
2.58579
6.42132
6.19543
10.6592
2.081
5.46922
10.4745
10.6592
10.9247
0.78456
4.49929
8.23184
10.9247
16.4179
4.20891
0.255935
16.4179
14.8773
9.09051
3.55072
5.45207
8.50987
9.09051
13.1889
2.52199
2.40902
13.1889
11.7217
12.9003
1.28326
2.63817
12.8058
12.9003
14.8802
1.67853
3.98827
14.8802
13.8979
16.4819
3.50315
3.59627
16.455
16.4819
9.9213
6.83174
3.48364
9.9213
8.65425
12.6699
1.13107
3.37754
11.1088
12.6699
10.5341
1.53727
3.1307
9.7114
10.5341
14.8915
4.58681
3.40863
14.8915
14.0534
15.8331
0.801585
0.283508
15.4582
15.8331
12.3436
0.222812
0.235855
12.3436
12.0364
12.4149
2.23064
3.96117
12.4149
11.6396
7.32329
0.120437
4.3411
2.83909
7.32329
12.6174
0.259284
4.63582
10.3443
12.6174
9.5687
3.48479
4.14839
9.5687
9.01248
8.91089
0.208514
0.191355
8.91089
8.76884
12.9048
4.0182
7.34855
12.4261
12.9048
11.6546
0.421788
4.01077
10.4263
11.6546
8.58641
0.476742
4.0207
6.60786
8.58641
8.64797
3.51721
7.80988
5.49106
8.64797
8.61723
4.81801
4.97509
8.61723
7.14504
8.07723
3.09879
2.63736
7.0348
8.07723
14.853
3.91618
3.6749
14.853
14.8205
12.0003
6.12969
5.99209
12.0003
11.4867
11.7676
2.83302
2.88426
11.7676
11.4698
13.2985
0.261306
0.240213
13.2985
13.1211
