2.95817
2.8943
2.95817
2.1415
2.83981
9.42495
9.42495
4.77884
9.38086
3.79114
8.28079
4.02198
6.29236
3.88343
8.28079
3.93857
3.93857
3.16696
3.86476
3.87223
15.0749
9.17032
14.65
15.0749
13.3909
11.6908
7.49415
7.41261
11.6908
8.32386
13.0427
9.99199
8.31362
13.0427
10.9554
7.90248
7.30365
4.80486
7.90248
4.73358
12.3215
5.00273
12.3215
7.33583
10.1156
14.7948
12.0887
9.70192
14.7948
10.8002
4.34432
3.54586
3.95621
3.44606
4.34432
16.2296
8.9429
16.2296
12.669
15.9005
15.8142
12.2204
12.5986
13.6683
15.8142
18.702
14.1953
9.90895
18.702
17.3978
4.45157
4.45157
3.05132
4.43295
2.51543
11.4723
9.10244
7.39142
11.4723
9.8179
14.9007
9.7017
13.9811
13.6596
14.9007
13.2044
11.7053
8.22442
13.2044
8.5947
10.2159
6.17001
10.2159
6.97432
8.75862
15.677
10.6883
12.4043
10.1207
15.677
13.1584
9.44807
13.1584
9.84459
12.4429
18.0638
14.1012
9.34244
18.0638
14.4171
16.9744
9.69811
16.9744
13.5068
15.5006
15.6489
9.38323
14.8432
15.6489
15.286
16.1997
9.0318
16.1997
16.0854
15.5484
16.9593
11.4013
12.987
14.9677
16.9593
21.5476
11.0145
9.99052
21.5476
21.3763
11.7608
11.7608
7.52732
10.7824
9.61294
22.9229
7.21627
12.952
10.0116
22.9229
23.9301
7.95005
23.9301
15.8217
19.9576
15.7025
13.1313
8.49268
15.7025
13.3176
16.2461
11.8906
9.97587
16.2461
16.0985
14.8536
13.0817
10.828
14.8536
14.6917
16.3029
8.57201
15.1567
13.4372
16.3029
7.79116
4.88193
7.79116
4.53541
7.08443
15.7068
13.5233
15.7068
9.95046
14.7311
16.291
13.6684
16.291
14.3375
16.2468
9.82347
7.7515
6.64913
9.8133
9.82347
17.6309
12.8687
14.2966
14.8465
17.6309
17.193
9.59962
17.193
10.8065
15.9907
15.6825
6.47493
15.6825
11.1783
12.5261
9.24795
7.20895
7.89825
5.27934
9.24795
12.2934
10.0953
12.2934
10.8301
10.7176
16.031
10.5872
16.031
11.8364
15.1967
15.315
13.4463
11.3049
15.315
12.9736
14.6792
13.2553
14.6792
14.2261
13.5424
15.2369
10.7538
13.3341
14.5392
15.2369
13.6095
11.1809
9.39917
13.6095
13.5841
