4.94492
2.9363
4.78916
3.55153
4.94492
9.83164
9.83164
7.31699
9.23805
8.0936
7.69424
6.25685
7.69424
7.43807
7.61157
4.09918
4.09918
4.07568
3.18594
3.31404
12.62
10.2995
12.62
11.7153
12.3809
9.56776
9.20659
8.60139
9.51155
9.56776
11.484
9.63601
11.2637
11.484
11.233
7.41858
7.41858
5.83142
6.10418
6.05581
12.0916
10.3687
12.0916
11.1938
11.5403
12.8697
11.183
12.4204
12.8697
12.7076
4.81022
3.54655
4.67378
4.54492
4.81022
15.3403
15.3403
15.317
15.2341
14.2387
17.0889
12.369
15.7581
13.2813
17.0889
13.7147
12.4205
12.3477
13.7147
12.5447
4.63009
4.583
3.83644
4.58055
4.63009
12.4101
12.336
11.4453
12.4101
9.73341
15.7752
13.555
14.663
14.8441
15.7752
12.3572
12.2695
12.2754
12.1548
12.3572
10.7533
10.1958
10.7533
10.588
9.88671
14.946
11.72
12.4435
11.9357
14.946
12.5592
10.7472
12.5592
11.9685
12.4492
18.0379
13.0288
17.3161
18.0379
17.3052
21.3451
17.3211
21.1021
19.3449
21.3451
20.8608
20.8608
18.3365
19.4663
18.2728
21.7194
21.6376
21.1986
21.7194
21.1793
22.1514
14.5437
17.2439
18.1473
22.1514
20.4787
14.5796
17.4281
20.4787
20.4236
12.0034
11.0814
9.3063
12.0034
10.343
14.4025
13.4815
13.9741
14.4025
14.3898
17.1736
16.8801
16.6366
17.1736
15.8621
17.3136
14.228
16.3901
15.5982
17.3136
16.4835
12.5481
15.4868
16.4835
16.3502
11.7639
10.6662
10.7052
11.7084
11.7639
17.9757
15.8016
17.9757
16.2034
17.1485
8.55773
6.24066
8.55773
7.61249
7.89568
15.4122
10.6661
15.4122
11.0437
13.6598
23.373
20.1277
22.7133
22.8584
23.373
9.76507
7.49719
9.1909
9.76507
9.75408
15.9733
12.6212
15.9733
13.5978
15.5725
16.1154
13.2844
16.1154
13.9709
14.2699
14.4653
13.1779
14.4653
13.9319
14.0194
10.8871
8.29827
10.8871
9.48847
10.5653
21.1887
14.5174
19.7979
18.6513
21.1887
20.2282
14.313
18.5018
18.4492
20.2282
22.1579
18.7059
21.7394
17.954
22.1579
22.8459
19.9578
22.8459
21.1688
22.3555
23.5838
20.3616
21.5807
23.5838
23.5339
12.5794
8.9939
12.0336
12.5794
12.5034
