4.88641
0.234446
4.88641
0.574253
4.58199
8.85851
3.49054
1.00773
8.85851
0.641946
8.30288
0.75209
7.96068
1.86734
8.30288
4.00881
3.99592
3.70666
4.00881
3.94512
14.6364
1.25737
5.4823
14.6364
8.53535
9.36852
6.23835
5.85019
9.36852
6.91189
13.4411
10.2591
9.82842
13.4411
11.4254
7.82806
5.87526
3.17669
7.82806
3.16838
13.6782
1.0724
13.6782
5.96654
13.4546
12.9004
9.48311
8.72069
12.9004
9.63224
5.15236
1.02662
4.98931
1.26155
5.15236
15.0804
6.95463
14.0571
10.718
15.0804
19.9298
10.8575
13.7317
15.7656
19.9298
15.5191
15.5191
13.2738
14.2735
12.1763
4.40912
3.61748
0.436291
4.40912
0.429409
8.86799
8.77836
5.74729
8.86799
7.10737
14.5424
4.39384
8.52609
13.2106
14.5424
13.4469
8.76019
7.00083
13.4469
7.40135
7.76343
4.78154
7.76343
5.65242
7.50883
13.7059
5.30459
12.0339
7.18871
13.7059
14.6408
6.62676
14.6408
7.66081
14.1191
19.125
13.4398
11.7502
19.125
16.0849
14.938
4.06739
14.4325
13.9662
14.938
12.009
7.25554
8.58033
12.009
10.1604
14.0065
7.39472
11.4179
14.0065
12.0118
17.7631
8.6918
14.504
13.1224
17.7631
17.2492
11.8414
12.4872
17.2492
16.928
12.3646
12.3646
9.32755
11.9976
8.99396
14.3707
4.09378
11.6047
9.55865
14.3707
13.9965
4.14774
12.9
11.5861
13.9965
20.909
12.7475
11.6022
20.909
12.6728
19.8923
12.9042
12.9323
19.8923
17.6082
14.9058
14.702
14.9058
13.1169
13.0301
17.2324
7.54383
16.2162
11.1454
17.2324
9.52948
0.667222
9.52948
1.05327
9.22259
17.8939
9.89885
17.8939
9.4046
13.7248
14.8516
5.98942
14.2263
14.1841
14.8516
9.74984
8.82565
8.70768
9.74984
9.68802
17.7131
12.1368
17.7131
12.3496
15.3932
17.5764
6.16346
17.5764
9.54099
14.5702
15.1533
1.73351
12.7621
8.20154
15.1533
12.2493
3.82542
12.2493
3.81491
10.3128
14.8541
3.49102
12.1386
14.8541
11.2746
14.3317
1.18853
14.3317
12.9762
12.863
18.8236
13.6034
13.7847
18.8236
15.9725
15.899
9.16941
14.7502
15.899
14.7665
15.9881
11.0846
13.9504
13.0421
15.9881
14.5039
12.3622
12.4007
14.5039
14.3216
