3.96241
3.52832
3.96241
3.72099
3.37313
8.94298
8.33409
8.74375
8.33411
8.94298
7.59778
4.73024
7.18508
5.58324
7.59778
4.07421
4.07421
3.43068
4.05673
3.86763
15.9635
8.07436
15.9635
7.91726
15.5771
10.9618
10.0256
6.59307
10.9618
10.5868
12.7537
11.3929
10.348
12.7537
11.7922
6.58986
6.52197
4.93382
6.46426
6.58986
13.4274
5.88794
13.4274
6.0759
12.8302
14.7468
12.8281
9.10265
14.3815
14.7468
4.99108
4.16999
4.55017
4.69093
4.99108
18.1122
13.3654
17.4015
14.3611
18.1122
16.9491
15.6112
16.3293
16.9491
16.7237
18.2612
17.8389
13.9533
18.2612
13.3208
4.68567
4.34979
4.2996
4.68567
4.63227
13.7269
11.9291
7.36675
12.9139
13.7269
13.244
10.421
13.244
12.7053
12.4053
13.693
12.6209
8.20004
12.8491
13.693
9.01198
5.4091
9.01198
5.88433
8.64734
16.2861
13.517
15.9599
14.9901
16.2861
15.1
11.056
15.1
13.0389
14.7565
21.1206
21.1206
13.4933
19.9767
16.3767
17.8894
10.1971
17.8894
10.3736
16.821
13.7936
11.1195
11.4549
11.9599
13.7936
14.0515
12.491
13.5593
12.7666
14.0515
18.3287
15.3383
16.0341
17.7074
18.3287
24.5113
22.6476
18.9543
24.5113
20.9445
11.8795
11.8795
7.94313
11.8293
10.0539
14.9024
8.96815
13.6834
11.138
14.9024
17.2725
8.57602
17.2725
9.24897
16.139
16.1694
16.1694
13.1696
15.5503
15.0267
18.3488
18.3488
15.1269
17.6084
14.7875
14.6261
14.6261
11.9757
13.2687
11.2878
24.8997
15.1526
20.1009
16.9731
24.8997
9.44127
5.06962
9.44127
5.74623
8.16575
16.4185
11.7375
16.0431
14.2783
16.4185
17.2578
13.7058
17.0191
13.8996
17.2578
9.87867
9.76783
8.43225
9.87867
8.58193
19.4273
18.3866
19.4273
18.1367
19.0155
17.7513
9.39127
17.7513
11.0645
17.6845
16.4632
6.61515
16.4632
6.68065
14.3135
11.5396
7.70097
10.1665
9.25362
11.5396
15.1082
9.03596
15.1082
9.04547
14.9569
18.2637
8.32454
18.2637
9.18766
16.5414
18.3838
18.3838
14.3987
16.8279
15.9287
15.8731
14.6033
15.8222
13.8478
15.8731
17.2747
14.9669
12.9891
17.2747
16.0942
14.6271
14.5639
12.1003
14.6271
12.4405
