4.78654
0.574253
4.47109
4.76832
4.78654
9.73929
4.45384
1.04287
9.73929
9.70541
8.5502
1.35128
7.61724
7.71753
8.5502
4.11315
4.11315
4.1114
3.63585
3.48209
11.0803
1.99776
4.94146
11.0803
10.4556
10.1085
6.65687
6.54042
10.1085
8.29539
12.5947
10.5288
10.2175
12.5947
11.7525
7.57213
6.1398
3.25897
7.57213
5.32094
13.4159
1.13175
13.2621
11.0583
13.4159
12.6659
10.198
9.42273
12.6659
10.3911
5.11514
1.19769
5.11514
4.5734
4.90177
16.4294
6.88489
13.5238
10.8525
16.4294
16.7733
11.0713
13.2239
15.2339
16.7733
15.4147
15.4147
12.9543
14.7229
13.8885
4.57015
4.28979
0.51315
4.57015
4.55442
9.43492
8.7193
5.41336
9.43492
8.56077
13.704
6.25346
8.58347
12.6531
13.704
13.1986
8.77193
6.73633
13.1986
10.3135
9.2589
5.18392
8.46448
9.1918
9.2589
12.4008
6.57268
12.4008
9.42566
12.2679
15.0552
6.96194
15.0552
11.4622
14.7972
20.0719
14.0228
11.6674
20.0719
16.9913
16.3739
4.24069
14.1493
15.3077
16.3739
13.2351
6.83729
7.96844
13.0214
13.2351
15.4778
6.60964
10.7297
15.4778
14.0073
18.3686
9.13398
14.9659
14.7837
18.3686
21.2859
11.5112
12.1304
21.1824
21.2859
12.7215
12.2914
9.16186
12.7215
12.3052
13.0205
4.85047
11.699
10.8469
13.0205
12.8538
3.81454
12.5855
12.3836
12.8538
17.4651
12.1596
11.0229
17.4651
16.0596
17.9262
12.5424
12.4355
17.9262
17.1554
14.3494
14.0702
14.0619
14.3494
14.3267
18.1123
7.661
16.2345
14.5348
18.1123
9.96146
0.984662
9.92993
8.76332
9.96146
18.9084
10.4845
18.9084
11.4279
15.417
20.6828
6.07856
14.0833
19.455
20.6828
9.84703
8.28825
8.2688
9.84703
9.82035
18.1102
11.6969
16.8596
15.4287
18.1102
17.7726
6.62328
17.7726
11.077
15.1066
12.6871
1.75397
12.5481
9.87888
12.6871
12.7882
3.71904
12.025
11.016
12.7882
19.1536
4.83759
11.2637
16.7789
19.1536
20.7408
2.89781
12.7882
20.7408
18.3777
20.4756
13.6326
12.9919
20.4756
19.9961
19.7506
9.72168
14.0945
19.7506
19.6824
20.3265
10.8998
13.23
20.3265
20.1455
14.4446
11.9802
11.9177
14.4446
14.3453
