4.97509
0.403069
4.97509
3.54971
4.82696
9.94722
4.16848
0.994912
9.94722
8.49862
7.96404
1.45745
3.82886
7.89194
7.96404
3.97353
3.72426
3.97353
2.78705
2.89052
13.0889
1.68382
1.85694
12.7281
13.0889
10.0547
8.07219
6.99297
10.0547
9.52734
12.3001
12.3001
11.6019
10.817
10.536
5.85653
5.75599
3.14444
5.85653
5.67117
12.4342
2.41946
4.70152
12.4342
11.2879
12.0159
7.57652
6.64191
12.0159
10.7395
4.78094
1.00236
3.4187
4.67321
4.78094
13.2143
8.40044
9.90132
12.3954
13.2143
16.504
6.20634
8.67198
16.504
16.4678
14.317
8.18451
5.21955
14.317
13.3194
4.63533
3.54315
0.783613
4.63533
4.61656
9.00462
7.65933
5.21777
9.00462
7.86157
14.9444
5.4915
5.17367
14.6975
14.9444
12.4307
4.72481
2.76424
12.4307
11.3013
10.2979
4.79599
3.5146
10.2979
9.93559
10.8806
4.89453
7.14761
9.96065
10.8806
14.0974
8.06272
10.9116
12.3473
14.0974
20.5197
11.7984
8.78132
20.5197
19.6241
20.1198
6.22861
8.5741
20.0418
20.1198
11.9771
7.14419
6.3038
11.1837
11.9771
14.8814
8.05958
9.3138
14.86
14.8814
19.0797
9.7572
11.9383
16.912
19.0797
18.1448
13.7443
13.3769
18.1448
17.1873
11.8967
6.8313
3.37859
11.8967
10.9982
13.4844
4.35317
5.02801
13.4844
13.0227
14.5947
4.99997
6.45227
14.5947
14.0655
16.978
6.11425
5.90062
16.7131
16.978
17.3851
12.1748
12.0755
17.3851
17.3035
13.3764
8.2506
8.25033
13.3764
13.2422
14.425
9.46383
9.886
14.425
14.0838
8.91663
1.2034
4.26917
8.66318
8.91663
14.2399
2.5708
6.10019
12.9052
14.2399
24.9083
7.1824
8.36499
24.9083
24.5274
9.9494
9.84125
9.9494
9.37001
9.32817
14.6877
7.83254
10.4157
14.6877
14.5482
13.7224
3.10802
5.70696
13.7224
13.3281
14.4085
2.84629
5.14685
14.4085
13.6756
12.2486
3.83934
6.44416
10.8457
12.2486
23.0209
4.66197
5.39727
23.0209
22.9696
22.5423
3.59727
3.37307
22.5423
22.367
24.2601
8.18486
8.22406
24.2531
24.2601
24.6052
5.25348
5.05318
24.4813
24.6052
23.9452
13.3087
13.1782
23.7829
23.9452
14.6465
14.6465
14.5992
12.751
12.3858
