4.60297
1.1021
4.34253
2.69358
4.60297
9.02908
2.02851
1.72341
9.02908
4.84357
8.02119
2.56645
8.02119
4.95402
7.63008
3.72766
0
1.04129
3.72766
3.6991
11.2459
4.35871
10.0121
11.0902
11.2459
11.342
6.44359
5.85614
11.342
8.72198
13.8543
10.691
10.5611
13.8543
12.4019
7.30236
2.57173
1.59789
7.30236
5.79847
13.7654
3.83125
13.7654
8.04331
12.951
15.5359
10.5819
9.85894
15.5359
9.93655
4.97246
1.52716
4.97246
2.93198
4.83025
15.9343
9.65492
15.2437
12.1291
15.9343
15.0703
10.5739
12.3274
14.6129
15.0703
17.5196
8.04216
7.92393
17.5196
16.0321
4.61729
1.57369
1.0808
4.61729
2.18594
11.6957
5.20016
4.61883
11.6957
9.13197
13.676
6.5793
12.8552
12.3998
13.676
13.4489
5.04185
3.98419
13.4489
9.03407
11.1359
4.75063
9.23659
9.03065
11.1359
14.0751
5.17406
11.9194
11.4148
14.0751
14.566
7.02666
14.566
10.2185
13.7878
19.7624
12.0407
11.8461
19.7624
16.1633
17.1553
5.82522
17.1553
11.0327
16.8215
12.1324
8.47371
9.77277
11.9054
12.1324
13.6722
10.9944
12.5352
12.5166
13.6722
18.2214
11.9358
14.8302
16.2496
18.2214
23.2925
13.3038
12.9672
23.2925
23.2623
12.5853
2.6037
2.55705
12.5853
10.7506
14.5825
5.64003
13.1275
11.8701
14.5825
18.0917
7.25198
18.0917
11.4568
16.862
17.1316
9.99929
9.71083
17.1316
14.2832
18.8448
15.7017
14.2496
18.8448
17.7362
14.749
13.2082
13.0546
14.749
14.749
18.7051
10.2203
16.3996
14.199
18.7051
9.46272
2.30218
9.46272
5.18052
8.8163
17.1073
7.08407
12.15
11.1975
17.1073
17.3721
5.8899
15.8386
13.5539
17.3721
9.85756
9.0043
8.76584
9.85756
9.85756
21.8852
12.8862
14.8124
16.1611
21.8852
21.9145
6.08288
17.2206
10.0657
21.9145
17.9395
4.51159
17.9395
8.07121
16.3416
12.466
2.11899
8.16619
8.97534
12.466
12.0902
3.28766
11.1096
11.1517
12.0902
13.8183
3.99638
13.0815
11.4607
13.8183
17.6568
11.5162
11.4302
17.6568
15.9971
15.4693
4.08804
13.5135
14.8382
15.4693
18.2687
10.5904
12.9831
18.2687
18.0694
14.6106
12.8262
12.6407
14.6106
14.5194
