4.97509
0.898026
4.97509
3.52049
3.63225
9.95681
9.95681
2.13848
8.50222
8.50222
7.7232
2.07505
7.67973
7.62019
7.7232
3.71717
3.71717
3.67719
3.19616
3.18931
12.5948
5.23128
2.3151
12.5518
12.5948
10.6088
10.6088
6.53411
9.86239
9.56429
12.7164
12.7164
11.2225
11.2428
10.8681
6.72092
6.72092
2.89553
5.89061
5.43558
11.1811
4.11944
7.77564
11.1794
11.1811
12.9455
12.7836
10.0578
12.9455
10.7859
4.80619
1.5375
4.80619
4.59022
4.66798
14.1552
10.0055
12.4556
13.5344
14.1552
17.3273
10.3308
11.8704
16.1584
17.3273
15.0869
9.03153
7.51755
15.0869
13.4409
4.59615
4.59615
1.4657
4.57967
4.57939
10.9938
8.25137
4.70234
10.9938
8.0866
14.4801
9.27825
7.76223
14.4801
14.4643
11.856
9.98657
3.81357
11.856
11.207
9.9025
5.47784
7.04991
9.87944
9.9025
13.5179
4.89216
10.3502
9.7749
13.5179
14.4328
7.90663
14.1853
11.5865
14.4328
20.4941
15.2169
13.6417
20.4941
19.4739
20.0739
10.9348
11.7296
20.0355
20.0739
11.6194
8.05751
9.40461
11.6194
10.9078
14.3081
11.4322
12.0345
14.2531
14.3081
20.8593
14.1883
15.3872
18.4193
20.8593
22.3268
15.6327
15.6531
22.3268
22.288
11.0997
8.49475
4.91911
11.0997
11.0797
13.3019
5.23831
7.83314
12.8695
13.3019
14.4814
7.45143
9.76101
14.3401
14.4814
16.7377
10.3637
10.3731
16.7359
16.7377
17.2945
17.2945
17.2838
16.5232
16.5128
13.2392
13.2392
13.2385
12.554
12.5516
17.4472
10.9029
14.1514
14.9856
17.4472
8.99305
2.23601
8.99305
7.86909
8.01203
15.2411
7.03411
11.2592
12.4512
15.2411
24.2392
11.8722
12.0968
24.2355
24.2392
9.86744
9.86744
9.86744
9.86682
9.8566
17.3844
12.6817
15.4517
13.7887
17.3844
13.5613
6.61905
10.1163
12.5415
13.5613
13.5692
5.22976
8.57447
13.5462
13.5692
12.9399
3.85556
12.9399
10.6301
10.9736
21.5811
10.1974
8.52228
21.5811
21.5811
21.2837
9.10225
8.96267
21.2837
21.2837
24.62
13.9951
13.779
24.62
24.6008
24.6061
10.8512
10.8417
24.6061
24.5947
24.1457
15.8642
15.828
24.1449
24.1457
14.7377
14.7377
14.7364
13.2125
13.2099
