4.97509
4.97509
4.97509
2.84748
4.97509
9.95681
9.95681
9.95681
9.95681
5.79337
7.82137
7.82137
7.82137
5.94806
7.67427
3.78059
2.77943
2.77948
3.78059
3.76229
12.1381
12.1381
12.1381
9.43226
8.86344
9.87173
9.87173
9.81073
9.39536
9.34213
11.1697
11.1697
11.1641
11.0227
11.0138
6.69281
6.36702
6.36702
6.69281
3.2373
11.8274
11.8274
11.8274
6.8618
11.278
12.1514
7.89019
7.89019
12.1514
10.8662
4.90731
4.90731
4.90731
3.51412
4.79272
13.531
11.1136
11.5788
12.7556
13.531
15.0978
6.31064
6.97109
13.4711
15.0978
15.9552
7.20029
7.26619
15.9552
13.2877
4.6736
4.6736
4.64322
4.57876
2.95396
9.42922
7.06963
7.06963
9.42922
6.9313
12.8164
12.8164
12.701
9.36558
8.41132
12.2627
9.519
9.519
12.2627
7.51325
11.0578
11.0578
11.0578
7.2508
6.65578
10.893
9.88144
9.88144
8.12238
10.893
12.5996
12.4622
12.5996
11.9242
12.261
18.6247
8.68144
9.14829
18.6247
15.566
17.7564
17.7564
17.7154
14.4842
15.303
11.3579
8.46088
8.46088
11.3579
8.90082
11.5836
9.33675
9.33675
10.06
11.5836
19.4035
14.7134
14.7919
17.5204
19.4035
20.4992
12.2485
12.2601
20.4992
20.4985
12.5792
6.22927
6.36688
12.5792
9.38602
12.0187
11.9905
12.0187
9.87481
10.725
12.9482
12.9482
12.7968
10.459
10.5615
16.5996
9.02972
9.03246
16.5996
13.5404
16.6915
10.1805
10.1805
16.6915
16.4073
14.6361
5.75482
5.75482
14.6361
14.6361
14.788
14.1532
14.1532
14.5079
14.788
8.99685
8.99286
8.99286
5.8723
8.99685
16.2122
10.2206
11.107
10.4609
16.2122
22.3442
22.3442
22.3442
17.2484
17.114
9.85756
9.72851
9.72385
9.85756
9.85756
18.9117
10.7557
11.2586
15.4143
18.9117
13.7051
12.1983
12.6129
8.36034
13.7051
13.1145
13.0637
13.1145
7.58196
9.84177
12.8697
11.458
11.4581
5.40509
12.8697
24.8894
24.8894
24.8894
13.6292
15.1435
24.8897
24.8897
24.8897
14.2674
14.9097
17.6395
13.5518
13.2368
17.6395
17.2808
18.8617
18.8617
18.8617
14.2647
14.4348
22.4704
22.4149
22.4704
21.6132
21.6826
13.1198
12.7353
12.7355
13.1198
13.1159
