4.97509
2.78265
4.97509
2.79552
4.72759
9.46408
6.84544
5.65344
9.46408
5.60644
7.56845
5.82423
6.66184
5.97195
7.56845
4.12858
3.7783
3.79624
4.02455
4.12858
10.6475
10.6475
10.1842
10.6203
10.3914
10.3339
9.71383
9.26466
10.3339
8.7801
12.2505
12.0976
11.2264
12.2505
10.8608
6.62037
6.05109
5.00849
6.62037
5.03466
9.94129
8.17398
9.31821
8.36311
9.94129
12.8045
12.2995
10.7778
12.8045
10.7151
4.79171
3.41575
4.38424
3.43059
4.79171
13.1939
11.2632
12.0477
12.3477
13.1939
17.1112
16.1798
17.1112
14.1977
16.6548
16.4411
14.4466
13.8617
16.4411
14.0755
4.51429
4.204
2.92408
4.51429
2.91783
11.1376
10.8747
10.624
11.1376
10.6245
13.4049
13.3063
13.1878
13.4049
13.07
12.3357
11.7115
11.6398
12.3357
11.7336
8.70838
8.44711
8.25395
8.70838
8.23679
13.6002
12.9502
13.5146
12.9669
13.6002
14.5534
11.232
12.5986
10.8087
14.5534
20.4546
20.4546
19.6065
19.5226
16.8001
18.9821
16.7846
17.5066
16.9993
18.9821
12.1473
10.4939
12.1473
11.4428
11.0075
14.9618
14.318
14.9618
13.8404
13.8484
19.9812
15.244
15.8913
17.2475
19.9812
18.6489
16.156
16.1731
18.6084
18.6489
12.5455
12.2308
10.9863
12.5455
11.1769
14.1958
13.4192
14.1484
13.3691
14.1958
13.4073
12.2587
12.6633
12.566
13.4073
16.9825
16.4822
16.423
16.9825
16.9519
17.935
17.5007
17.4399
17.935
17.935
14.749
13.262
13.2613
14.749
14.749
15.5933
14.5427
14.8026
14.3613
15.5933
8.75484
5.74501
6.90338
5.80939
8.75484
17.6786
12.8006
15.3183
12.5214
17.6786
20.655
20.4484
20.655
19.6685
19.8929
9.85756
9.84419
9.84247
9.85756
9.85756
20.0797
13.1488
15.3453
15.6494
20.0797
13.9067
12.2374
13.9067
12.2881
13.7447
12.363
11.2079
12.1164
11.2612
12.363
12.7518
9.52386
10.7318
9.4064
12.7518
15.6984
14.8602
14.2313
15.6984
14.876
15.5491
14.7759
14.7644
15.4385
15.5491
24.8868
24.8868
24.8232
24.5132
24.4638
21.219
21.0103
21.009
21.1441
21.219
22.3513
22.3513
22.3126
22.1312
22.1136
14.7284
14.7269
14.7284
14.6648
14.6648
