4.97509
0.387223
4.97509
0.485965
3.64568
9.95746
9.95746
3.80832
7.72352
5.5687
9.4176
4.27046
7.67439
5.63017
9.4176
3.67706
3.66154
3.66154
3.67706
3.66154
17.0105
8.51349
6.7569
17.0105
11.8501
10.5238
10.5238
6.34089
7.25583
6.85638
12.3067
12.3067
10.8608
5.29596
4.04068
7.25474
6.63026
2.89553
7.25474
4.39595
12.6182
6.66924
8.20198
9.21475
12.6182
12.3039
12.3039
10.0012
10.6794
9.6459
4.80044
2.00349
4.80044
2.80214
4.52534
14.6215
10.2967
12.4795
10.6597
14.6215
16.7866
14.3781
16.7866
12.4657
15.2551
15.9039
15.9039
15.1411
14.2264
12.3399
4.61565
4.61565
1.69799
3.96614
2.5121
11.6568
11.6568
9.03245
9.30025
6.41651
17.1671
12.8423
13.6523
14.5798
17.1671
12.6772
11.334
10.3101
12.6772
10.6916
11.5491
6.8717
5.83778
11.5491
9.29245
12.4181
8.78124
12.4181
9.80446
12.2887
13.8708
7.61036
13.8708
7.41285
7.67813
18.9473
18.9473
17.1369
15.8531
13.142
15.4578
11.3072
11.3715
15.0218
15.4578
13.4244
11.9414
11.4355
13.0325
13.4244
14.9414
14.9414
13.0447
14.8962
14.5103
17.6723
14.873
17.6723
13.4173
13.0766
23.2801
23.2794
23.2801
14.0447
14.2181
12.1298
11.056
9.15975
12.1298
9.51766
15.4879
9.95745
13.0116
14.1298
15.4879
16.2555
10.5986
11.2847
16.2555
16.0538
18.3877
18.3877
16.0136
18.1645
14.8142
17.4754
17.4754
17.2721
8.35459
7.98421
13.3355
13.3355
13.3355
7.28854
7.30181
14.333
12.2823
14.333
10.9385
12.3295
9.03541
3.78039
9.03541
6.74103
7.4557
14.1117
10.3683
13.6951
10.2806
14.1117
16.6486
11.4386
11.8448
15.7825
16.6486
9.86668
9.86668
9.86668
1.08231
1.41611
17.6993
14.6142
17.6993
10.9161
13.8767
13.3758
10.2358
12.6756
11.7719
13.3758
13.681
9.63711
10.5261
13.0083
13.681
12.4046
7.40267
12.4046
7.98941
10.6168
14.6117
9.95715
10.1214
12.5124
14.6117
15.6564
9.62501
9.65112
15.2714
15.6564
19.8144
19.8144
19.7236
18.9216
18.7392
18.3151
15.773
15.826
18.3151
18.2205
15.7511
15.7073
15.7511
12.0125
11.9133
14.6648
14.6648
14.6648
1.47123
1.68123
