4.97509
0.725837
4.97509
4.95946
4.97509
9.95681
4.85046
1.62783
9.95681
9.95681
8.13342
2.02556
3.74925
8.13342
8.02231
3.68761
3.66154
3.66154
3.68761
3.63777
13.3759
4.15002
3.98296
13.1207
13.3759
10.2439
8.10707
6.77766
10.2439
9.49157
11.9149
11.9149
11.0464
11.0406
10.6368
6.42296
5.70069
2.89553
6.42296
5.78128
12.4023
4.3934
6.45564
12.4023
12.213
12.2228
11.1747
9.956
12.2228
11.2017
4.7961
1.316
3.41892
4.7961
4.78927
14.1879
10.6263
10.7766
13.689
14.1879
16.2506
10.1741
11.9387
16.2506
16.1417
15.4329
10.6982
9.60373
15.4329
14.2875
4.60088
3.54315
1.17868
4.60088
4.59206
9.2178
7.70763
5.93645
9.2178
8.52064
14.7455
8.48867
7.75608
14.6929
14.7455
12.098
6.32781
4.40999
12.098
11.3117
10.9797
5.14403
4.16123
10.9797
9.84974
11.1357
6.60344
8.13793
10.0504
11.1357
13.3084
8.0807
9.89092
12.0424
13.3084
19.8622
15.3803
13.1439
19.6059
19.8622
20.0069
7.96853
10.3023
20.0069
19.9917
12.5167
8.40528
8.06728
12.5167
12.0099
14.2874
11.1318
12.4443
14.2874
14.2809
19.8961
13.3607
14.7182
19.0091
19.8961
19.2339
17.4144
17.4081
19.2339
19.2262
12.2843
6.83501
3.6256
12.2843
11.2396
13.6872
6.57335
8.4864
13.2539
13.6872
14.2165
6.43442
7.89143
14.2132
14.2165
17.1843
12.1314
11.4251
16.922
17.1843
17.4796
17.2849
17.4796
15.7357
16.1512
14.6935
14.6935
14.6935
12.2048
12.1861
17.0343
12.3801
13.4384
15.23
17.0343
8.99286
1.84478
4.48136
8.99286
8.99286
14.504
7.22711
10.092
12.429
14.504
24.3132
8.32405
8.55099
24.3132
24.2442
9.85557
9.85557
9.85536
9.55551
9.50539
15.5947
13.0248
14.7101
14.9826
15.5947
14.6972
6.84137
9.27292
13.8182
14.6972
14.345
6.10784
8.54672
14.345
13.8224
12.0759
3.41719
6.55771
10.8465
12.0759
23.3431
9.00784
7.3337
23.0991
23.3431
23.2862
8.06168
7.40261
23.2862
22.4324
24.0112
15.761
15.3972
24.0101
24.0112
24.4806
9.1328
9.13704
24.4806
24.4762
24.0095
12.5338
12.5374
24.0095
23.9603
14.6751
14.675
14.6751
12.2553
12.2042
