4.24756
2.869
4.24756
3.75332
4.24018
8.46584
8.05346
6.12177
8.4518
8.46584
7.99262
6.3472
7.87408
7.77701
7.99262
4.01243
4.01243
3.93115
3.77031
3.75232
12.455
11.1358
10.628
12.4294
12.455
10.9924
10.1125
8.18938
10.9924
9.53914
12.9465
11.6605
9.84304
12.9465
11.2242
7.13891
7.13891
4.93322
6.6647
5.42894
11.4732
8.91918
9.94735
11.4471
11.4732
13.0828
12.7292
10.2029
13.0828
10.2127
5.01688
3.58078
4.82469
4.70087
5.01688
13.204
10.617
11.5791
12.3348
13.204
17.1292
12.0601
14.1901
16.0313
17.1292
16.431
16.431
13.3999
14.6337
13.3107
4.61559
4.613
3.36363
4.60334
4.61559
11.7063
11.3078
9.61052
11.7063
8.45189
14.3885
13.5759
13.4315
14.3645
14.3885
11.9646
11.8596
11.2939
11.9646
11.3212
10.329
8.78393
8.67075
9.69343
10.329
13.7348
12.5318
13.7348
9.84237
13.7004
14.9793
10.8938
13.9333
11.7612
14.9793
20.8057
15.7796
14.9541
20.8057
19.5872
20.3318
17.1818
18.8629
20.3318
20.1907
11.7223
10.6455
10.4416
10.9345
11.7223
14.3694
13.223
13.2055
14.3694
14.3196
17.8191
15.1827
17.106
15.9887
17.8191
17.5581
14.1989
14.0487
17.4951
17.5581
11.6835
11.6835
10.8897
11.5926
10.9831
14.1378
13.6636
14.1378
13.0667
13.2567
14.3097
12.5987
13.2736
13.8092
14.3097
17.213
16.3971
16.4851
17.0507
17.213
17.4708
13.1895
13.1439
17.414
17.4708
14.749
14.749
14.749
13.2953
13.2954
15.1511
14.2145
14.1372
14.6137
15.1511
8.58857
6.19616
8.44657
8.12063
8.58857
17.5085
12.4236
17.5085
12.3469
16.1544
24.2557
21.5961
21.5619
24.2268
24.2557
9.85494
8.86883
8.87387
9.85487
9.85494
17.8548
13.0295
17.8548
14.5852
16.7715
13.9352
12.3931
13.7028
12.8177
13.9352
13.8167
11.848
12.4873
13.6924
13.8167
11.83
9.87251
11.83
10.7925
11.773
22.079
16.5777
16.0609
21.6114
22.079
21.3797
16.1537
16.1123
21.3797
21.3346
24.1448
22.8962
22.8916
24.1448
24.1407
24.9043
22.8107
22.5406
24.9043
24.6587
24.892
22.1968
22.142
24.7574
24.892
14.9107
12.4944
12.4944
14.8656
14.9107
