4.25782
1.0347
3.76414
0.574253
4.25782
8.98182
8.04329
5.87395
8.98182
6.13877
9.30146
5.27501
9.08443
5.49596
9.30146
4.267
4.16672
3.98354
4.08682
4.267
17.0233
15.3414
12.1121
17.0233
14.3567
12.0282
12.0282
8.89287
6.61768
5.51357
12.4043
12.4043
11.1193
3.95451
3.37813
8.15967
7.81741
4.48301
8.15967
3.80304
14.0291
10.3589
12.0197
10.4232
14.0291
13.9611
13.9611
11.9719
10.3732
8.07462
5.12621
2.69952
4.87543
2.80843
5.12621
15.4243
13.4009
15.4243
10.8063
11.3151
15.3465
15.3465
14.9545
6.23201
11.4496
12.9605
12.9605
10.6173
8.37502
6.58284
4.26716
4.26264
2.43937
4.26716
2.82112
11.0593
11.0593
8.44689
7.45904
4.95598
17.1289
17.1289
12.8515
12.653
13.7513
12.6242
12.3197
9.6159
12.6242
7.29506
9.96918
8.70413
9.96918
7.69812
9.49666
14.0752
10.8801
14.0752
7.0235
12.9891
11.135
8.23168
11.135
6.87502
8.8394
16.9723
16.9723
14.5346
10.5639
6.42232
15.0596
14.4918
15.052
14.881
15.0596
15.2967
11.8313
15.2967
12.0573
9.53308
18.4648
13.1516
18.4648
13.3342
11.5333
18.8876
16.3077
18.8876
10.4193
12.5952
17.4998
17.4998
17.4525
6.84167
7.23425
9.40287
9.40287
7.30707
9.31629
7.46683
17.0245
13.8672
16.7291
13.3867
17.0245
16.3471
14.4564
15.0067
16.3471
14.2064
13.9452
13.9452
12.5951
11.0196
7.30461
14.6159
14.4109
14.6159
3.91625
3.23166
10.7956
10.7956
10.7781
1.59666
2.00163
16.9664
12.6868
16.9664
11.0557
13.2504
9.03411
6.28368
7.65342
6.26213
9.03411
13.9004
9.26459
13.9004
6.3986
11.8725
15.8859
14.8851
15.0496
15.8859
14.8594
7.57697
7.5448
7.57697
1.70282
1.59218
14.3559
12.1256
14.3559
6.01599
9.4962
15.4749
12.407
15.4749
11.9319
14.71
15.421
13.3965
13.0172
13.7888
15.421
10.1761
6.63015
10.0705
6.51836
10.1761
14.2099
13.5445
13.3772
14.2099
13.8962
17.0732
15.6079
16.0905
17.0732
16.3515
15.6518
15.6518
15.1989
10.5516
10.5697
16.1166
15.6636
16.1166
14.5664
14.3547
14.3119
14.2033
14.3119
10.7624
10.5498
11.7167
11.7167
11.6578
1.97802
1.90441
