4.31589
0.818193
3.50297
0.574253
4.31589
9.01287
7.13404
1.64997
9.01287
1.09978
9.96682
2.99076
8.35365
5.18351
9.96682
4.36056
4.15838
4.36056
4.21866
4.17622
16.5903
13.7201
7.32009
16.5903
10.0419
12.8019
10.9184
8.43404
12.8019
6.91038
13.7055
13.6949
11.7711
13.7055
10.9372
8.02916
7.71467
4.30699
8.02916
3.60349
13.5132
6.46246
11.7296
8.92397
13.5132
16.5194
14.2899
11.9473
16.5194
10.1673
5.00362
1.78407
5.00362
2.50388
4.74269
15.5224
11.959
14.0996
8.98756
15.5224
17.6081
15.1606
17.6081
10.8528
13.5807
15.1508
15.1508
15.0371
13.9275
12.1841
4.26347
4.24792
1.42191
4.26347
0.748372
11.5728
11.5728
9.32463
8.4569
6.71384
14.2625
14.2625
12.754
13.9528
11.0817
13.5073
12.8504
9.20546
13.5073
7.807
9.96289
6.8578
7.58221
5.7427
9.96289
16.0367
10.7301
16.0367
7.2325
11.5185
13.8366
8.1245
13.0328
7.44566
13.8366
16.77
16.77
15.3234
15.1028
11.1339
14.999
12.3671
14.999
13.3725
14.4801
14.1687
14.1687
13.5076
10.5271
10.6776
14.4958
14.4561
14.4958
10.4616
13.8881
16.9399
13.9852
16.9399
11.115
13.166
21.0573
20.904
21.0573
11.2163
11.2288
11.5338
9.62618
8.21169
11.5338
8.74872
18.0748
10.2899
18.0748
13.0275
14.4859
14.9218
14.2437
13.668
11.8188
14.9218
15.3111
15.3111
14.0634
14.7358
11.2673
16.2569
16.2093
16.2569
12.1786
12.1723
13.5816
13.0073
12.918
13.5313
13.5816
18.0207
13.1306
18.0207
10.3248
15.6371
8.33394
1.97682
7.64491
5.48431
8.33394
16.4791
9.80111
14.2213
9.95396
16.4791
14.5365
13.4467
13.3204
14.5365
13.8243
8.8378
8.59177
8.8378
8.11395
8.56363
17.7988
13.6939
17.7988
11.4835
15.2773
16.3196
8.77322
16.2112
11.4758
16.3196
14.7952
9.56152
12.085
12.8968
14.7952
11.0044
3.9969
9.37776
6.08603
11.0044
13.9699
12.1087
9.44247
13.9699
11.2252
14.6941
12.3153
11.6639
14.3055
14.6941
15.4667
15.4667
15.2185
13.7047
13.7014
15.3712
13.8625
13.9041
15.1181
15.3712
13.6032
13.5067
13.6032
11.5433
11.9608
13.3057
13.3057
13.2168
11.5498
11.5534
