4.97509
0.582099
4.97509
4.97509
4.97427
9.95681
4.22958
1.10344
9.95681
3.78664
7.98939
1.1934
4.38537
3.16742
7.98939
4.97405
4.97405
3.81895
3.0885
3.55653
6.08356
2.97526
2.10576
6.08356
4.39664
8.35047
7.98275
8.34645
7.62742
8.35047
11.7903
11.5333
11.7903
8.92553
9.38761
6.84704
5.59348
4.0599
6.84704
5.47452
8.01114
2.7672
5.05801
4.79977
8.01114
12.8744
11.4876
10.2695
12.8744
11.195
4.83102
1.21567
3.62279
3.62961
4.83102
12.7859
10.0523
10.8332
11.7767
12.7859
14.7432
9.9326
11.0016
13.3041
14.7432
13.8205
8.12958
6.35032
13.8205
12.6226
4.58011
3.64618
0.968258
4.58011
3.58301
9.76976
7.47602
6.32897
9.76976
8.46506
11.5167
7.34714
6.97952
11.5167
11.0911
12.4808
4.95295
2.84908
12.4808
9.30414
7.55971
5.89828
4.65622
7.55971
6.69208
12.6516
6.17465
7.23726
10.6513
12.6516
10.1621
7.01597
9.86268
6.8606
10.1621
16.2977
12.8278
9.98671
16.2977
13.1905
11.4543
5.99237
8.97517
8.14847
11.4543
11.544
8.2711
7.67215
10.4166
11.544
14.235
9.24377
10.2658
11.657
14.235
15.389
10.4101
11.6165
13.1665
15.389
14.5903
11.8586
12.1127
14.2418
14.5903
10.1356
6.27106
2.96652
10.1356
9.45427
9.65555
5.36981
5.26255
9.50665
9.65555
11.9906
6.35755
8.57506
8.85936
11.9906
13.6084
8.87364
8.3127
13.6084
12.4743
13.3475
13.2872
13.2057
13.3475
13.3207
11.7267
11.0703
11.0418
11.7267
11.495
13.0293
8.71632
9.03849
9.10086
13.0293
9.12711
1.71811
4.30017
3.39981
9.12711
13.8355
4.89672
7.43455
9.45993
13.8355
9.86456
7.00188
8.03463
9.21321
9.86456
7.97871
7.76995
7.97871
4.98142
5.03449
14.4678
10.2663
11.9522
10.7271
14.4678
12.2068
5.95114
6.84212
9.72882
12.2068
9.13765
3.36277
6.39153
6.03894
9.13765
11.2485
3.01575
5.8692
5.14116
11.2485
10.978
5.28873
5.62797
10.978
9.55876
10.1285
3.64257
3.16647
10.1285
8.93714
15.106
9.86989
9.68753
15.086
15.106
12.5793
4.81009
4.68517
12.5793
12.3423
11.746
11.4044
11.746
9.51536
9.71736
11.8829
11.8364
11.8829
8.42578
8.39013
