4.90143
0.659577
4.90143
0.574253
4.26429
8.92609
6.88037
2.3483
8.92609
1.80297
8.99673
4.79974
8.67315
4.19843
8.99673
4.27767
4.27767
4.12852
3.18818
3.70533
18.9315
14.2449
9.50826
18.9315
9.40763
15.9346
15.9346
8.26598
7.62944
5.03949
16.927
16.927
12.331
7.92509
7.12657
10.9496
10.9496
4.03136
8.42185
3.72828
14.9479
8.29462
11.0606
7.58925
14.9479
16.0254
16.0254
10.2308
15.8725
8.94302
5.22216
2.63423
5.22216
2.60451
4.88445
14.9429
13.5131
14.9429
13.2747
12.7662
18.1846
14.9618
18.1846
9.80202
13.3606
16.1088
16.1088
14.38
10.3988
8.16604
4.30289
3.78811
1.20565
4.30289
1.32141
11.1727
10.7011
11.1727
7.0144
4.51166
15.5103
14.4741
15.1843
14.7216
15.5103
12.8233
12.8233
9.32592
11.3484
6.87915
9.30377
8.25426
8.86965
8.05203
9.30377
14.591
12.6559
14.591
7.47468
10.6567
13.1551
7.34979
13.1551
6.48455
9.09609
18.6616
18.6616
15.7095
12.4735
8.43907
15.9782
15.1048
15.9782
14.8375
14.6352
13.7906
13.7906
12.5741
13.2857
11.1629
15.9628
15.9628
15.3322
13.786
12.9192
14.1801
13.4804
14.133
11.3841
14.1801
16.8942
16.8942
16.6019
8.83515
8.79654
11.4106
11.4106
9.07235
8.2367
5.90668
16.5688
12.0756
16.5147
11.4562
16.5688
16.7034
16.7034
15.6308
16.2454
15.5771
17.5163
17.5163
14.2879
13.3698
8.67432
17.6739
17.6739
17.2336
9.90175
8.74656
13.0184
12.8206
13.0184
8.64028
9.21121
15.4036
12.7125
15.4036
10.4484
12.3415
9.45188
5.14701
8.86291
4.36061
9.45188
13.5175
10.2466
13.5175
7.80277
11.4548
13.8711
13.5541
12.5207
13.8711
13.3332
9.40996
9.40996
9.40709
4.24735
4.3667
14.8559
11.447
14.8559
7.71651
11.9053
15.3209
11.7983
13.9368
11.0613
15.3209
15.9072
10.9454
12.5732
10.5975
15.9072
10.93
6.32193
10.93
4.25471
9.12518
14.2313
11.4449
9.1241
14.2313
10.2214
14.0353
13.3799
10.4635
14.0353
14.0167
16.8463
16.8463
16.7659
12.1073
11.894
14.6007
14.6007
13.4823
13.6214
13.6153
12.9526
12.9526
12.7161
11.76
11.1403
13.8729
13.8729
13.7726
6.45632
6.39841
