4.06197
0.619632
4.06197
0.57887
3.47388
8.19732
8.19732
1.26085
7.03596
1.57774
8.83663
2.65457
8.83663
2.70778
7.80045
4.31921
4.22885
4.1695
4.31921
4.13227
11.0525
11.0525
5.06939
10.2326
5.22481
11.4744
10.9986
6.63518
11.4744
7.72523
12.9605
12.9605
11.505
12.8367
11.8839
7.64939
7.64939
4.26587
7.56577
4.7215
12.0849
2.10982
11.9426
2.69718
12.0849
20.9205
15.8801
10.6487
20.9205
11.0512
4.99727
1.54256
4.99727
1.96835
4.67602
15.4979
10.0169
12.4488
10.5152
15.4979
18.79
11.2452
14.1253
15.8321
18.79
17.8222
17.8222
16.0745
16.0973
14.0164
4.30834
4.30834
0.857469
4.1028
1.49064
14.2385
14.2385
10.1747
12.2865
10.1813
13.0895
9.24075
9.09148
13.0895
12.641
13.4931
13.4931
7.5514
13.0542
8.20503
8.93744
5.83535
6.99012
6.46397
8.93744
19.3921
10.046
19.3921
10.3404
17.5647
13.3672
7.02486
13.3672
7.80356
13.2723
16.2795
13.4618
11.4743
16.2795
14.4072
12.592
9.77477
12.0768
10.7925
12.592
15.1206
10.8504
8.45921
15.1206
10.9298
15.0297
12.4439
10.3882
15.0297
12.1991
17.3244
10.4765
16.569
13.8672
17.3244
18.5365
15.9821
15.918
18.4719
18.5365
10.4134
10.4134
9.12083
9.53325
8.53763
15.8727
6.98851
13.5812
9.05833
15.8727
12.4729
9.60581
10.839
11.9712
12.4729
14.864
12.7682
12.2144
14.864
13.1843
16.1539
16.0773
15.9007
16.1309
16.1539
13.9835
13.9835
13.9827
11.9275
11.9092
16.7341
9.60306
14.8129
12.1001
16.7341
8.02453
1.28067
8.02453
1.71119
7.27112
16.2293
9.60167
16.2293
8.77994
14.939
14.1098
13.9029
14.1098
12.2583
12.8252
8.60775
8.32104
8.31248
8.60639
8.60775
16.7119
11.7213
16.0483
13.0937
16.7119
15.2383
6.06119
13.0942
7.624
15.2383
10.998
4.15525
10.9415
6.06338
10.998
10.5468
3.56349
10.5468
3.66475
9.5867
9.83596
9.83596
9.50178
8.88333
8.11449
11.3086
8.22385
11.3086
8.01604
9.26773
13.3558
12.4721
12.3129
13.3558
13.2782
11.9952
11.1581
11.3467
11.9952
11.7523
14.2839
14.2477
14.131
14.0817
14.2839
13.0008
12.2088
12.1756
13.0008
12.993
