13.4169
12.5507
13.3241
13.4169
10.4761
9.23563
8.29827
9.23563
8.68993
7.48432
20.5711
20.5711
20.4985
17.7977
18.2064
8.67213
8.67213
6.78972
5.8259
5.99413
22.9167
15.7385
22.9167
13.2751
16.9733
16.9364
15.2894
15.7055
16.4365
16.9364
13.9449
10.7278
11.0523
11.323
13.9449
9.08892
7.96697
9.08892
8.16714
7.90924
18.2268
18.2268
15.5993
16.388
15.6765
8.62378
8.3773
8.62378
6.22394
6.43797
15.6274
12.3649
14.6323
12.8621
15.6274
15.669
15.669
13.5806
15.18
11.8811
15.4367
15.4367
15.2928
14.8734
14.3663
13.6913
13.6913
8.28304
9.32209
9.55313
14.8582
13.1885
14.8582
12.0964
11.0628
18.2524
18.2524
10.3912
12.1451
11.5909
20.9151
18.8755
20.9151
19.3025
18.901
13.0601
13.0601
13.0149
11.0351
8.14751
21.0821
20.263
16.0716
21.0821
14.3921
17.7763
17.7763
14.3427
15.0774
13.2002
16.158
16.158
10.0802
11.9549
11.7724
15.6386
13.2271
15.121
12.7969
15.6386
16.712
16.5722
16.712
16.0154
16.0391
20.2382
19.86
20.2382
18.4662
15.8374
20.5854
17.5454
20.5854
15.7719
14.7195
17.5346
17.5346
13.1921
16.7242
13.425
19.5791
15.1454
17.4594
19.5791
17.2371
21.8886
21.4519
21.8886
20.6706
20.8447
19.1137
18.1178
19.1137
17.049
17.1441
8.49713
7.6177
7.77046
8.49713
7.66589
19.2675
18.2077
16.2138
19.2675
17.4328
17.1537
16.0351
16.6379
17.1537
13.2321
20.0164
19.5996
20.0164
19.8559
18.6843
19.3917
16.781
19.2336
18.9777
19.3917
17.9373
17.9373
17.311
14.1176
14.8961
18.9348
18.9348
15.1379
16.7811
11.6616
14.766
14.6441
14.766
12.8401
12.7853
20.4082
20.4082
13.8097
16.3561
11.1119
16.3074
13.5638
16.3074
9.88097
13.0113
19.9063
15.4566
19.9063
14.699
16.2333
19.4766
19.4766
17.6284
18.7434
15.0471
20.2363
20.2363
19.747
20.2144
19.4875
15.8622
15.8622
12.9845
13.8813
14.4076
16.8464
14.4474
14.4975
16.8464
16.5606
20.2009
19.6472
20.2009
14.0938
14.5801
11.8145
11.8145
5.51424
8.8764
7.7748
1.96499
1.96075
1.96499
1.96499
1.93856
20.5485
18.895
17.4841
20.5485
18.2536
20.1115
16.9666
17.1845
20.1115
15.6415
