14.5446
8.22882
13.5577
13.2102
14.5446
9.1608
6.07925
8.96048
9.1608
8.97769
13.9378
13.6025
11.6745
13.9378
12.2716
8.7544
8.57628
5.29049
8.7544
6.36425
13.0745
13.0745
10.3842
8.32801
11.6879
11.2139
10.5022
9.12514
6.48038
11.2139
12.1029
9.06222
8.14112
5.86461
12.1029
9.96138
8.77893
9.96138
8.30412
8.61936
17.16
13.6413
12.6131
13.739
17.16
8.42463
7.76957
2.96667
8.42463
4.93399
15.4367
13.9267
15.4367
11.579
14.1957
15.7135
15.7135
11.5773
13.3448
11.847
14.749
14.6828
13.4687
14.749
13.7221
14.0388
14.0388
7.80094
11.7745
9.10718
12.425
12.425
11.3302
10.7688
11.8366
17.5066
17.5066
7.40007
13.4377
10.8188
18.188
13.3462
15.0491
13.4845
18.188
14.5005
12.7478
8.97746
14.5005
12.5546
19.1487
13.2557
13.2402
13.6221
19.1487
17.2891
17.2891
9.89366
12.8491
12.5862
16.7884
16.7884
7.5769
12.0881
10.4944
14.4047
11.9642
12.3409
13.4434
14.4047
10.846
10.846
9.61151
10.773
10.6186
19.5798
14.1272
15.3318
14.5121
19.5798
17.775
14.9273
15.3295
14.0873
17.775
15.3168
15.3168
10.3465
13.7876
12.0863
16.7046
16.7046
12.0449
16.2013
15.0126
14.2802
14.2802
13.6546
13.9346
12.7827
14.4531
13.0893
12.8242
12.2287
14.4531
7.91997
5.87157
4.77845
3.58777
7.91997
18.0521
14.3246
14.622
17.3003
18.0521
19.1458
10.8917
15.2662
11.88
19.1458
17.7385
16.4581
14.3301
15.307
17.7385
16.1907
16.1907
13.001
15.4108
15.3992
11.8939
11.8939
11.6458
10.9993
11.7162
16.7975
16.7975
10.1424
14.5594
16.712
11.6933
10.1827
9.57102
6.714
11.6933
16.4596
16.4596
10.8099
13.1813
16.2636
12.7879
12.7879
7.12785
9.74547
8.61089
14.1412
14.1412
11.4192
10.7948
13.0159
19.3948
15.9857
12.5507
14.0082
19.3948
13.6658
13.6658
12.2433
12.0949
9.84314
13.6619
13.6619
10.5278
13.651
12.9353
16.4348
15.4549
14.409
15.0249
16.4348
11.2801
9.653
9.05129
9.02959
11.2801
11.8447
11.6562
5.58405
11.8447
7.17528
1.9302
1.11764
1.9302
1.6892
1.87126
17.1605
14.98
15.344
14.9092
17.1605
17.5848
12.882
14.0879
13.0093
17.5848
