13.4321
9.09068
2.31634
13.4321
3.85009
9.14072
6.88468
2.84071
9.14072
3.78562
17.6936
10.7525
11.9005
17.2468
17.6936
11.1533
11.1533
8.89884
8.65303
7.16959
18.1614
11.751
18.1614
13.1204
14.2833
13.2532
10.9004
12.2725
11.8899
13.2532
11.3737
9.92924
11.3737
9.56345
9.80951
7.81597
2.82404
7.07233
7.81597
7.07388
22.9279
10.8337
7.36577
22.9279
11.4139
11.9457
9.57483
11.9457
8.94145
5.46219
14.0998
9.48028
14.0998
11.3056
11.8042
14.9378
13.1198
10.4019
14.9378
12.4696
14.9349
9.56833
7.37585
14.9349
10.9051
15.0936
15.0936
12.7726
15.0909
8.70787
16.188
7.60801
12.093
9.52882
16.188
19.723
19.723
13.4564
18.1978
9.02626
16.6554
9.63094
8.39126
16.6554
11.2168
15.0173
14.1052
9.28602
15.0173
7.37915
17.3133
10.4602
8.02946
17.3133
11.0371
16.6534
16.6534
14.0951
16.0823
12.4349
18.4503
18.4503
12.1842
17.9893
9.59708
13.2051
10.5679
10.8581
13.2051
12.9538
16.347
12.5942
12.5186
14.3231
16.347
16.3303
12.519
12.349
16.3303
13.1208
15.0202
10.3852
13.4337
15.0202
14.7433
16.2391
16.2391
10.3982
15.735
11.7997
13.7775
9.83051
10.5663
13.7775
11.2249
20.2515
12.3667
14.7788
17.5014
20.2515
17.8449
11.7845
16.1762
16.5612
17.8449
7.68976
7.08359
7.50089
7.04724
7.68976
14.7624
11.9465
10.3367
14.7624
11.7041
16.7399
8.75341
3.36222
16.7399
5.91455
16.4953
12.3062
11.2576
16.4953
13.1346
14.4545
11.4847
14.4545
13.6716
12.6902
15.3547
14.8883
15.3547
14.8414
14.3183
17.7472
17.7472
11.1818
17.4877
11.3905
14.9902
10.8866
14.7872
14.1935
14.9902
21.1383
12.1387
10.6059
21.1383
13.7787
18.2307
11.7536
18.2307
12.2917
10.7359
15.8924
11.2055
15.5335
15.2479
15.8924
16.9015
14.9392
10.953
16.9015
11.797
17.0866
13.8155
14.398
14.5941
17.0866
15.3085
15.3085
10.5654
12.1556
9.62981
16.0071
12.1207
14.7667
12.2177
16.0071
15.9574
11.3691
15.9574
15.8532
15.9233
13.7017
13.7017
12.7065
13.3633
6.36893
1.96583
1.96583
1.96499
1.85826
1.96209
14.7851
11.1582
10.1583
14.7851
11.6582
17.4557
10.8149
6.9956
17.4557
9.57065
