14.4134
14.335
14.2272
14.4134
14.2197
9.64454
9.62698
9.63661
9.64454
9.62916
18.111
15.4646
18.111
14.1926
15.9539
8.21539
7.92812
5.03745
8.21539
5.67325
12.4493
11.1577
12.2981
10.5443
12.4493
13.3924
11.5415
13.3924
10.0936
12.6567
11.6442
7.35259
9.44526
8.0182
11.6442
9.23097
9.20818
9.17369
9.23097
9.12211
18.4364
18.4364
16.2848
15.2272
13.786
9.31654
8.35535
3.19753
9.31654
4.98499
20.9275
12.8344
13.1615
14.3888
20.9275
15.9625
14.2045
11.7728
15.9625
9.43697
15.5393
14.4292
15.3837
14.0763
15.5393
13.9693
13.9693
8.48174
13.7915
8.60164
14.5086
11.3953
14.5086
10.8243
10.4254
20.2337
20.2337
8.51872
18.4291
11.0196
23.5647
23.4028
21.9766
23.5647
22.1312
15.894
15.894
10.9008
14.9393
10.1505
18.8845
18.8845
16.3133
17.3131
15.7548
17.1774
17.1774
11.1688
16.6244
12.0556
18.563
18.563
6.01293
17.9817
10.9651
16.2463
12.7879
13.052
12.7287
16.2463
15.4146
10.5673
15.4146
11.0973
15.0135
21.7332
21.7332
20.9451
19.7552
18.3585
20.0474
20.0474
19.8643
16.7613
17.7391
18.1814
18.1814
12.5507
18.0571
13.0512
18.435
15.2892
13.8729
18.435
16.6899
18.7687
14.9383
18.7687
13.8475
17.8915
17.116
15.3891
17.116
12.4773
17.0949
7.53155
4.91764
5.30567
6.23777
7.53155
20.0992
19.7884
15.8282
20.0992
15.8025
18.4
18.3728
18.1405
18.3613
18.4
21.3389
21.3389
19.9869
21.1554
19.8964
19.1002
18.0363
16.4179
19.1002
18.1162
12.5551
11.0274
12.5551
8.87307
11.856
18.827
18.827
14.2154
16.8477
14.176
13.8605
11.4796
12.8076
11.759
13.8605
20.9182
20.9182
16.0767
14.886
14.0988
12.2778
10.7236
8.88088
12.2778
9.30272
16.0794
14.4046
16.0794
12.6967
15.9706
20.202
20.202
18.3309
19.2885
18.376
16.5693
12.0218
16.5693
12.7474
16.0146
15.0501
14.062
12.5268
15.0501
13.5845
17.1845
17.1845
16.1461
14.9643
16.0242
11.6791
9.38865
10.0511
9.98705
11.6791
12.0846
11.3444
5.99811
12.0846
7.26602
1.92519
1.12201
1.92519
1.47822
1.50343
20.4086
20.1873
18.5477
20.4086
18.5635
19.7035
19.7035
18.6258
18.9511
18.7448
