14.2791
12.0319
12.0337
14.2791
14.1972
8.99018
7.75096
8.99018
8.53154
8.91401
20.1591
13.3087
12.8728
16.0124
20.1591
10.2584
10.1703
4.5324
10.2584
4.9662
13.3557
13.3557
12.5505
12.1685
13.2726
14.0558
9.7589
12.3176
11.7967
14.0558
11.7293
8.20846
11.7293
8.61331
10.1602
9.00306
7.9887
9.00306
8.31433
7.62819
18.5661
14.4536
11.7668
18.5661
14.6246
8.75702
8.23635
5.34537
8.75702
5.19476
15.0068
12.7523
15.0068
12.5472
14.334
20.9354
20.9354
9.80003
14.5342
12.3184
18.6359
18.6359
12.6402
14.0264
13.8003
15.639
15.639
6.04245
14.9131
8.09405
13.3745
11.9804
9.48737
10.6885
13.3745
21.174
21.174
7.86093
19.1139
11.251
16.9992
13.4466
11.4142
16.9992
15.6296
15.1394
14.845
8.24014
15.1394
13.2992
19.2314
13.6428
11.0172
19.2314
16.2014
17.3776
17.3776
8.9
16.3608
12.8642
17.6807
17.6807
6.43385
16.9831
10.95
14.9143
12.7329
9.51135
12.653
14.9143
15.1785
10.1598
12.5863
12.5943
15.1785
18.2173
13.9116
10.3486
18.2173
18.0661
18.4461
13.9649
11.3259
17.6143
18.4461
18.1287
18.1287
7.79891
16.0327
13.1185
19.4114
15.3423
14.0731
19.4114
17.6246
21.0648
12.876
13.2142
16.5244
21.0648
18.7412
12.89
12.8132
16.2564
18.7412
8.28062
7.40875
8.28062
6.73444
7.2863
18.1716
18.1716
11.0771
16.82
15.6232
18.3906
12.8344
10.422
18.3906
13.1689
17.3001
15.5381
12.1172
17.3001
16.9236
16.6068
15.3283
13.3725
16.6068
16.3261
13.4332
10.7101
10.7285
11.56
13.4332
18.5283
18.0199
9.65803
18.5283
13.7841
14.7374
9.69482
14.0587
12.3055
14.7374
18.1411
14.0443
8.19333
18.1411
15.0352
13.5294
13.5294
10.2537
11.006
10.1352
16.4986
14.5203
12.3228
14.5031
16.4986
16.8668
16.1662
10.4292
16.8668
15.6824
19.171
10.0471
12.0444
14.8296
19.171
15.5909
15.5849
10.9632
15.5909
14.3711
17.0133
17.0133
12.7891
16.3991
16.6447
12.9285
10.1767
12.1735
11.8469
12.9285
14.0835
13.0167
5.46718
14.0835
6.86136
1.94793
1.52938
1.94793
1.56283
1.94266
16.1125
14.9081
11.1662
15.3007
16.1125
16.8752
14.9359
12.3062
16.8752
14.6649
