13.1772
10.8174
10.1781
10.2505
13.1772
8.54325
7.91866
7.05558
7.19742
8.54325
16.5719
12.158
11.7982
9.63958
16.5719
10.081
8.56926
6.29834
10.081
5.35769
14.8784
12.167
12.9384
10.2556
14.8784
14.5913
8.4502
12.1953
8.0229
14.5913
12.116
7.36811
11.4325
7.4565
12.116
8.91299
6.12405
8.46304
8.91299
8.30152
16.0808
14.4641
11.4847
12.764
16.0808
8.90794
8.68142
5.05758
8.90794
3.91722
16.486
11.1993
13.7097
12.8853
16.486
19.4596
19.4596
10.2661
15.8849
13.0622
18.8443
18.8443
10.5478
12.0231
16.4954
15.4776
15.4776
7.81733
14.2029
8.15885
13.2672
8.93139
11.0017
11.0512
13.2672
20.4938
20.4938
8.85444
16.6573
9.69248
18.4046
15.1109
13.9199
16.7852
18.4046
15.4677
15.4677
9.32624
13.8973
12.0183
17.5549
15.5635
13.1647
15.6481
17.5549
18.2064
18.2064
10.2786
15.5018
12.5383
17.9041
17.9041
8.55659
15.1881
8.26497
14.4004
13.9353
9.35479
12.6778
14.4004
13.5711
11.648
11.8671
7.80675
13.5711
18.6908
14.5701
13.3278
17.2365
18.6908
17.3691
13.2647
14.7831
14.9417
17.3691
18.0211
18.0211
9.57941
13.8857
9.97931
16.9794
15.2545
11.5195
13.0942
16.9794
18.2635
12.4578
12.8587
9.62021
18.2635
15.8109
11.2029
13.5418
10.8839
15.8109
7.80346
4.43189
7.48462
4.87594
7.80346
16.4231
16.4231
10.6159
14.4455
14.46
17.557
13.6501
9.30737
12.8211
17.557
17.2266
16.6907
14.7757
15.8533
17.2266
15.6982
14.1765
11.6938
13.751
15.6982
17.5812
11.5681
11.7244
9.42267
17.5812
18.5412
18.5412
10.4373
15.6973
12.8473
12.827
7.98611
11.4531
8.21536
12.827
15.6427
15.5155
12.2521
12.4834
15.6427
13.008
13.008
8.93721
12.2367
10.6582
15.0333
12.7047
12.4564
10.3501
15.0333
17.2292
17.2292
12.6435
14.5931
15.9624
18.4005
10.2114
10.7332
9.29861
18.4005
15.0383
14.5892
11.5105
15.0383
12.7521
16.2692
16.1805
15.2599
14.5526
16.2692
16.4742
9.77537
11.3888
8.77626
16.4742
14.587
12.483
6.99675
14.587
7.07068
1.90758
1.58205
1.86119
1.58287
1.90758
16.3337
13.301
10.8175
15.2991
16.3337
17.3319
14.9894
13.4032
16.0744
17.3319
