14.6036
10.0852
12.9917
12.1159
14.6036
9.11732
7.68711
9.11732
8.4546
9.06257
16.0544
12.599
15.7176
11.4123
16.0544
10.3099
10.3099
6.11458
8.05401
5.64239
14.387
13.2555
12.8251
10.4813
14.387
12.6345
9.49737
12.6345
7.29464
11.9886
11.2428
8.32923
11.2428
6.26243
11.1062
9.00886
7.84832
9.00886
8.11
8.24356
16.8217
14.4517
16.5942
15.1363
16.8217
8.55388
7.7506
5.33827
8.55388
5.43641
18.1373
12.1123
18.1373
12.5011
16.4887
19.7692
19.7692
11.9829
13.1305
12.0933
20.9343
20.9343
14.7722
12.9189
13.0666
16.9431
16.9431
9.14089
14.2889
8.25365
17.9322
9.9223
17.9322
10.9338
12.7521
22.2487
22.2487
11.4213
17.9718
9.78166
20.4229
14.6543
15.4346
20.4104
20.4229
15.4331
15.4331
9.61448
13.9784
10.7783
18.6182
15.5508
18.2933
18.6182
18.5809
18.7504
18.7504
13.2897
16.0059
12.5637
17.034
16.5937
9.85532
17.034
8.54468
14.3544
13.2114
13.1309
12.9123
14.3544
15.6162
9.29203
15.6162
7.96932
13.4896
20.6496
14.5109
16.4962
20.4637
20.6496
18.2958
13.7623
17.2234
18.2958
18.2718
17.3433
17.3433
11.6442
16.0128
12.3792
18.9525
16.2611
18.9525
16.2773
18.8276
16.8485
12.0739
16.8485
10.3945
15.7206
17.0467
12.0624
17.0467
11.011
15.9698
7.42395
5.08344
7.42395
5.19274
6.9581
18.084
18.084
13.5862
17.9456
16.4396
17.6756
13.4595
15.6915
17.6756
17.5401
19.6312
15.8174
16.8158
19.4462
19.6312
17.3212
15.0274
14.9249
16.7252
17.3212
17.7944
9.8253
17.7944
9.35819
17.0879
19.0893
19.0893
13.6308
17.0153
15.7015
13.8518
8.78951
13.6968
8.74341
13.8518
17.1947
14.6876
17.1947
15.5569
16.9904
15.3076
15.3076
11.2667
10.5553
10.9675
15.9435
14.2098
15.9435
11.6335
15.2021
19.5777
17.3113
14.9712
19.2001
19.5777
18.5594
10.3943
18.5594
10.5696
18.1068
15.6874
15.6874
13.0157
12.3782
14.6591
17.4457
17.0622
15.2298
17.4457
16.6658
17.5344
9.40956
17.487
8.92871
17.5344
14.0182
14.0182
7.71234
13.5397
5.84421
1.95236
1.76182
1.94565
1.70669
1.95236
19.2381
16.2947
13.3849
18.9675
19.2381
19.61
16.155
15.8915
18.4925
19.61
