14.3237
13.6332
12.3173
14.3237
12.2911
9.30023
9.16628
8.56082
9.30023
8.55888
15.4043
11.4983
10.9419
12.6617
15.4043
9.2123
9.2123
2.8351
8.46002
4.10581
14.7181
9.3868
8.88721
12.224
14.7181
10.5486
8.9228
8.49242
9.96211
10.5486
10.9753
7.35423
5.24013
10.9457
10.9753
9.19019
8.0371
8.23674
9.19019
8.24036
16.0052
15.3655
16.0052
15.1657
13.2622
9.3541
8.70679
5.73727
9.3541
5.26228
15.9264
14.0693
12.8304
15.921
15.9264
17.0382
17.0382
13.5709
13.2353
13.2718
16.0216
15.2778
16.0216
15.2569
14.6236
15.7911
15.7911
7.02602
13.4889
8.66956
12.1099
11.828
12.1099
11.5853
8.82024
23.9068
23.9068
11.254
17.7848
10.3309
24.9216
24.7841
24.7876
24.9216
24.8677
18.9292
18.9292
13.8766
17.1876
10.4775
16.4468
16.4468
16.198
16.39
15.0496
17.6789
17.6789
14.9606
16.5466
11.7934
20.372
17.7778
8.73548
20.372
7.79212
11.6918
11.6918
11.6823
10.9603
9.40576
14.9831
7.44198
7.3961
8.14624
14.9831
22.2801
22.2291
22.2801
20.8209
20.0814
19.3313
19.3313
19.2396
18.114
17.2241
17.5068
17.1775
15.2008
17.5068
11.6268
19.3697
16.741
15.995
19.3697
18.8335
17.0872
12.3244
11.6529
16.8581
17.0872
14.4982
12.5595
12.1509
14.4649
14.4982
6.56091
4.26859
3.89311
6.49058
6.56091
20.7128
20.7128
16.9167
18.0551
16.9195
18.2167
17.2542
17.761
18.2167
17.8042
22.4851
22.4378
22.4851
22.3299
22.2409
21.315
19.0391
18.6456
21.315
21.2842
11.5699
10.569
10.3837
9.81566
11.5699
21.4965
21.4965
19.0766
15.7227
14.2744
11.7323
9.12024
6.98384
11.7174
11.7323
15.1907
15.1907
14.5236
15.1252
10.4419
12.692
12.1438
8.4728
12.692
12.1154
14.2054
11.929
11.6681
13.2552
14.2054
21.6235
20.2342
21.6235
18.829
18.88
12.1216
7.53085
6.59734
11.9328
12.1216
15.6456
13.6592
11.6736
15.6456
12.2245
17.1033
17.1033
14.2658
16.3297
12.7609
12.0765
8.55117
7.41561
11.9953
12.0765
13.4415
13.4415
5.07517
12.5468
7.55783
1.38955
0.939851
0.949912
1.38955
0.855436
20.4724
20.0484
19.5076
20.2117
20.4724
20.0702
19.6367
20.0702
19.4095
19.0712
