13.4579
8.76697
3.44722
13.4579
3.50755
9.31389
6.25368
3.52987
9.31389
3.66647
18.7566
12.9857
18.4591
16.0458
18.7566
11.7534
11.7534
5.32578
5.57667
4.97275
18.1144
12.4924
18.1144
11.2293
12.6205
13.3331
12.9671
13.3331
11.4178
9.80141
11.0551
11.0551
10.3112
8.85191
8.66398
8.17476
3.07304
5.51256
8.17476
7.06538
19.6214
11.6345
12.8539
19.6214
12.3777
11.7266
6.97152
11.7266
7.66464
6.55491
12.2214
10.5694
12.2214
10.8071
11.2152
14.9154
14.2165
13.155
14.9154
12.437
15.6006
11.8441
13.0417
15.6006
12.5595
14.7692
14.7692
12.975
12.2453
8.19047
15.7837
7.8352
15.6936
11.1678
15.7837
18.3844
18.3844
15.6662
16.5197
9.21144
15.5184
11.8174
8.55742
15.5184
10.3053
13.902
13.6764
9.52512
13.902
7.63494
16.6385
11.4693
13.4854
16.6385
13.8559
16.391
16.3702
15.5924
16.391
11.3035
16.8044
16.8044
14.479
16.5708
9.65068
13.5235
13.0655
13.5235
12.6996
12.8697
15.3114
12.6935
14.8476
13.0552
15.3114
16.5929
14.5409
12.1817
16.5929
11.4079
16.1616
12.9183
13.0323
16.1616
12.5409
16.8992
16.8992
13.9714
16.2321
11.0446
14.4868
12.5025
14.4868
13.5528
14.3369
21.0806
14.9341
21.0806
17.8228
19.7025
17.6286
15.6212
17.6286
15.9598
15.9456
7.65363
7.27197
7.65363
4.91857
4.50957
14.4295
12.5698
8.57133
14.4295
9.75661
16.2431
9.35459
4.74889
16.2431
5.14123
16.1672
15.0433
13.1128
16.1672
12.9362
13.6536
12.5722
13.6536
12.7432
13.4754
14.0603
14.0603
12.1975
11.7994
12.0816
16.402
16.402
12.222
15.9139
10.8009
13.0943
12.5399
13.0943
11.261
9.7685
18.7263
12.7185
14.642
18.7263
14.2345
18.324
10.5113
18.324
11.1745
10.6904
18.0919
13.9986
18.0919
14.6124
13.4735
14.9899
14.9899
12.0019
14.8407
12.2668
17.2342
14.6475
17.1662
16.2446
17.2342
16.2819
16.2819
10.7309
11.4051
10.9677
14.1983
13.6165
14.1983
13.6464
11.6465
12.1997
11.7976
12.1997
10.1441
11.7472
15.0492
15.0492
10.8004
8.76325
5.94125
1.96644
1.96583
1.96644
1.91856
1.91168
13.8131
10.8629
7.03287
13.8131
10.422
15.8212
11.8771
9.48077
15.8212
9.38646
