12.625
12.0764
8.07739
12.625
4.17374
8.31904
7.68192
6.72731
8.31904
4.37787
20.6717
18.4051
19.3593
20.5847
20.6717
8.07206
7.82221
7.32525
8.07206
5.69659
16.9864
14.9254
15.8526
15.992
16.9864
15.8956
14.6458
14.8191
15.8956
15.8717
11.785
10.3771
11.5776
10.998
11.785
7.51034
7.29545
7.49689
7.51034
7.47667
17.2123
16.836
15.6756
17.2123
13.3509
8.52566
6.95696
4.7278
8.52566
4.68831
15.1309
12.6548
15.1309
12.6493
15.0843
14.7273
13.4591
11.3265
14.7273
11.3759
15.1799
15.1799
14.2458
13.9699
12.0481
13.6777
13.6777
8.24379
13.3281
7.99399
13.4996
13.4996
13.1336
10.2866
11.7778
18.0644
17.5441
9.67916
18.0644
8.87991
21.1332
20.0528
12.8671
21.1332
12.9607
14.3038
14.3038
9.16844
13.0939
7.45174
24.912
17.8139
15.0081
24.912
13.9938
16.3886
16.3886
13.0087
15.9556
13.4729
17.0124
12.5459
9.94113
17.0124
8.95004
13.4837
13.1633
13.4837
12.429
12.9691
17.1387
17.1387
17.1089
16.886
16.8938
22.0421
22.0421
15.1206
20.1441
15.3788
21.2596
21.2596
17.7347
16.8776
17.1833
18.4406
16.8081
12.2424
18.4406
10.208
20.9973
18.9616
17.6071
20.9973
16.0238
22.0241
19.7644
19.5132
22.0235
22.0241
18.6347
18.4199
18.283
18.3431
18.6347
8.28441
8.0637
8.26647
8.28441
8.26161
23.6831
19.3953
12.8218
23.6831
12.5036
17.8134
16.9097
9.94774
17.8134
5.55599
20.8481
20.295
15.931
20.8481
15.6188
19.4471
18.6292
16.1861
19.4471
14.7326
18.515
18.478
18.515
15.3997
15.4285
21.6136
21.6136
10.3437
19.1022
8.75025
13.8491
13.5394
13.004
13.7762
13.8491
18.6638
18.2601
14.9816
18.6638
14.4085
13.646
12.3623
13.0737
12.6979
13.646
16.9669
16.9669
15.6644
15.7615
16.3182
23.6782
23.6782
12.77
23.1593
10.2194
21.0238
18.9087
20.4459
20.8859
21.0238
16.1763
15.2602
13.7729
16.1763
12.2298
16.8551
16.476
15.9915
16.8551
16.2531
17.9177
17.8832
17.9177
16.4417
16.4777
11.9872
10.5894
7.72516
11.9872
6.3959
1.96644
1.96499
1.96644
1.17663
1.90248
23.4951
21.342
11.9693
23.4951
11.7388
21.0289
20.0227
14.5073
21.0289
11.4092
