14.6214
5.91688
5.85376
14.6214
5.27505
9.54782
4.14308
4.15103
9.54782
4.11643
15.5012
12.7897
15.5012
15.4497
15.4402
11.0126
8.16881
8.78634
9.01194
11.0126
15.8324
14.7
15.8324
14.9189
15.1143
10.4905
8.12863
10.4905
10.3544
10.3976
10.3285
10.2222
10.3285
10.287
8.76093
8.84921
3.73934
7.96285
8.84921
8.5287
15.7662
12.4532
12.8667
15.7662
11.5934
9.92536
9.37599
8.60676
9.64053
9.92536
13.1494
11.809
13.1494
12.3154
11.801
14.1448
13.0574
14.1448
13.781
13.8141
14.5762
9.894
13.3573
14.5762
11.278
14.8377
13.695
14.8377
12.4608
12.4427
12.0691
8.80728
11.2654
11.1652
12.0691
18.9469
18.3242
18.9469
16.231
12.7612
16.043
9.97357
12.5162
16.043
10.2339
12.5545
12.5545
10.3458
11.9159
9.69971
17.8459
13.6017
13.7925
17.8459
13.5871
24.9317
24.4957
24.9317
23.6357
16.3856
24.9288
24.8644
24.9288
17.0849
13.4339
11.81
11.699
11.5226
11.81
10.4419
14.0536
6.41914
14.0536
13.7466
13.8985
15.3717
11.6476
13.4115
15.3717
13.8049
14.4783
11.3799
14.4783
13.2401
14.2127
19.078
19.078
19.0668
17.5353
13.5005
16.4196
12.8132
14.1272
16.4196
12.4219
15.371
14.2273
15.371
15.2173
14.838
13.5895
12.6437
13.5895
12.8544
12.5581
5.83818
5.83818
5.82896
5.71419
3.07994
17.5535
13.3515
14.9297
17.5535
16.0695
17.7872
7.38953
8.12971
17.7872
6.6636
16.2718
14.7883
15.4098
16.2718
13.2726
17.0802
15.1898
17.0802
15.6613
15.3385
13.5008
7.83796
13.5008
11.6337
12.6745
18.766
18.766
18.4546
18.4166
13.0792
10.378
10.0802
10.378
10.0336
9.89911
16.708
15.1167
14.8167
16.708
14.315
15.6703
15.2072
15.6703
15.2312
14.0708
15.1256
14.6023
15.1256
14.5007
14.3079
17.2301
16.6445
16.4027
17.2301
13.31
12.2439
11.6418
12.2439
11.9472
11.976
16.8864
13.9845
15.5192
12.786
16.8864
17.4164
12.5623
17.4164
13.6304
13.6164
10.6125
10.4675
10.6125
10.5234
9.84256
13.6928
12.0693
12.2661
13.0836
13.6928
1.96644
0.621969
0.886947
1.96644
1.96583
15.8853
10.7855
13.0212
15.8853
13.5924
17.3492
14.2584
13.9691
17.3492
13.1151
