13.9698
10.4467
11.8084
11.7143
13.9698
8.54853
7.72814
8.31376
7.81227
8.54853
15.8317
12.5502
15.8317
14.6438
15.2029
10.2842
8.19279
6.27485
8.85674
10.2842
18.3883
11.2714
14.8447
18.3883
17.7499
11.2954
11.2954
10.4803
10.8476
10.8659
12.3662
12.3662
10.5786
10.5288
10.2833
8.5325
8.5325
7.81345
7.81886
6.5831
17.3503
14.9993
16.4029
17.3503
17.2874
8.9595
8.38057
5.46228
8.9595
8.42679
17.7669
17.7669
15.9155
14.5393
14.5983
17.7815
16.4755
13.6734
17.7815
15.6106
17.0207
17.0207
15.7547
15.6207
15.7501
14.0808
12.8515
9.99355
12.2846
14.0808
13.8255
11.9178
13.8255
13.2253
12.0949
17.6263
16.7869
13.2485
16.0035
17.6263
23.4609
22.3366
23.4609
17.3989
17.4775
15.3858
11.7669
13.0373
15.3858
15.3357
19.5714
16.9499
17.4826
19.5714
17.2627
17.1262
16.6598
16.0681
17.1262
17.0473
16.3425
15.6166
11.042
15.0013
16.3425
18.9398
14.3356
13.022
15.0773
18.9398
13.5246
10.3527
10.9761
12.2999
13.5246
22.0238
21.0487
22.0238
17.7601
17.2548
20.6988
19.1516
20.6988
16.8295
16.8688
18.2317
18.2317
16.0135
17.0915
16.9959
19.0737
18.8037
19.0737
18.7133
18.3428
14.8908
13.602
14.8908
13.6004
13.8695
14.533
12.9065
14.533
13.3555
13.6446
7.30562
7.30562
6.66549
6.91779
6.84826
20.2919
20.2919
18.9231
19.3683
17.2919
16.8988
15.0101
16.1525
16.8988
14.9325
22.7389
22.7389
22.6612
18.8991
18.6347
21.2307
20.2257
21.2307
18.6264
18.6721
13.4271
13.4271
12.458
12.6808
13.0566
18.0586
17.5006
17.8324
17.2523
18.0586
11.3142
10.9108
11.3142
11.3113
11.2022
15.9371
14.8726
15.0152
15.9371
15.6806
17.2556
12.7565
12.3962
16.4631
17.2556
16.3535
12.6728
14.822
16.3535
14.6914
20.198
19.078
20.198
17.0195
17.2975
13.6091
11.1601
10.8985
13.6091
12.4994
20.2991
16.9929
14.7368
19.5532
20.2991
19.147
16.8416
16.7922
16.8456
19.147
13.7475
11.0576
11.7413
13.7475
11.3455
13.1522
11.8731
8.76326
11.6133
13.1522
1.95222
1.27525
0.991401
1.5619
1.95222
20.3429
19.3634
20.3429
15.9936
15.9181
19.8746
17.2943
19.8746
17.5003
17.6293
