13.4267
13.3299
9.06717
13.4267
6.93271
8.78966
8.50786
7.55823
8.78966
6.30631
19.808
18.4517
19.808
18.3216
19.3835
8.06041
7.97617
5.68132
8.06041
5.68018
15.2803
12.7787
14.5526
12.9605
15.2803
15.3336
12.3671
14.145
14.0756
15.3336
12.5339
9.93726
12.5339
10.4756
12.1671
7.86201
7.62248
7.71571
7.86201
7.73336
17.9069
17.9069
13.3615
17.0698
13.7953
8.58304
7.26089
5.74142
8.58304
3.95397
16.7348
13.7446
16.5583
12.166
16.7348
15.9122
14.4513
11.238
15.9122
10.7145
15.5762
15.5762
13.3812
14.4701
11.6334
14.0685
14.0685
7.14154
13.3223
6.45649
14.3184
13.3822
14.3184
8.70146
12.7754
19.0219
19.0219
10.8654
18.8382
8.20898
22.9692
22.9404
15.3717
22.9692
15.9022
14.9642
14.9642
9.63828
14.5535
9.29931
22.7652
18.4656
13.3991
22.7652
13.2197
18.1877
18.1877
13.1026
17.3277
11.7679
18.8198
15.9028
9.36777
18.8198
7.13746
14.3539
13.0052
14.3539
11.999
13.5019
17.9206
14.1153
17.9206
14.4239
16.4927
23.0497
23.0497
16.3174
19.9264
17.6007
22.6435
22.6435
17.0042
16.2887
18.5994
18.6145
17.9707
11.9381
18.6145
10.7263
19.6893
18.1524
17.3473
19.6893
16.4971
21.0557
19.9892
21.0557
18.3953
19.6164
17.3718
16.6456
17.3718
15.0324
17.2968
9.10774
7.27522
8.13949
7.6736
9.10774
23.4984
22.7911
15.9125
23.4984
15.95
18.6066
18.4287
10.223
18.6066
9.35286
21.3509
21.3509
18.0698
21.1039
17.4659
19.9015
19.9015
16.474
19.3472
16.3307
17.6754
15.6384
17.6754
15.0962
17.284
22.6032
22.6032
13.2898
19.8326
9.66711
14.5688
13.2329
14.4697
12.5435
14.5688
18.8859
18.8859
13.9315
16.7274
14.1221
12.9479
11.0152
12.741
11.9789
12.9479
16.9035
16.7955
16.9035
14.1876
16.6598
24.0414
24.0414
15.0501
19.9681
12.5117
19.9535
15.4145
18.2036
17.4981
19.9535
16.6072
16.6072
13.7594
15.7919
12.7268
17.7335
16.2684
17.7335
16.0151
17.127
18.203
16.1142
17.9537
16.0698
18.203
12.1041
11.6484
5.80083
12.1041
5.88887
1.96499
1.18348
1.96499
1.85992
1.94136
23.3571
23.3571
15.0132
23.1623
15.5417
21.6584
21.6132
13.2793
21.6584
12.0506
