13.0806
12.7872
13.0806
11.7577
11.2621
9.16328
9.16328
8.58407
8.23082
8.07582
19.5466
17.3306
18.7245
17.3561
19.5466
11.2591
11.2591
4.95
6.97891
6.96157
14.6993
12.6638
14.1772
13.7076
14.6993
12.471
12.471
12.3473
11.4909
12.3885
12.9758
12.9758
10.3971
9.53508
10.7129
8.91356
8.91356
8.19468
7.98219
8.1031
17.0771
16.3611
15.5515
17.0771
15.8456
8.05673
7.76319
3.68875
8.05673
4.93261
16.8976
16.8976
16.07
15.9841
15.9683
15.5187
12.6445
12.3943
15.5187
12.6434
15.0346
14.6189
13.8242
15.0346
14.6079
15.596
15.596
7.18436
12.1017
9.31672
13.5702
13.5702
12.4062
10.7027
13.4847
20.8529
20.8529
9.90006
19.3272
12.0708
23.7651
23.7651
23.7067
17.6817
17.5046
14.7949
10.939
10.9551
14.7949
11.0027
18.8984
16.6214
15.8972
18.8984
16.2557
19.0158
18.4651
13.541
19.0158
14.2092
18.3153
18.212
8.19503
18.3153
10.8257
14.315
14.0862
13.2952
12.1442
14.315
15.3367
12.2842
13.7022
13.4194
15.3367
24.9201
22.6762
24.9201
18.16
18.2031
24.92
22.2189
24.92
18.6402
19.6372
17.9975
17.9975
14.0804
17.9413
14.3907
20.6027
20.4221
18.965
20.6027
18.8518
18.5636
16.1617
16.3626
16.8571
18.5636
17.1366
14.1994
16.198
15.7406
17.1366
7.64674
7.64674
7.18133
6.7536
6.90411
19.1291
19.1291
18.5755
18.8586
15.9812
18.5365
17.6469
18.5365
15.8669
15.981
21.881
21.881
21.879
20.0695
19.0248
21.1911
21.1445
21.0379
21.1911
21.0072
14.2772
14.1763
14.2772
13.7376
13.7859
19.6144
19.1889
16.6323
19.6144
15.2082
12.6621
12.0899
12.5899
12.2294
12.6621
17.158
15.1713
14.6769
17.158
14.3419
12.6973
12.2204
11.501
12.6973
11.6466
16.406
12.8708
16.1545
15.7121
16.406
20.3929
20.0384
20.3929
18.2152
16.9573
17.0567
14.5062
15.561
16.3277
17.0567
17.5997
17.5997
14.0751
15.9646
14.2671
16.7276
16.6984
15.7037
16.7276
15.7378
13.4344
11.896
11.8028
13.0635
13.4344
14.3907
14.3907
6.0954
9.91101
7.84244
1.94289
1.94289
1.14509
1.62619
1.85805
21.4586
20.6423
21.4586
16.4617
16.3436
19.7378
19.5751
19.7378
17.3766
16.9111
