13.0405
11.6567
11.3975
13.0405
10.7921
8.6734
8.59726
8.53722
8.6734
6.51483
18.5491
14.1456
14.4793
16.7098
18.5491
9.05493
8.41466
6.42411
8.61431
9.05493
15.5653
10.5807
13.1596
15.1318
15.5653
12.4462
8.25144
9.71563
11.7036
12.4462
10.1342
7.82703
9.70245
10.1342
9.71779
9.34359
9.34359
8.17925
7.89085
8.02451
17.0517
15.479
15.8367
17.0517
15.3576
8.35
7.56456
5.95923
7.73896
8.35
15.6413
13.6737
15.4736
15.5095
15.6413
15.0204
15.0204
14.4651
14.9469
13.8684
15.4255
15.2306
15.2104
15.4255
14.8914
15.1878
15.1878
10.4783
12.98
12.6908
12.5083
11.4761
12.0057
12.0637
12.5083
22.5828
22.5828
15.0319
18.6397
15.8866
23.2549
23.2549
22.8029
20.0061
18.5143
15.7131
14.5409
12.9013
15.7131
11.0743
21.0257
17.3577
17.4922
21.0257
15.9402
19.1475
18.1341
17.9661
19.1475
16.8394
20.2458
19.3384
15.4695
20.2458
18.0214
13.8907
11.6309
13.6236
13.8317
13.8907
13.8368
9.80166
11.6628
13.2156
13.8368
22.1463
21.3646
22.1463
17.8955
17.7324
21.4972
19.7492
21.4972
18.2246
19.2062
24.9279
20.1033
19.0129
24.9279
18.6523
21.153
18.4927
18.3799
21.153
18.7691
17.3607
12.449
15.2403
16.7684
17.3607
17.078
13.1227
13.9397
15.7702
17.078
6.64165
6.02694
6.31607
6.47063
6.64165
20.3798
19.2669
19.8041
20.3798
19.8758
17.7911
15.8884
15.6921
15.6994
17.7911
22.3216
22.3216
22.1976
20.9549
19.609
21.1644
19.7234
20.7431
21.0551
21.1644
13.9522
11.1777
13.9522
13.3975
13.635
20.2526
20.2526
18.7397
20.0851
13.9583
12.6411
8.90554
10.8722
12.1357
12.6411
17.5553
16.8307
17.5553
17.4603
14.864
14.5425
11.7651
12.6777
14.5425
14.3881
16.5456
11.377
13.7116
15.9302
16.5456
19.7741
19.5918
19.7741
18.2147
15.7709
16.7775
10.8113
12.2178
16.1304
16.7775
21.2669
15.4686
15.5172
21.2669
19.3263
19.1679
18.0473
16.7341
17.8653
19.1679
14.0016
10.7598
11.6932
13.9775
14.0016
12.2403
12.2403
8.59352
11.9325
11.4577
1.40411
0.850712
1.01734
1.40411
1.21449
19.9962
18.7134
19.9962
17.6097
17.8516
18.7808
18.2159
18.7808
18.3498
16.5864
