13.2286
11.9656
13.2286
12.9707
9.18188
9.54247
8.6804
8.86389
9.54247
8.12437
19.6982
16.6685
19.6982
17.2739
19.57
10.9359
10.7365
4.70324
7.74047
10.9359
17.3722
13.1039
16.2039
13.9345
17.3722
13.7978
12.623
13.7978
11.6662
12.714
12.8629
12.8629
11.025
10.5042
10.4955
9.28217
9.28217
8.96608
7.46422
7.8206
17.9481
15.7549
15.8235
17.9481
15.1962
9.49519
6.36155
4.23495
9.49519
7.72123
17.396
17.396
16.4632
16.6871
16.5535
16.9741
14.8221
12.5518
16.9741
15.2221
15.6534
15.6534
14.675
15.0137
14.4728
15.013
15.013
7.63786
12.6726
14.2232
13.6755
13.6755
12.7486
11.3443
12.3735
19.0836
19.0836
9.72271
17.8143
16.4792
24.2355
23.3279
24.2355
17.2325
16.3335
17.4114
13.4892
11.6732
17.4114
11.6284
21.3237
17.7446
15.739
21.3237
15.1016
16.5755
14.8419
13.2655
14.4584
16.5755
15.043
14.7805
7.29859
15.043
13.7751
15.0211
12.9672
13.3755
14.3134
15.0211
16.3179
12.281
13.8481
13.6885
16.3179
23.8479
21.727
23.8479
19.1175
19.336
22.3196
20.3285
22.3196
19.0388
19.9636
17.172
16.8972
13.6186
17.172
15.2387
24.9222
24.9222
20.137
21.3876
17.6383
19.7739
17.0526
19.7739
16.6534
18.2922
17.2587
16.125
17.2587
16.1441
16.6264
7.65493
7.65493
7.5985
7.21369
6.75087
19.5346
19.1561
18.3952
19.5346
18.5773
18.0365
16.1948
18.0365
15.4028
11.615
22.2251
22.1376
22.2251
18.2088
18.3231
21.5833
20.5239
21.5833
18.8316
19.2559
15.9823
14.496
15.9823
13.6715
15.0083
19.3854
19.1426
15.8758
19.3854
13.501
13.3766
12.1773
13.3766
11.1558
12.2074
17.5635
15.3333
15.1636
17.5635
14.3692
16.3899
10.8992
11.7932
11.3812
16.3899
16.2832
15.1385
16.2832
15.0007
16.1923
19.9925
19.0807
19.9925
17.036
14.915
20.0705
17.3378
20.0705
17.0852
19.322
18.6818
18.6818
14.8102
16.183
17.3331
20.2615
16.3604
17.1776
17.0643
20.2615
16.5775
14.2228
16.5775
14.0385
15.2107
14.4322
13.7003
5.28846
12.744
14.4322
1.9624
1.96065
1.14979
1.40029
1.9624
20.6278
19.6251
20.6278
15.8356
16.8671
19.8571
18.4235
19.8571
17.3208
15.668
