14.6314
13.039
12.9406
14.6314
12.7325
9.40232
8.4238
8.48617
9.40232
8.27995
20.1974
20.1974
19.6451
10.7493
8.05845
10.9995
10.9995
5.39996
7.58861
7.59007
20.2825
13.7692
20.2825
7.59998
8.13286
15.5241
15.5241
15.1159
4.24251
4.33326
11.4859
11.0972
11.4859
5.32631
5.41969
8.55771
7.76136
8.493
7.96109
8.55771
18.7098
18.7098
14.9698
17.1274
12.0451
10.7444
8.38069
10.7444
7.65084
8.51384
14.0282
12.7557
14.0282
12.1957
12.2891
14.7276
14.7276
11.5641
13.0581
13.4101
14.2568
13.8044
14.2236
14.2568
13.8693
15.9412
15.9412
6.74864
11.7813
11.5344
13.3367
10.7479
13.3367
9.84895
10.0547
21.3059
21.3059
14.1377
14.7986
14.4622
23.6737
22.8669
23.6737
23.6662
23.1419
15.5707
15.5707
10.4137
12.5466
11.272
21.0645
21.0645
15.6096
17.7271
14.5919
18.3744
18.3744
15.3039
13.2583
13.0633
16.0291
16.0291
11.1636
14.9744
14.613
14.0002
11.6264
14.0002
12.2472
12.3531
17.2109
16.9778
17.2109
9.13701
6.94708
23.9657
20.9207
23.9657
20.8517
19.6286
23.7241
17.4795
23.7241
17.4119
16.0548
17.6815
16.6745
14.1589
17.6815
17.4517
15.9328
15.0082
15.9265
15.877
15.9328
23.8811
23.8811
23.2802
7.94788
8.33509
20.9266
19.4964
20.9266
7.49977
7.56236
9.95411
9.93827
9.95411
3.26152
3.26767
24.918
16.62
20.0056
24.918
24.7185
19.9247
17.6557
18.2156
19.9247
18.2145
21.9236
21.7865
21.769
21.9236
21.3729
20.3979
17.2847
20.0642
20.3587
20.3979
13.8028
13.3313
13.8028
10.7636
7.08126
24.0135
24.0135
15.7316
17.5935
14.6228
14.3212
13.8217
14.3212
4.83624
5.07946
22.5258
22.5258
14.3431
13.2524
11.1437
19.1933
10.9201
19.1933
9.05231
9.53425
20.3686
16.3029
20.3686
9.09136
7.1749
24.1807
24.1807
19.8883
22.1657
19.2976
18.0422
18.0422
18.0115
9.0551
6.5345
17.5566
17.5566
14.2976
17.0243
16.9912
17.8165
14.0442
15.1487
17.7992
17.8165
13.0869
12.5876
13.0869
7.99943
6.61019
15.0669
15.0669
6.68433
11.1318
10.9865
1.96644
1.96499
1.96644
1.96499
1.9626
23.5538
19.6414
22.6182
23.5538
23.5154
19.8439
19.7169
19.5063
19.8439
19.0855
