13.2937
11.4272
12.0315
13.2937
12.6655
8.57181
8.10707
8.32557
8.4261
8.57181
15.9626
12.5451
12.5909
15.3888
15.9626
9.18057
7.1673
5.31053
9.18057
7.42585
17.3841
13.0553
12.118
12.1751
17.3841
11.9874
11.9874
11.0178
10.0759
11.5014
12.5783
12.5783
11.1483
9.20574
10.4095
8.71186
8.45462
7.93394
8.71186
8.36433
17.0527
15.8243
15.7941
17.0527
15.4861
9.29667
3.9645
3.71187
9.29667
7.62592
17.1695
17.1695
14.872
15.9797
16.2483
16.0398
12.9071
13.1195
16.0398
15.2015
16.1194
16.1194
15.8558
15.4772
15.5748
14.7874
7.35105
8.0806
14.7874
11.1974
13.7222
11.3988
11.6513
12.4969
13.7222
18.7303
9.91071
10.7
18.7303
14.0828
23.4757
22.5051
23.4591
23.1683
23.4757
16.4228
11.1788
11.5097
16.4228
13.1289
18.6074
16.4884
16.5673
18.6074
17.3229
19.3561
14.0526
14.2302
19.3561
15.5232
19.1326
9.32921
9.73767
19.1326
13.0958
14.601
12.3129
12.2287
13.4651
14.601
12.5592
11.2659
12.4021
11.2812
12.5592
21.8794
21.284
21.8794
21.1638
21.0936
19.126
19.0503
18.9788
19.126
18.6606
20.8845
14.7952
15.1358
20.8845
16.3136
19.4053
18.0943
17.9594
19.4053
19.141
15.1981
13.387
13.6742
14.4807
15.1981
14.5035
14.1645
13.5908
13.6952
14.5035
7.55
7.52434
7.55
6.52125
7.11256
19.1239
17.456
17.999
19.1239
18.4916
16.9785
15.6518
16.5225
16.9785
16.5141
24.9311
23.3532
24.9311
22.4891
23.1499
24.9297
20.0641
20.29
21.507
24.9297
20.9195
14.6718
20.9195
13.9202
14.5296
19.2776
16.3591
16.8506
19.2776
15.7669
11.8729
11.7115
11.7894
10.8102
11.8729
16.4498
13.4584
13.9491
16.4498
14.8537
15.0001
9.35074
9.95772
11.7358
15.0001
16.3062
14.4491
12.9848
13.551
16.3062
19.8839
19.7664
19.8839
19.3394
19.6442
15.4509
13.6555
15.4509
14.4284
15.387
18.4431
14.7265
14.7974
18.4431
17.4714
18.639
15.6368
15.6959
18.0878
18.639
17.7418
12.8481
17.7418
13.3576
15.4507
12.7425
7.27061
6.61326
12.7425
9.92259
1.93685
1.09481
1.8728
1.38329
1.93685
20.3519
19.2191
19.3458
20.3519
20.2041
19.5939
18.8495
19.5637
18.8993
19.5939
