14.2894
13.154
12.9245
14.2894
8.92737
9.29645
8.44728
8.29079
9.29645
6.8909
19.1774
19.1774
18.5519
15.7229
17.8467
9.16517
9.16517
7.76968
7.84567
8.49592
19.8258
13.4703
19.8258
14.5134
18.7019
14.2299
14.2058
14.2299
12.9591
12.9535
12.8593
10.5018
11.4133
10.7996
12.8593
8.45456
7.9383
8.45456
8.26491
7.15817
19.509
19.509
15.5037
16.0359
10.8021
9.33259
7.82033
9.33259
7.44517
7.9553
16.5234
12.193
13.7542
13.0585
16.5234
14.7084
14.7084
13.3527
13.8938
14.4073
14.4766
14.0229
14.2511
14.4766
12.6775
14.5005
14.5005
12.5788
12.6677
12.9133
13.0943
10.4563
13.0943
9.7852
11.5143
21.182
21.182
16.2578
16.7717
17.1462
23.3943
23.2902
23.1823
23.3943
17.9568
15.2467
15.2467
10.1583
12.5032
11.9273
21.3897
18.9778
15.3178
21.3897
12.3863
19.9464
18.4167
17.2644
16.6752
19.9464
20.0108
16.7689
15.6373
18.9345
20.0108
14.2393
11.5527
14.2393
13.8526
12.3524
17.6017
17.5908
17.6017
16.0647
16.2784
24.054
21.0423
24.054
20.6184
15.3688
23.2405
17.2037
23.2405
17.1807
14.4283
20.4714
16.9755
17.2032
20.4714
20.0785
19.5639
14.5692
15.997
19.5639
14.3262
21.1949
21.1815
21.1949
17.3272
18.258
19.5528
18.6728
19.5528
16.5795
17.1935
8.54418
8.37398
8.37372
8.54418
8.17397
23.2912
17.8617
23.1488
22.7785
23.2912
19.2852
17.7712
18.3222
19.2852
13.6411
21.7517
21.7517
21.4516
21.7227
17.462
20.4563
18.0934
20.3204
20.4563
19.0601
19.1038
15.0484
14.7131
19.1038
19.0449
24.9177
24.9177
15.8552
16.2053
15.436
16.933
16.933
16.8115
15.2794
15.2693
24.9034
24.9034
14.0429
17.1657
12.2085
21.9073
11.8576
21.9073
11.9811
18.8972
22.9167
17.1159
22.9167
16.6444
18.5074
24.9187
24.9187
19.8712
20.8517
14.7679
17.4966
17.1927
17.2447
17.353
17.4966
16.9513
16.9513
16.4161
16.5122
16.6185
18.6614
12.9268
14.8606
17.9462
18.6614
19.9833
16.217
16.1686
19.982
19.9833
12.4846
12.4846
11.8009
11.1959
11.5877
1.96583
1.958
1.96499
1.96583
1.96499
23.2977
20.5821
23.1952
23.2977
22.099
21.2337
19.6862
19.4246
21.2337
14.0702
