13.7445
9.88859
10.5842
13.7445
13.2542
9.56595
7.03234
7.68289
9.48853
9.56595
22.9199
22.163
22.9199
13.0757
13.0438
12.9442
12.9442
9.3056
6.78839
7.15213
19.1921
14.0978
19.1921
8.79799
9.27653
14.309
14.1076
14.309
7.22761
9.32285
10.3644
9.48416
10.3644
7.69683
9.1982
9.02285
8.27922
8.38639
8.79968
9.02285
19.1773
19.1773
16.308
18.5999
16.6989
11.3099
9.90391
11.3099
8.0408
6.03133
15.6639
12.8716
12.8429
13.981
15.6639
16.725
16.725
12.7391
11.5269
10.1099
15.7517
14.939
15.128
15.1783
15.7517
14.9143
14.9143
13.6611
12.4124
10.5308
13.9821
11.354
13.9821
10.8536
12.4066
19.2922
19.2922
15.3007
15.6217
11.9277
20.3614
16.7795
16.9075
20.3614
19.6139
15.7614
15.7614
9.32825
11.9345
11.1911
18.5336
18.5336
15.0806
17.4138
14.7835
18.02
18.02
16.1337
15.076
11.8818
20.6131
20.6131
13.7425
17.2244
12.7282
15.0644
11.4305
15.0644
12.3236
12.5395
16.7905
14.9147
16.7905
9.95665
10.6634
20.7409
19.6768
20.697
20.4957
20.7409
20.9744
20.641
20.9744
18.9574
19.3006
17.4527
17.4527
12.9366
14.9158
13.6828
16.3076
16.3076
14.7582
15.9791
13.5867
21.2653
19.3652
21.2653
11.1824
14.192
17.9265
17.8329
17.9265
10.2222
12.1753
7.29867
6.81376
7.29867
3.90102
5.37259
18.8796
14.3988
11.3053
18.8796
16.4332
18.2653
12.8723
14.1059
18.2653
17.1895
19.3897
18.2418
18.0094
19.3897
18.2773
16.2323
13.4959
14.1752
16.2323
15.4011
14.3921
14.0793
14.3921
11.3977
11.8507
17.9101
17.9101
14.0779
17.1484
11.8343
13.709
13.3485
13.709
7.68483
9.73838
19.8879
19.8879
15.741
15.5854
10.9618
18.8698
12.8031
18.8698
10.1819
9.34282
19.5644
17.0126
19.5644
10.0869
11.571
18.5027
17.5374
15.0472
18.5027
15.852
19.4829
18.6456
19.4829
9.37784
9.47943
16.0718
16.0718
14.568
14.3835
13.4323
14.837
13.0217
14.837
12.6386
12.5941
13.9178
13.4848
13.9178
8.7833
9.05893
15.1894
15.1894
12.4034
10.9247
9.52047
1.96583
1.958
1.95782
1.50234
1.96583
19.535
14.0633
12.5365
19.535
17.6504
17.8533
17.0936
14.9392
17.8533
16.5172
