14.6073
12.445
12.6929
14.6073
13.0088
9.39746
9.24603
8.80378
9.39746
9.25596
19.4812
19.4812
19.48
15.3607
10.1767
7.9579
7.9579
4.70434
4.93073
6.34592
18.0901
14.4101
18.0901
8.87258
8.76048
14.7195
14.7195
14.5541
10.1428
6.2136
11.0418
11.0162
11.0418
6.7597
7.66627
8.86575
6.8928
8.86099
8.80522
8.86575
17.0634
16.3985
15.6101
17.0634
11.2046
8.47903
8.02494
8.36366
8.47903
5.41887
13.4473
11.3053
12.2164
11.0047
13.4473
15.1599
15.1599
12.7314
14.439
9.03337
14.2488
12.4943
13.4642
14.2488
12.0029
12.1457
12.1457
11.6625
6.77707
6.3312
12.6295
9.87695
12.6295
10.0219
12.6062
18.1627
18.1627
13.2195
11.724
6.35019
20.6723
15.8103
18.4771
20.6723
18.5812
16.4875
16.4875
9.63728
15.7892
8.81034
20.1766
20.1766
15.4343
18.847
12.6631
16.2331
16.2331
13.5804
14.5568
10.0364
16.167
16.167
10.4664
10.5236
7.15172
13.6286
10.7534
13.6286
11.6526
13.1169
16.7164
16.7164
16.6762
16.6032
11.9358
21.0025
15.2619
21.0025
18.6199
17.4402
20.6591
15.923
20.6591
14.8496
15.7501
17.3439
17.3439
11.1553
14.6206
10.3645
15.9194
15.1028
13.8227
14.9293
15.9194
20.4212
20.4212
19.7419
11.2999
10.6247
17.905
17.905
16.9967
10.6628
8.91458
7.76509
7.7551
7.76509
3.47772
5.34206
17.2466
12.2172
15.2658
15.6089
17.2466
19.3394
17.065
17.3495
19.3394
18.0388
18.6516
15.7516
18.2774
18.6516
17.6733
17.0782
12.458
15.1132
16.7281
17.0782
16.4398
15.9755
16.4398
11.8953
12.4435
21.2465
21.2465
12.8973
17.6258
11.6313
14.1755
14.1755
12.9516
7.42524
8.40759
19.3729
19.3729
13.8398
17.6256
8.81964
16.3577
11.0982
16.3577
9.90793
6.74185
17.5707
15.895
17.5707
10.1919
8.13995
20.0077
20.0077
16.7424
18.954
15.9137
24.9164
24.9058
24.9164
14.2115
10.4173
14.9697
14.9697
13.5269
12.5831
10.9047
13.9044
13.7623
13.9044
13.2873
12.1807
16.5913
16.5913
16.5809
9.704
11.075
10.6429
10.6429
6.79953
6.93711
6.90177
1.96583
0.943091
1.6418
1.96583
1.96499
18.9199
13.0774
16.8075
18.9199
18.1945
18.0444
16.1884
16.6838
18.0444
16.2535
