14.0996
13.7634
11.2007
14.0996
8.56164
9.05075
9.05075
7.86765
9.04542
6.75967
20.6598
13.9364
20.6598
20.2655
20.2339
9.47809
9.0305
7.19874
9.47809
8.9135
19.748
13.8022
19.748
14.9496
16.9802
15.6506
15.6506
15.6122
15.3919
12.8077
13.3932
11.2995
13.3932
11.0799
12.536
8.68654
7.84133
8.68654
8.2751
8.0458
17.9311
17.9311
14.8165
16.5603
13.9079
9.30043
8.12939
9.30043
8.57328
6.57565
17.1734
12.3804
15.5916
15.4162
17.1734
14.912
14.2482
14.4648
13.7135
14.912
14.9845
14.252
13.7519
14.9845
13.8382
15.0253
15.0253
11.733
14.3007
12.0178
13.2674
9.45509
12.9378
12.5519
13.2674
20.9412
20.9412
20.9273
18.4638
15.3375
19.4594
19.4594
17.7606
17.098
13.5482
14.6105
14.3623
14.6105
13.9638
11.2284
21.5912
18.5852
14.4926
21.5912
13.7989
17.8843
17.8843
17.7778
17.0291
14.3801
15.4863
15.4863
15.2588
15.0107
12.3086
14.8295
11.3153
12.4118
13.5487
14.8295
17.7035
12.6486
14.7113
17.7035
17.6933
18.9919
18.9919
18.0856
17.733
17.2092
19.7457
15.551
19.7457
17.3001
18.7837
19.5381
18.7274
16.9352
19.5381
14.9345
19.9722
16.7943
14.3474
19.9722
16.2877
22.7194
19.0595
22.6829
22.7194
22.65
19.8056
19.0943
19.8056
19.2409
18.6456
9.01743
8.88955
9.01743
8.60094
8.58299
22.6088
21.512
22.6088
21.4113
17.5784
17.892
17.892
14.4721
16.8798
11.0056
19.8005
19.8005
18.8362
17.4074
16.0787
17.9058
17.9058
17.9021
17.4679
17.4838
19.5606
12.3653
13.6986
19.5471
19.5606
23.5728
23.5728
23.358
17.659
14.3553
14.9823
13.8553
13.9382
14.9732
14.9823
18.9789
18.9789
16.4435
16.6584
14.0789
18.7305
11.1346
18.7305
13.92
14.7219
20.4038
15.9929
20.4038
15.9947
16.3286
22.5151
22.5151
21.761
16.6237
14.0848
19.5465
17.4649
19.4953
19.5027
19.5465
23.92
16.3667
15.6625
23.92
20.3067
23.9208
15.5098
16.3924
18.9586
23.9208
20.9169
12.8226
13.6757
20.8952
20.9169
13.0512
13.0512
9.47187
12.4781
10.2395
1.96583
1.96583
1.96499
1.96499
1.96583
22.128
22.128
21.1732
17.7806
15.5078
19.2386
19.2386
16.1429
18.501
14.2806
