13.8575
12.9737
12.9643
13.8575
13.0332
8.97464
8.5213
8.48887
8.97464
8.63311
19.8917
19.8917
19.867
17.5549
17.5404
12.1648
12.1648
7.15846
7.3032
8.42128
19.2826
13.7653
18.7909
13.0032
19.2826
16.1045
16.1045
16.0305
12.2493
12.2471
12.6025
11.2147
11.5978
11.7468
12.6025
8.64967
8.41352
8.25614
8.64967
8.3552
17.9057
17.9057
14.7169
16.5077
12.6726
11.7472
8.64666
11.7472
8.17491
9.67181
14.5243
11.7905
13.4659
12.9462
14.5243
14.5845
14.5845
11.4038
14.4914
12.0696
14.4412
13.8363
13.7203
14.4412
13.6511
15.7722
15.7722
12.4966
12.1428
10.7739
12.9438
10.3602
12.9438
10.2594
11.3613
21.55
21.55
14.0495
15.6541
12.9369
23.5562
23.0848
23.4862
23.5562
23.5398
15.2844
15.2844
10.1063
14.1576
10.1029
21.1866
21.1866
15.1108
20.3162
15.9266
18.5326
18.5326
15.2271
15.2843
15.6658
17.0471
17.0471
12.1841
15.1079
14.0391
13.8747
11.8199
13.2961
12.9336
13.8747
16.6722
16.6645
16.6722
15.4334
14.8243
23.5849
20.8745
23.5849
20.8427
20.2939
23.2089
17.4354
23.2089
17.3967
16.9251
17.8928
17.0131
14.8807
17.8928
15.771
18.7447
16.0782
15.0023
18.7447
15.6473
21.0418
21.0418
21.0143
18.4144
18.3717
18.3793
17.7629
18.3793
15.4007
15.1456
9.06708
8.61413
8.60124
9.04232
9.06708
24.2902
17.0685
20.0798
22.9888
24.2902
19.2122
17.6796
18.7576
18.7974
19.2122
21.5282
21.2836
21.314
21.5282
21.374
20.1967
17.0891
18.3873
20.1967
19.2939
16.2717
14.7309
15.3163
16.2548
16.2717
24.0804
24.0804
15.4942
19.9431
14.9096
13.1016
12.9778
12.9758
12.9494
13.1016
20.9443
20.9443
13.1545
14.7619
11.3455
19.0586
10.5279
19.0586
10.9719
18.9498
18.8077
14.6157
18.8077
13.0121
17.478
24.0387
24.0387
19.5811
23.9111
19.4939
18.935
18.935
18.8682
18.2552
18.2257
17.1018
17.1018
16.2168
15.452
16.3086
18.421
14.4434
15.0255
17.9581
18.421
16.37
14.5753
14.6153
16.3529
16.37
16.9293
16.9293
12.4244
10.1879
10.7502
1.96644
1.96499
1.96644
1.96499
1.96499
23.7051
19.9552
20.8534
23.7051
22.7412
21.2063
20.2538
19.3901
21.2063
19.3897
