13.468
11.8886
10.8377
13.468
4.439
8.90887
7.79233
8.00637
8.90887
3.58304
18.2405
11.4078
17.8305
17.9281
18.2405
8.81058
8.81058
8.12264
8.13436
7.1821
14.6477
13.3568
14.6477
14.3439
14.4244
15.1533
11.5831
15.1533
14.89
15.0837
12.882
11.1455
12.882
11.8921
11.9044
8.51075
6.96447
8.51075
7.91318
7.64553
17.7018
17.7018
11.064
16.7574
11.9253
8.54811
8.54811
8.12314
6.866
6.3492
16.1405
11.0478
16.1405
12.0877
14.5312
14.6901
14.1551
14.6901
14.0247
11.8739
14.5898
12.7974
12.9889
14.5898
12.2522
14.9624
14.9624
12.4215
11.1105
8.91454
12.629
9.38325
12.629
10.8013
12.1093
21.2986
21.2986
20.3271
14.1971
9.56086
23.0366
18.0736
16.0203
23.0366
13.9238
14.7977
14.7798
14.6651
14.7977
8.74821
20.6158
17.8276
13.7141
20.6158
13.9465
18.4662
18.0856
18.4662
16.5971
12.1075
16.0697
16.0697
15.0586
15.6307
8.38339
13.367
11.587
12.771
11.839
13.367
16.078
12.971
13.0669
15.8151
16.078
19.798
19.1241
15.9244
19.798
15.3149
17.0798
16.0139
16.0153
16.5087
17.0798
17.1716
17.1449
15.5078
17.1716
13.0234
20.3948
15.8234
15.8685
20.3948
14.8413
20.7829
12.7714
20.7829
20.2943
20.7467
17.8481
12.3482
17.8481
17.4621
17.7898
8.72874
7.7711
8.08438
8.72717
8.72874
23.5432
13.2821
13.7087
23.5432
13.9719
18.2795
15.1375
14.0836
18.2795
6.50874
21.0736
19.0032
17.1806
21.0736
16.3846
19.0475
13.4064
16.4453
19.0475
15.0776
17.829
17.829
17.8031
17.0729
17.1482
23.9345
23.9345
19.8363
22.6795
10.6513
14.6456
13.1496
14.6456
14.3358
14.6222
18.6845
18.6845
14.9363
15.8237
14.5861
14.828
10.9459
14.828
13.5243
13.4758
16.2761
11.1904
16.2663
16.1582
16.2761
23.7406
23.534
18.3231
23.7406
13.1081
16.8205
13.6142
16.6375
16.6858
16.8205
15.3864
11.9587
12.3314
15.3864
12.3473
16.5538
14.7851
16.3544
16.5538
16.355
18.0328
17.6589
18.0328
17.7157
17.127
13.352
13.352
8.48777
10.0299
6.51356
1.96499
1.13922
1.9549
1.9483
1.96499
24.9173
15.3584
14.0527
24.9173
13.1529
24.9147
17.4352
15.218
24.9147
10.8965
