14.4873
12.435
13.4802
14.4873
13.9389
9.67992
9.03356
8.86762
9.67992
8.88188
18.5885
17.5051
18.5885
8.56289
5.37546
10.5436
10.5436
5.17774
4.24978
3.9698
16.0494
12.3163
16.0494
5.11559
5.62974
13.9706
10.8409
13.9706
3.9496
4.24657
10.737
9.97066
10.737
4.72723
5.24507
9.22447
8.72158
9.16347
9.22447
9.15942
17.1277
17.1277
16.602
13.9581
11.9372
10.3594
9.48439
10.3594
3.06438
4.43913
14.8854
11.8452
14.8854
11.586
10.4896
19.0024
19.0024
12.1316
10.9266
8.98438
15.9332
15.9332
14.6292
15.3193
13.4637
14.1546
14.1546
8.62222
6.20501
6.25176
14.2247
11.0561
14.2247
9.16796
10.0395
18.4724
18.4724
13.9415
8.54665
6.97072
16.8362
16.1612
16.1563
16.8362
16.0746
15.098
15.098
10.6518
9.8582
9.86101
19.7891
19.7891
15.2631
15.1395
14.409
17.7898
17.7898
14.4793
8.09635
8.44503
18.5583
18.5583
11.7979
6.26565
6.87612
14.1133
12.9039
14.1133
11.8967
11.9563
15.3223
13.8161
15.3223
5.83949
5.22627
17.7661
14.8176
17.7661
14.0487
14.383
18.6606
14.175
18.6606
12.7218
11.5046
18.3329
18.3329
11.6905
8.00172
8.06599
15.9129
15.9129
15.3917
13.4741
13.1295
20.6364
17.554
20.6364
6.45364
6.08163
18.1019
14.6664
18.1019
7.16369
6.0979
7.91467
5.73941
7.91467
2.39189
2.7986
15.8948
15.8948
15.424
14.4189
13.7538
17.7619
15.536
16.6014
17.7619
17.3002
16.9201
16.3146
16.9201
15.6081
14.6571
16.4752
14.6959
16.4752
12.6888
13.1738
13.2565
11.9882
13.2565
6.27744
5.12847
17.6296
17.6296
13.6403
12.8772
11.8934
13.565
10.6455
13.565
4.15506
4.40158
18.1298
18.1298
15.1828
9.30193
7.73314
15.679
11.4607
15.679
3.56335
5.62695
17.9011
13.1316
17.9011
7.71703
5.85952
16.1672
16.1672
14.053
14.8791
14.051
17.3715
16.0727
17.3715
4.30128
3.36882
16.4674
16.4674
14.066
9.71948
8.6161
15.4771
15.4771
15.3573
11.0141
10.9986
12.2633
12.2465
12.2633
6.53401
4.8124
13.2597
13.2597
6.52999
6.22351
5.17082
1.95242
1.95242
1.93868
1.56581
1.90833
14.3825
12.4072
13.5442
14.3825
14.3052
16.2528
16.2528
15.3371
15.6441
14.7365
