14.5585
12.2013
10.4734
14.5585
11.5351
9.59617
8.6656
7.97442
9.59617
8.62916
19.7086
17.7477
19.7086
11.3201
12.6282
11.5934
11.5934
8.56431
9.28318
7.33668
19.2164
11.9584
17.296
11.0703
19.2164
15.1922
13.4854
15.1922
12.0096
12.0348
12.9151
12.9151
11.6032
9.27967
11.275
8.75421
8.67006
8.07072
8.59075
8.75421
17.5806
17.5806
15.0809
17.1401
15.5592
10.9647
9.16037
10.9647
8.57631
9.98081
16.6468
16.6468
14.4703
13.1792
13.7361
17.3608
17.3608
11.5148
14.601
11.5796
15.3402
14.1519
13.6269
15.3402
14.4125
14.6775
14.6775
11.7573
13.6301
12.2215
12.9559
12.1439
12.9559
11.7089
12.8035
17.9801
17.9801
14.534
17.6394
14.5758
15.7889
15.773
15.2688
15.7889
14.7475
15.9343
15.9343
10.0055
15.5437
10.5495
20.3118
20.3118
14.7588
19.4402
14.5515
15.2237
15.2237
14.8267
15.0143
14.7769
17.0102
17.0102
12.3958
15.079
11.6947
16.0335
12.5559
16.0335
14.3745
12.645
15.7061
12.7345
15.7061
11.1671
13.3703
18.5174
16.9641
17.5432
18.5174
18.4819
19.1782
18.2429
19.1782
16.4995
17.2856
16.2237
15.1728
13.0547
16.2237
12.2721
17.7713
17.7713
13.7106
16.0827
13.0312
21.1105
18.6597
21.1105
12.6478
13.7106
18.1766
17.6001
18.1766
12.4882
14.4103
9.49078
7.55577
8.26524
7.94179
9.49078
19.4544
13.196
13.9301
19.4544
13.7272
17.5728
13.9525
12.3402
17.5728
15.1137
17.2611
17.1036
17.0099
17.2611
16.9693
16.756
16.756
16.2917
15.0455
13.4134
13.7448
13.3577
13.7448
13.4758
13.4817
18.5353
16.1749
12.8488
18.5353
12.3946
13.5348
12.4088
13.5348
10.5603
12.7069
19.6404
19.6404
14.8193
16.5163
14.5016
18.1593
11.0258
17.6641
10.6469
18.1593
18.0592
14.2923
17.6141
12.1909
18.0592
17.3881
14.6209
13.94
17.3881
14.7364
17.0612
14.7531
17.0612
10.4528
11.0842
19.0364
16.0416
13.5946
19.0364
12.9398
16.9305
15.0947
14.105
16.9305
15.5471
13.505
12.886
13.505
10.5668
12.8366
14.7639
14.7639
12.1161
12.6784
11.8079
1.96621
1.95211
1.96621
1.93158
1.96402
16.757
12.6954
13.4326
16.757
13.6917
17.1464
17.1464
12.6879
15.9668
14.77
