13.7098
12.2606
12.5989
13.7098
12.7425
9.49373
7.54706
8.43587
9.49373
8.19662
17.4716
17.4716
17.3544
9.18857
9.86452
7.81623
7.66205
7.81623
5.09639
4.84203
20.6785
15.7251
20.6785
8.96485
6.29825
14.7817
14.7535
14.7817
6.86375
5.80223
11.4974
11.4489
11.4974
7.0381
5.4459
9.31829
7.42054
9.19916
7.87987
9.31829
18.3901
18.3901
15.6957
15.9869
14.4624
8.49766
7.27712
8.49766
5.29071
5.40553
14.8447
12.7849
14.8447
14.0881
13.8706
13.7584
13.4106
13.2435
13.7584
10.2017
16.0749
14.1344
16.0749
14.317
15.2149
13.3166
13.3166
9.82633
9.09272
7.35832
13.8035
9.59623
13.8035
10.7814
11.0253
16.008
16.008
10.0057
13.3213
8.53518
21.0051
19.5782
21.0049
20.621
21.0051
13.8949
13.8949
11.0352
12.595
9.74172
19.1944
19.1944
15.9238
16.3253
15.9798
16.1896
16.1896
12.4674
13.7542
11.185
13.3965
13.3965
9.36461
10.9154
9.39759
13.6846
11.5017
13.488
13.6846
12.4256
14.5459
14.1092
14.5459
7.60359
7.26255
19.7023
19.4998
19.7023
19.5477
19.2039
20.8634
16.546
20.8634
15.6334
16.9832
16.5945
16.5945
13.0779
15.794
13.1137
15.9348
15.1986
15.9348
14.6722
15.7465
18.6481
18.6481
18.2912
9.75162
9.32482
17.1724
17.1724
17.1321
10.1241
9.03295
7.81322
7.81322
7.76325
4.23157
3.39275
19.6384
17.1368
15.0726
19.6384
19.1809
17.4354
16.1131
16.009
17.4354
16.1795
20.7543
19.6603
20.7543
20.0028
20.2001
18.2822
15.8906
18.2822
18.1405
17.2247
17.8819
17.8819
17.8591
8.83141
9.67903
19.3103
18.2904
14.3459
19.3103
13.3654
14.4222
14.4222
14.2395
7.14525
6.225
19.362
19.362
13.5154
11.3515
10.9414
14.6839
11.1443
14.6839
7.46178
5.7597
19.2305
14.7298
19.2305
9.73431
8.14121
20.5904
20.1173
17.5942
20.5904
17.8319
16.7936
16.7936
16.545
7.13605
6.16203
16.5695
16.5695
14.8308
13.9685
14.1347
14.8703
13.0901
14.4931
14.354
14.8703
19.3048
19.3048
19.2291
8.20711
7.9694
11.19
11.19
8.87832
8.12362
6.64679
1.96644
1.96499
1.96644
1.85923
1.95356
21.0068
18.7711
17.0634
21.0068
19.8156
18.8476
18.8476
16.8189
18.0764
17.0514
