14.9414
13.4222
9.96746
14.9414
9.71417
9.96262
8.15592
6.71066
9.96262
6.50737
16.891
14.9087
16.891
12.6779
10.9565
11.6283
11.6283
8.79151
3.33948
5.34262
17.9058
12.3422
17.9058
9.01772
8.84375
12.7716
12.2575
12.7716
5.02915
4.78599
10.4172
10.0662
10.4172
4.92055
5.22198
9.06875
7.4123
7.22948
8.48755
9.06875
17.8419
17.8419
14.4223
17.2538
14.3505
11.742
8.16883
11.742
7.93249
6.69747
13.3846
11.7275
13.3846
11.8092
12.1144
15.7968
15.7968
14.9149
15.4592
12.4731
15.2018
14.9845
15.2018
14.9642
13.3601
15.1074
15.1074
13.0758
6.32369
8.05492
12.6705
11.5455
12.6705
11.5171
12.008
17.9805
17.9805
14.9809
9.95709
10.6063
17.2825
15.561
14.3114
17.2825
13.2339
15.3091
14.6906
10.9452
15.3091
12.245
16.9951
16.9951
16.1959
15.6388
15.4203
19.4761
19.4761
16.1464
11.4388
13.4919
19.1473
19.1473
13.6553
8.85726
12.0269
14.5742
14.23
14.5742
12.8
12.4136
12.7496
12.7496
12.5386
9.21837
9.97206
17.304
16.9655
15.6269
17.304
13.5763
16.4203
16.2949
16.4203
16.2579
14.3236
18.1823
18.1823
15.7302
11.5721
13.4118
17.342
13.8026
17.342
13.9889
14.7907
18.6825
16.7227
18.6825
9.72539
8.79803
17.1751
15.6822
17.1751
8.96378
7.31928
7.96713
7.42624
7.96713
2.84538
3.75497
17.2448
15.1909
17.2448
14.7976
13.61
17.7698
14.9772
11.378
17.7698
11.1751
17.2579
17.2579
17.1134
17.2036
14.7835
17.0873
14.0888
17.0873
13.267
12.4152
14.3489
13.4643
14.3489
10.5529
9.8777
16.9684
16.9684
14.5954
14.2485
12.164
13.1952
12.5591
13.1952
5.05276
5.22938
19.4057
19.4057
14.4136
12.8606
12.1268
18.587
12.7394
18.587
9.99716
9.70943
18.6078
14.278
18.6078
8.71175
8.73961
15.6121
15.5335
13.8779
15.6121
13.864
15.1063
13.5452
15.1063
8.51203
8.87621
16.5664
16.5664
15.8618
9.79917
12.8048
15.9226
14.6119
15.9226
13.3627
15.5052
13.2545
11.8277
13.2545
8.2256
6.98453
15.9156
15.9156
12.7979
4.75739
7.23142
1.96644
1.96499
1.96644
1.87965
1.89407
14.7039
13.7027
12.9952
14.7039
12.9648
16.4404
14.7834
14.3956
16.4404
12.2809
