14.604
12.6035
13.7502
14.604
13.8109
9.63617
8.59221
9.40125
9.63617
9.20469
18.0095
18.0095
17.6729
11.701
10.0056
11.3328
11.3328
6.95743
5.06969
4.6106
19.5873
12.8211
19.5873
9.29313
8.40273
13.8022
13.7676
13.8022
8.55078
6.48949
11.7263
11.3996
11.7263
6.91561
6.3912
9.02652
8.64342
8.68897
8.83357
9.02652
17.7334
17.7334
16.0759
15.2689
14.3705
10.4235
9.25465
10.4235
4.24671
7.20877
14.573
12.8508
14.573
13.715
13.1924
17.0307
17.0307
12.3463
12.9433
10.2191
17.2565
15.4751
14.2679
17.2565
14.2619
15.4709
15.4709
9.21613
8.70359
9.78223
14.3004
11.8267
14.3004
10.3743
10.1384
20.1234
20.1234
14.0096
11.1173
12.7767
20.259
19.0045
19.213
20.259
18.662
14.4408
14.4408
12.9499
10.2416
9.81635
17.8513
17.8513
15.2206
15.4902
14.6034
18.0719
18.0719
15.1694
12.3099
14.2775
17.2263
17.2263
13.8097
11.1367
14.1256
14.9095
12.3966
14.9095
12.3388
12.9593
16.4126
15.8495
16.4126
8.91684
6.5941
20.4301
19.3736
20.4301
19.0698
16.0239
18.7393
17.1861
18.7393
15.7514
14.4302
17.5539
17.5539
15.0521
14.1464
13.6282
16.9585
16.9585
14.008
13.9733
13.9166
19.4904
19.2689
19.4904
11.626
9.55646
18.5318
17.7893
18.5318
11.4955
9.4502
8.43552
7.83817
8.43552
3.99623
3.518
17.9729
17.9729
14.8946
17.4128
15.0592
18.5874
16.3364
18.0297
18.5874
18.2098
19.5177
19.5177
17.9403
18.711
16.6936
17.3984
16.5857
17.3984
15.1384
14.9725
18.0052
17.3392
18.0052
8.71261
8.08203
19.2421
19.2421
15.7798
15.4195
13.4252
15.0422
14.7309
15.0422
8.18031
6.4391
19.9947
19.9947
13.8764
11.1946
10.2621
19.8126
13.4306
19.8126
8.3169
10.301
21.5994
16.9132
21.5994
10.6676
9.76658
18.4226
18.4226
16.465
18.3233
15.2313
18.8452
18.2726
18.8452
8.38147
6.10503
17.0745
17.0745
13.1431
12.5735
12.509
16.3119
16.3119
16.0147
12.7288
13.7165
17.886
17.5028
17.886
7.93118
6.66786
14.6814
14.6814
8.40813
7.49486
8.17448
1.96499
1.95826
1.96499
1.51829
1.95737
17.4973
17.4568
15.393
17.4973
16.101
18.0436
18.0436
17.2389
17.9545
17.1249
