13.4135
9.93435
6.62021
13.4135
8.3246
8.93982
6.55573
5.3551
8.93982
6.03469
16.9112
11.2295
15.4369
16.3659
16.9112
8.74606
8.08863
8.74606
7.96983
5.46612
17.9746
14.5868
17.9746
17.5158
14.4339
13.0475
11.7175
13.0475
12.8172
12.5994
12.3223
11.1394
12.3223
9.91164
9.74343
7.92847
5.9713
7.17601
7.92847
6.62297
18.6952
16.5327
13.9731
18.6952
15.4332
9.5654
8.67708
9.5654
8.41392
5.86745
16.1392
9.93456
16.1392
12.5672
12.6736
13.8548
12.8504
11.8302
13.8548
11.2103
14.7597
12.7869
12.8504
14.7597
12.8794
13.784
13.784
11.1592
13.2092
7.72593
14.0826
9.94998
12.1481
10.9
14.0826
17.9443
17.9443
13.7072
15.6604
9.69871
16.8612
13.3495
12.03
16.8612
14.1031
11.4678
11.1498
10.3423
11.4678
9.82789
18.5484
15.994
13.3138
18.5484
14.693
18.56
17.1975
15.9658
18.56
12.8896
17.581
17.2447
13.1566
17.581
9.15008
13.5383
13.2283
11.1844
13.3884
13.5383
15.5985
11.7251
12.5522
15.1754
15.5985
17.4395
15.6006
14.675
17.0026
17.4395
17.7105
13.9397
17.1808
14.7912
17.7105
18.6007
17.8418
14.3122
18.6007
13.0571
16.3896
13.5118
13.6711
16.3896
14.329
18.8735
12.0221
16.7598
18.3198
18.8735
17.1054
11.3438
16.9487
16.5277
17.1054
8.08433
8.04759
8.08433
7.56962
5.27575
17.6593
15.5437
15.136
17.6593
13.4062
16.1459
13.0003
7.2069
16.1459
9.8446
17.9378
16.7214
16.0849
17.9378
16.619
17.0681
15.1952
16.3198
17.0681
15.2398
14.353
12.5843
14.0419
10.9991
14.353
18.1366
16.8394
11.6465
18.1366
11.9996
13.5782
11.7985
13.5782
13.3746
12.2569
18.4739
18.4739
14.2328
17.6743
13.2897
19.1572
18.2019
19.1572
17.029
11.0801
19.0995
11.9068
19.0995
18.1566
17.7362
18.7817
15.869
11.6259
18.7817
13.7203
15.8844
11.1684
14.4825
15.8037
15.8844
16.0779
16.0779
14.9307
15.9808
14.0878
16.9902
13.9116
16.9902
16.486
14.8549
12.9699
12.2424
12.9699
12.8996
11.6134
11.7631
11.3728
11.4685
11.7631
8.5712
1.96151
1.41022
1.95737
1.96151
1.93687
15.7519
15.078
12.6155
15.7519
13.3152
16.8286
16.613
12.0375
16.8286
12.4913
