14.3955
14.1354
14.3955
13.3171
13.2777
9.14124
0.793405
9.14124
1.11908
8.96093
14.1359
14.0916
14.1359
13.7578
13.6878
4.96483
4.96483
4.96483
4.96483
4.96483
16.6247
15.0515
10.5816
16.6247
10.3381
10.7594
10.7594
10.0661
10.754
9.90878
8.50778
7.32086
1.64013
8.50778
1.82163
15.5711
15.5711
13.3753
13.1014
11.2248
18.4233
18.4233
18.413
16.8405
16.8238
14.4482
12.4908
6.97451
14.4482
8.78765
17.2516
10.6331
15.83
11.1826
17.2516
10.5414
10.5414
9.30274
10.436
9.31666
20.9185
8.79624
20.9185
7.89081
16.4756
18.9186
11.5919
18.9186
9.46273
14.6036
22.9051
22.9051
13.6198
18.012
12.8304
13.1362
7.38338
11.1791
8.14568
13.1362
7.82739
6.99722
4.60308
7.82739
4.7236
4.02827
0.735591
4.02827
0.786989
3.94353
12.3371
11.5387
12.0098
11.5416
12.3371
14.6577
14.6577
12.6483
14.2042
12.1173
11.8788
11.3751
2.48852
11.8788
3.48418
12.4659
8.6145
9.37054
9.0839
12.4659
12.9536
8.60346
11.209
8.71607
12.9536
12.9005
2.64576
11.9341
4.2739
12.9005
12.101
12.101
5.17274
9.92302
6.90893
16.52
15.667
6.47643
16.52
6.15256
12.681
10.6269
10.5097
12.5971
12.681
11.5181
10.8131
10.5377
11.5181
11.3072
13.2178
12.9706
13.1384
13.1501
13.2178
19.7412
19.6323
16.959
19.7412
16.4719
22.0981
22.0981
22.0768
21.8813
21.8707
14.1739
13.7957
11.842
14.1739
12.152
12.8756
12.8756
12.5232
12.07
11.6272
14.2173
7.53708
14.2173
9.294
13.1263
10.9514
10.8651
10.9514
10.9197
10.9447
17.1824
17.1824
17.1824
16.2638
16.2584
7.56408
7.15983
0.799041
7.56408
1.05537
13.9089
13.2633
13.9089
13.0246
13.5244
18.2339
15.1684
18.2339
13.8295
16.3157
9.94054
9.89621
9.90544
9.94054
9.93553
14.0965
7.82981
14.0965
7.93653
12.2009
14.9046
14.6232
14.4828
14.9046
14.8983
12.2328
9.89807
12.2328
9.80997
11.3991
16.8999
16.0553
16.0482
16.8999
16.8848
14.8946
14.8946
14.8637
14.7247
14.6819
10.3855
3.93361
10.1911
4.36741
10.3855
17.0953
15.5529
13.5226
17.0953
14.8961
18.7639
18.7639
15.0812
16.2561
11.8335
17.1708
13.3887
15.807
14.784
17.1708
