11.4776
7.85124
8.29049
10.9613
11.4776
8.65442
5.10833
8.65442
7.2631
8.61591
12.8686
4.3636
4.35963
12.8644
12.8686
4.96426
3.342
3.39908
4.96421
4.96426
12.6521
12.1533
12.3294
12.6521
11.0464
8.89319
7.56573
5.785
8.89319
8.76377
7.92537
7.77362
4.6126
7.92537
7.48899
10.397
6.16898
3.64126
10.397
8.58673
13.4469
4.61292
4.51664
13.4442
13.4469
16.4247
16.3131
10.491
16.4247
14.4672
15.4119
9.49324
11.6702
11.6623
15.4119
10.5614
4.09247
2.62143
10.5614
9.30246
15.1524
9.6109
12.0054
12.685
15.1524
12.6489
6.23049
9.44733
7.61889
12.6489
15.0107
11.9052
8.81022
15.0107
11.3303
19.9265
9.14409
19.9265
13.7328
19.7775
8.42868
4.65704
2.32743
8.42868
4.51121
4.86325
1.08226
4.86325
4.30865
4.8602
16.6018
16.1491
16.256
16.6018
16.5088
12.9427
8.10054
4.79225
12.9427
10.965
11.3245
10.3313
8.4998
11.3245
9.7213
14.0558
9.25844
11.6859
8.87205
14.0558
11.9804
3.89616
7.19366
8.41609
11.9804
12.0032
9.74182
11.8978
11.4358
12.0032
10.2804
10.2804
5.53262
9.93229
7.84122
16.3136
12.3588
10.4757
16.3136
15.0972
17.0221
14.7778
13.2195
17.0221
15.1973
13.2426
12.8617
11.2928
12.9389
13.2426
16.6587
15.1357
13.6597
16.6587
16.6309
14.6181
10.2468
7.17552
14.6181
9.8253
12.5446
5.99042
5.96455
12.5416
12.5446
18.7875
18.7875
13.2991
18.4143
16.361
17.3994
16.345
14.4325
17.3994
17.1762
16.4484
14.0354
14.8984
12.6013
16.4484
17.3346
16.6465
14.5731
17.1773
17.3346
11.8572
10.457
10.4407
11.8572
11.6303
9.9575
9.83043
4.45471
9.9575
8.44262
16.7371
16.7371
14.8762
16.5626
16.0322
16.1879
7.11005
8.87352
11.3486
16.1879
9.49771
2.80173
2.65649
9.49558
9.49771
15.6602
6.26557
12.2416
10.4813
15.6602
14.8951
3.68933
3.48861
14.8915
14.8951
12.7727
3.99672
7.09082
9.8905
12.7727
9.93365
5.71514
5.62234
9.93135
9.93365
13.8987
3.79698
3.63846
13.8951
13.8987
12.2582
6.14339
9.47045
8.18359
12.2582
14.0885
10.6068
5.92182
14.0885
9.39888
15.2025
9.96581
6.84096
15.2025
9.27255
14.3294
6.79428
10.8946
9.5389
14.3294
