14.5844
11.1458
11.0234
14.4931
14.5844
7.89739
0.345535
4.718
0.998145
7.89739
14.2405
12.8735
12.8738
14.2405
14.174
4.96483
4.96483
4.96483
4.96483
4.96483
12.6802
10.231
7.31431
12.6802
10.6975
11.4818
9.0582
8.70777
11.4818
10.6013
8.62139
4.48691
0.760869
8.62139
2.35684
14.7449
10.9098
8.69208
14.7449
13.4219
18.7055
13.4542
13.4542
18.7055
18.6353
9.90787
4.35343
1.76994
9.90787
4.91932
13.847
9.80391
12.7966
11.2371
13.847
10.5605
10.5605
9.27539
8.82377
8.6677
15.3723
7.0533
10.2331
9.16268
15.3723
13.8886
7.0613
10.1192
11.4135
13.8886
16.666
11.2246
8.45238
16.666
12.8676
9.31486
1.64223
4.53042
5.26524
9.31486
8.95265
8.95265
4.48315
8.43589
4.54994
4.97656
0.292907
4.97656
0.596614
4.44653
10.4273
5.27289
5.22156
10.253
10.4273
15.0385
13.4366
10.9599
15.0385
12.6698
9.99305
4.48732
1.32254
9.99305
2.48855
9.95414
4.38382
6.5827
9.95414
7.60501
10.2371
8.40118
10.1459
8.75282
10.2371
10.7872
1.81068
5.02616
2.50366
10.7872
14.2737
6.18127
3.6393
14.2737
7.4774
12.3872
9.10483
5.99781
12.3872
7.92588
9.80718
9.80718
9.76934
9.30549
9.18613
9.7369
8.20627
8.10681
9.70891
9.7369
11.9583
10.061
10.1458
11.8725
11.9583
15.6655
15.4467
11.6362
15.6655
14.4462
17.6379
14.9673
14.8991
17.6379
17.6218
10.9821
5.37513
6.09553
10.9821
10.58
10.6571
6.78225
6.91868
10.6232
10.6571
11.5808
8.37807
11.4623
8.37807
11.5808
9.80802
5.35495
5.32856
9.70668
9.80802
16.2843
11.6395
12.8046
16.2843
16.2485
7.60972
5.54844
0.114445
7.60972
1.08889
12.1096
6.64711
6.66595
12.1096
11.9512
16.8731
11.3414
14.5798
15.6331
16.8731
9.83491
9.58544
9.58544
9.83491
9.82892
11.6991
5.7496
9.52843
8.05951
11.6991
14.9048
14.9048
14.9048
14.9048
14.9048
11.9948
9.61039
11.6193
9.85749
11.9948
19.8483
11.3196
11.26
19.8483
19.8482
14.6313
13.9082
13.9082
14.6313
14.6213
8.29574
4.24361
8.29574
4.24361
7.861
19.481
12.3844
8.44439
19.481
16.3788
17.2499
13.2616
9.25178
17.2499
14.7884
19.3611
8.27829
12.2801
16.1895
19.3611
