13.6478
12.6291
13.1953
13.6059
13.6478
8.98034
7.37337
8.97925
7.34073
8.98034
11.8512
7.60364
7.84274
11.8512
11.8223
4.7046
4.7046
4.69633
2.9012
2.89641
16.0637
15.8248
13.1163
16.0637
13.3054
11.8342
8.40165
7.95066
11.8342
10.7386
8.40898
7.98143
7.87743
8.40898
7.94428
9.63111
7.1661
5.61138
9.63111
7.70643
16.4663
12.0902
12.0638
16.4663
16.442
16.2274
16.2054
13.8002
16.2274
14.7548
15.7833
9.40867
11.4699
12.9617
15.7833
9.79856
9.79856
8.62964
9.35095
8.18665
16.9478
13.1013
16.9478
12.0359
15.7067
11.5355
7.20347
9.05283
8.9296
11.5355
18.1353
18.1353
13.7721
16.9716
11.8068
15.5904
13.2468
15.5904
14.4971
15.491
8.1715
4.61211
4.57711
8.1715
5.89516
4.71378
4.24436
4.71378
4.26221
4.69069
24.9115
23.1804
24.9115
23.2157
24.6222
13.1309
8.7507
8.02994
13.1309
10.75
10.6894
10.6894
9.84959
10.6694
9.50523
13.0563
11.4435
13.0225
10.8359
13.0563
12.1435
7.27657
8.75064
8.23206
12.1435
12.3924
11.4425
12.3775
11.434
12.3924
11.5119
11.5119
8.68732
8.70177
10.5632
17.2591
15.6636
14.4795
17.2591
13.0754
21.3264
19.7014
19.7412
21.3264
21.2911
16.8338
16.6657
16.8338
15.8479
15.8828
20.6226
20.6226
20.6166
19.1596
19.1541
16.3015
16.3015
14.0877
16.0813
11.7892
16.8692
16.8692
16.8635
14.237
14.2145
21.8216
21.5572
19.8592
21.8216
19.6273
22.8126
22.777
22.8126
22.7571
22.6748
18.2127
13.8782
18.2127
13.4556
15.8637
23.9864
23.9197
23.9864
23.9398
23.9131
16.1361
13.2607
13.2327
15.4917
16.1361
9.74135
9.74135
8.36626
9.69587
8.39039
22.1649
22.1649
22.0614
21.6886
21.5878
17.9375
15.5405
17.9375
13.9922
17.3663
8.05229
4.42262
4.45789
8.04811
8.05229
14.7665
10.0532
14.7665
8.04219
12.0119
12.5434
12.532
12.5434
11.4022
11.3569
10.9388
9.45765
10.9388
8.28983
9.23684
10.4558
10.3206
10.4558
8.68527
8.64182
12.2343
7.65942
7.68392
12.2343
12.2299
12.1789
8.07568
9.37967
9.00704
12.1789
13.3204
13.3204
10.0109
12.5392
8.80031
14.8454
11.4215
8.77615
14.8454
9.70462
13.5014
9.71589
13.5014
9.09421
12.5288
