15.0792
6.84409
7.73669
14.8913
15.0792
8.69416
0.780503
8.69416
1.19748
8.15454
14.2256
9.26064
9.25866
14.1139
14.2256
4.69598
4.04727
4.01947
4.65255
4.69598
16.2309
12.6131
8.11754
16.2309
12.1615
10.9311
8.15117
7.74009
10.9311
10.6581
9.21544
7.62346
0.98624
9.21544
1.98807
11.9307
11.8732
9.2309
11.9307
9.37402
17.9462
8.68127
8.52603
17.9462
17.9435
13.8993
12.2031
6.78733
13.8993
7.71551
17.397
6.37945
15.0286
10.8802
17.397
10.1287
3.85394
3.28821
10.1287
8.76451
16.5623
5.14657
12.2733
8.84714
16.5623
13.6998
7.8858
13.6998
8.42124
13.64
18.6432
11.2472
5.45805
18.6432
13.0758
10.4675
6.87149
10.4675
8.72864
10.3119
7.88859
7.88859
4.42884
7.03326
3.88454
4.55802
0.591405
4.24953
0.791115
4.55802
15.6129
10.8543
11.9259
15.6129
13.6331
16.9237
11.4923
8.50141
16.9237
12.7447
13.9523
13.9523
2.2479
10.7913
3.53581
10.5378
7.23554
8.32051
10.4452
10.5378
11.3873
4.77045
8.28833
8.443
11.3873
12.9139
1.99718
12.9139
5.41834
11.5713
13.5043
13.5043
4.09034
11.3103
6.56136
16.7315
11.5544
8.58881
16.7315
8.45376
13.787
13.2098
13.5134
13.787
12.9831
13.2851
8.88861
8.46045
13.2851
12.3565
16.4824
10.2485
10.3713
16.4824
15.1775
19.0841
13.202
8.50851
19.0841
16.5237
21.4946
10.2208
10.2938
21.4799
21.4946
14.7405
11.8878
10.4693
14.7405
14.5844
16.9627
10.5358
10.6704
16.9627
14.5446
14.3605
7.39487
10.4481
10.1383
14.3605
16.0484
10.5897
10.8787
16.0484
14.0039
16.6447
10.5517
11.3442
16.6447
16.5366
9.4475
8.24472
1.05964
9.4475
1.0723
16.1163
10.6989
11.6782
16.1163
14.7231
18.3512
4.92028
7.93682
15.2038
18.3512
9.74585
9.74585
9.69565
9.44881
9.42396
14.2844
5.06118
7.79866
7.48926
14.2844
13.3211
5.64392
5.53356
13.3211
13.286
10.8443
4.98086
6.39818
9.71438
10.8443
14.4817
10.9014
10.1398
14.4707
14.4817
14.6774
9.65799
9.6173
14.6774
14.6391
11.6758
4.11353
11.6758
3.2899
9.45097
13.9442
13.9442
8.75438
13.8137
12.4829
16.5279
13.2433
7.85479
16.5279
11.3513
14.3422
9.19553
13.639
12.5115
14.3422
