12.2307
7.75334
8.59768
12.1491
12.2307
8.29994
2.65251
7.59664
8.29994
7.85177
13.7268
8.07261
8.01304
13.6493
13.7268
4.96483
2.87484
2.95634
4.96483
4.96483
16.664
12.9107
10.6966
16.664
13.6774
10.474
9.04235
6.41549
10.474
9.67842
8.62919
5.6899
4.52823
8.62919
7.70326
12.273
8.11439
7.48174
12.273
11.0093
16.0893
8.43482
8.37839
16.0893
16.0653
15.5018
13.4439
10.0085
15.5018
15.2563
16.0811
8.23893
12.7707
13.3173
16.0811
10.5727
4.65079
3.21327
10.5727
9.27539
16.3393
8.44431
13.897
14.1257
16.3393
14.1233
6.98955
10.4696
9.67709
14.1233
17.293
13.4703
8.45303
17.293
13.5447
15.0106
7.46586
13.0057
15.0106
14.5825
6.84735
5.43524
4.10836
6.84735
4.65733
4.29913
1.20737
3.75755
4.265
4.29913
16.8103
12.3063
13.7602
16.8103
16.3196
13.4634
9.50836
7.48797
13.4634
11.9708
12.0133
12.0133
5.56563
10.3184
10.1929
21.9149
8.2305
16.8243
10.5677
21.9149
14.9282
4.5804
10.1401
8.54981
14.9282
11.2385
6.94536
11.0438
10.8566
11.2385
11.2452
10.8116
6.72085
10.1984
11.2452
16.2905
13.5751
9.15091
16.2905
13.0695
15.014
11.8049
11.8273
15.014
14.9599
14.4092
10.3687
10.7898
14.4092
14.3578
17.6081
12.8901
12.9362
17.3435
17.6081
19.5127
11.0952
8.05861
19.5127
16.0472
20.8162
8.34844
8.32001
20.8162
20.8056
17.2766
13.5676
11.945
17.2766
16.0497
17.2577
12.0323
12.2394
17.2577
17.1509
16.2468
9.37137
10.6812
13.6331
16.2468
16.5896
12.373
12.4457
16.5753
16.5896
15.2568
8.01112
8.3161
15.2155
15.2568
8.83995
6.45688
2.46453
8.83995
7.22995
16.9039
13.7076
13.7468
16.6838
16.9039
17.1781
7.45439
10.2488
13.3266
17.1781
9.92856
8.23299
8.227
9.92856
9.92856
14.9737
6.03012
9.79719
10.4681
14.9737
14.9048
8.68925
8.63672
14.9048
14.9048
12.2328
5.68106
7.10512
9.66723
12.2328
16.1478
8.61156
8.60358
16.1478
16.1416
14.6535
8.55756
8.38155
14.6535
14.6535
8.69025
3.69466
8.35413
7.57394
8.69025
17.33
9.37792
7.51877
17.33
13.9853
16.2203
10.0357
5.7996
16.2203
11.63
17.4287
7.45914
9.38531
13.9016
17.4287
