12.2963
12.1639
12.2963
11.8931
12.0992
8.94637
2.10021
8.94637
2.64446
8.18983
12.2896
12.0168
12.2896
11.2185
11.1689
4.00245
3.89236
3.90345
4.00245
3.99531
17.0499
17.0499
12.1385
17.026
11.481
12.6926
12.6926
11.4268
10.8657
10.1701
8.62412
7.6941
2.64382
8.62412
3.48359
12.2008
11.2143
9.8227
12.2008
11.1679
16.0038
15.7196
15.9551
16.0038
16.0033
15.0349
13.1091
8.4739
15.0349
9.46835
15.2851
9.97045
15.2851
11.2228
14.2952
9.18485
8.54095
8.05074
9.18485
7.93668
15.5985
8.91416
15.3541
8.96005
15.5985
13.1826
9.84913
12.7127
11.155
13.1826
16.3379
15.9683
11.8023
16.3379
11.6578
10.9153
8.64872
10.9153
9.18621
10.7835
6.63134
6.63134
4.04688
6.31232
3.81565
4.88737
1.06724
4.21259
0.98743
4.88737
16.3847
11.359
11.7164
16.3847
13.333
13.1392
12.8777
11.2483
13.1392
11.4467
11.737
11.737
3.99825
10.983
4.14699
13.4452
10.18
13.4452
9.79642
12.4936
12.5075
8.55902
11.3734
8.66076
12.5075
14.9484
5.18532
14.9484
5.83837
11.6985
15.9399
15.9399
6.35446
9.99999
6.9441
20.9254
15.2287
8.30179
20.9254
6.87756
13.564
12.1364
11.9918
13.564
12.3113
13.6164
11.2874
11.1478
13.6164
12.4528
16.623
13.2002
13.0412
16.623
15.3474
19.0487
18.2095
14.1681
19.0487
14.3367
17.9537
17.0333
17.1609
17.8053
17.9537
14.7391
14.6372
12.6484
14.7391
13.4561
16.7234
12.6279
11.8524
16.7234
13.7677
13.91
10.0098
13.2806
11.9295
13.91
17.0479
11.1071
10.753
17.0479
13.586
13.2523
13.21
13.1805
13.1951
13.2523
9.95529
8.26961
1.44786
9.95529
1.2326
16.8205
14.2025
13.9087
16.8205
14.6091
17.2174
14.0109
15.7512
14.1207
17.2174
7.82167
7.81732
7.82167
7.73325
7.72889
14.0882
6.68958
10.8294
7.21618
14.0882
11.0755
10.8708
11.0089
11.0755
11.0665
9.82202
7.99257
8.34611
7.69987
9.82202
14.6495
14.6458
14.6495
14.5766
14.6175
12.0928
11.8738
12.0928
11.6065
11.6271
9.88675
3.97095
9.88675
3.40847
9.5287
16.5607
15.8469
12.7887
16.5607
13.1231
16.278
13.3387
9.2816
16.278
11.8929
16.0172
12.7202
15.3583
13.0787
16.0172
