10.921
10.921
10.9209
7.8845
7.62812
7.59393
7.30748
7.59393
7.3864
7.36423
6.90719
4.1217
4.12163
6.86811
6.90719
2.09491
2.09491
2.0945
1.35808
1.05266
13.7246
13.7246
13.7205
12.618
12.6045
9.43305
7.54045
7.53417
9.43305
9.43305
7.82537
7.82537
7.5747
7.78307
7.77051
9.13786
4.94216
4.8556
8.64952
9.13786
7.43847
7.43847
7.43585
6.00394
6.02515
14.5723
14.5536
13.9009
14.5723
14.419
11.9926
10.1854
10.1882
11.9926
11.7941
5.33255
5.33245
5.33255
3.36146
3.11024
13.2017
12.8637
13.2017
12.167
10.5944
10.5433
7.601
7.16561
10.5433
10.1218
13.6874
13.6874
13.3816
9.34318
10.7665
14.3412
13.9144
14.3282
14.3412
14.3181
7.50114
5.40065
5.39126
7.45344
7.50114
4.73822
4.31608
4.73822
4.3188
4.34714
24.0641
24.0097
24.0641
24.0168
24.0458
9.71061
6.78754
5.89247
9.39278
9.71061
9.56464
9.29817
9.29818
9.56464
9.38216
13.5488
12.2171
13.5488
12.1271
11.7501
7.18627
7.18571
7.18627
5.65358
5.30879
11.0216
10.4082
11.0216
10.7387
10.7551
8.41641
8.41443
8.41641
6.15785
6.57784
15.5501
15.5501
15.2342
13.1623
14.3264
24.9098
20.7573
20.6457
24.9097
24.9098
19.9345
19.9345
19.9322
16.9961
16.6838
24.9082
24.9082
24.902
20.5119
20.2362
12.7334
12.7334
11.422
10.8276
11.3515
8.91494
8.91494
8.91481
7.42989
7.44888
21.1876
21.1876
21.1445
20.9137
20.6581
24.5213
24.5213
24.5212
23.749
23.6117
16.7141
15.2617
16.7141
15.8955
14.9546
24.91
24.91
24.91
24.9081
24.91
15.7565
11.8586
11.054
15.7565
15.5081
8.49825
8.49579
8.4967
8.49525
8.49825
22.7602
22.7414
22.7602
22.1038
21.6314
14.8299
13.6609
14.8299
10.046
7.95094
7.4174
1.86265
1.87895
7.39531
7.4174
11.1586
10.7853
11.1586
9.53505
8.51587
9.458
9.45747
9.458
2.6398
2.43685
9.79195
9.79143
9.79195
4.71597
4.21411
7.12537
5.99847
5.99708
7.11927
7.12537
7.39537
3.41302
3.41294
7.37301
7.39537
9.83683
9.01659
8.51268
9.83683
9.57321
11.6229
9.97032
9.70435
11.0941
11.6229
11.9571
9.98847
9.96488
11.4804
11.9571
11.7028
9.82098
10.1476
11.7028
11.1467
