17.8902
13.589
13.0657
17.8902
17.3613
8.14945
2.1926
4.23718
2.86592
8.14945
14.5526
14.5526
14.4258
10.5773
10.5697
4.96483
4.96483
4.96483
3.50745
3.50757
13.384
9.48187
9.45394
13.384
13.1882
11.8266
10.7416
10.4008
11.8266
11.5721
7.93262
4.92095
2.90029
7.93262
3.91487
10.6984
10.6984
9.2155
7.48571
7.61352
17.0734
12.1198
12.1389
17.0734
17.0617
8.03334
5.27474
5.64049
8.03334
7.48022
13.609
11.8763
13.609
12.0806
13.2881
8.45973
8.2723
8.45973
8.17163
8.04832
15.302
5.54043
6.17238
11.4432
15.302
10.4261
8.53996
10.4261
8.39486
8.2459
16.3236
9.61369
9.00569
16.3236
14.5902
8.21198
5.11043
4.85811
6.21035
8.21198
8.38165
8.38165
4.46559
3.63698
3.65742
4.86516
0.94076
4.86516
1.2532
3.77485
8.40503
4.03648
4.77348
8.40503
8.36581
14.2478
14.2478
12.8747
12.1996
12.1629
7.16409
4.01448
4.36445
7.16409
5.60184
9.65439
5.83313
6.47822
9.65439
8.36885
10.1076
8.97018
10.0919
9.26719
10.1076
7.66125
4.54085
5.59081
4.80935
7.66125
13.8595
3.85274
1.93028
13.8595
9.41622
11.6743
4.8924
4.1479
11.6743
9.2407
9.81229
9.03296
9.81229
8.48192
8.52997
9.10296
5.77341
5.93373
8.96954
9.10296
11.9496
4.41682
4.99294
11.5737
11.9496
15.2479
12.3479
11.1564
15.0649
15.2479
17.8721
12.9005
12.9423
17.8721
17.8638
8.9018
4.53685
6.0395
8.37396
8.9018
9.38754
5.06331
6.28044
9.38754
9.25079
10.6911
5.56707
6.96765
8.75072
10.6911
7.83666
3.84384
4.9375
7.8309
7.83666
14.466
12.4688
12.8265
14.466
14.0886
7.70768
3.83312
1.36674
7.70768
1.48727
10.8436
4.77519
5.47607
10.8436
10.1734
16.4382
8.05033
9.70789
15.108
16.4382
9.55839
9.55839
9.53961
6.73996
6.7164
10.9581
3.00912
7.56593
7.87028
10.9581
12.7577
3.40423
3.40423
12.7568
12.7577
10.4899
0.751321
3.97543
10.2537
10.4899
12.4773
9.93135
9.93147
12.4773
12.4671
13.8035
13.7756
13.8035
10.4816
10.4458
8.27179
3.93301
8.27179
3.50916
7.63647
12.3995
11.217
8.5826
11.8593
12.3995
13.1065
13.1065
11.455
9.21077
9.36855
12.3949
8.48854
11.9795
12.3949
11.8642
