16.1565
16.1565
16.0482
15.6927
15.6641
7.79787
6.43562
7.74324
4.12036
7.79787
14.0744
14.0744
14.0744
14.0429
14.0429
4.96483
4.96483
4.96483
4.96483
4.96483
15.1973
15.1812
13.2894
15.1973
12.8732
11.2397
11.1624
11.1115
11.2397
11.0671
7.47027
7.47027
6.25772
6.83648
4.37674
15.3069
14.818
14.8566
15.3069
14.5796
18.689
18.4293
18.4293
18.689
18.6889
9.47712
8.88207
9.47712
7.08308
6.22158
15.7869
14.7507
15.7869
12.9114
14.6913
9.92897
9.92897
9.33357
9.80586
9.53692
13.4407
12.6004
13.2792
12.324
13.4407
15.2973
14.503
15.0228
13.8764
15.2973
17.0198
16.2365
16.2751
17.0198
16.0418
7.94625
7.94625
7.77936
5.54779
7.64258
8.39146
8.39146
7.73692
7.94122
6.27206
4.1464
3.4665
4.11649
2.25145
4.1464
9.85917
9.85917
9.67423
7.52905
7.90584
14.6944
14.6115
14.5477
14.6944
14.2579
8.78392
8.47898
8.78392
7.56631
5.78024
9.45106
9.04695
9.45106
8.59448
9.00546
11.1214
10.903
11.1214
9.56145
10.932
9.43828
8.57253
9.43828
5.20857
7.31604
10.0298
10.0298
9.36042
8.92771
7.71666
12.5157
12.5157
12.2964
11.7927
9.96252
14.6242
14.5596
14.6242
11.4381
11.4722
9.9164
9.85275
9.9164
9.61853
9.60985
12.2697
11.7363
12.2547
12.0503
12.2697
24.8888
23.1984
20.9403
24.8888
21.6165
24.8716
24.7846
24.7846
24.8716
24.8716
11.9429
11.0909
11.9429
9.05255
9.90983
11.8876
11.8876
11.7397
9.57249
9.54365
15.1742
15.1742
14.3461
12.0998
11.9502
9.77434
9.43698
9.77434
7.01797
7.2641
21.2029
21.2029
21.1011
18.921
18.8992
7.94816
7.63575
6.36891
7.94816
3.17678
11.7939
11.7939
11.6461
9.90482
9.54455
19.5922
17.8325
18.0277
15.8778
19.5922
9.93992
9.93992
9.93992
9.93488
9.93488
14.1939
13.1612
14.1939
9.62983
13.9485
14.9048
14.9048
14.9048
14.6057
14.6057
11.5774
10.4129
10.8682
10.5549
11.5774
19.2985
19.2985
19.2985
17.9733
17.9733
14.8901
14.8901
14.8901
14.8285
14.8285
11.0158
9.86515
11.0038
7.0819
11.0158
20.6685
20.6685
20.3907
18.7197
16.6025
19.9804
19.9804
19.1378
19.566
16.143
20.5581
20.2802
20.5581
16.4552
18.8348
