10.0199
9.02357
9.09685
9.93432
10.0199
8.1309
7.43794
7.43794
5.31065
8.1309
10.5048
8.36991
8.36991
10.5048
10.5048
4.96483
1.86186
1.82478
4.96483
4.96483
14.566
13.9024
12.9632
14.566
12.9508
10.2297
10.0354
9.85036
10.2297
10.226
7.91757
7.91757
7.86545
7.72115
6.46923
10.6661
10.3027
10.3027
10.6661
10.6661
13.5941
10.0197
10.0233
13.5941
13.5941
14.6013
14.6013
14.515
12.2006
11.7832
15.4674
12.5853
13.0988
14.6314
15.4674
10.5698
4.29308
4.15954
10.5698
9.26655
12.8603
11.4844
11.4874
9.02599
12.8603
11.7811
10.9919
11.4239
11.2564
11.7811
13.2797
10.4814
10.3703
13.2797
11.0132
14.1274
14.1274
14.1274
10.9063
11.4906
8.01134
8.01134
7.60507
7.7322
6.94442
4.88556
4.48194
4.48194
3.14703
4.88556
24.0245
24.0245
24.0245
18.0231
17.8752
12.1423
10.9242
10.9242
12.1423
12.0568
9.30919
9.30919
9.24441
8.15823
7.05231
11.6526
11.6526
11.5737
9.6444
9.69249
10.2072
6.27589
7.46275
8.15864
10.2072
10.8489
10.7158
10.8489
8.78073
9.55984
10.1118
7.33908
7.14929
10.1118
5.29124
14.0125
14.0125
13.8733
12.2103
9.3701
24.1352
24.1352
24.1352
22.6844
22.5393
16.6966
16.6966
16.6663
12.2178
12.1552
21.5442
21.5442
21.4959
14.2689
14.1268
16.012
14.3012
13.4432
16.012
14.2542
13.9812
10.9682
10.9718
13.9773
13.9812
21.1088
21.1088
21.0542
15.7039
16.1715
24.5098
24.5098
24.4981
16.8224
16.672
14.4986
14.4986
14.4748
13.0884
12.6417
24.91
24.91
24.91
18.1624
18.0386
20.0463
18.8353
18.8353
20.0463
20.0463
9.95545
8.64581
8.52367
9.95545
5.67196
22.2951
22.2951
22.2382
16.1333
15.8865
16.6193
9.70931
9.6608
13.2988
16.6193
8.88025
8.49368
8.49368
8.88025
8.88025
15.8556
10.6561
10.6005
7.90865
15.8556
12.536
3.68057
3.5895
12.536
12.536
11.5927
6.11213
6.04405
8.61008
11.5927
9.8985
7.83126
7.83126
9.8985
9.8985
11.5394
9.11906
9.11906
11.5394
11.5394
9.90989
9.80303
9.90989
8.47121
9.55408
14.2549
12.216
11.3831
14.2549
12.1576
13.753
12.9986
12.2936
13.753
12.7035
14.4464
11.4463
12.3988
12.4021
14.4464
