12.3116
10.718
11.7809
11.8094
12.3116
8.3594
7.97322
8.29764
3.21121
8.3594
13.9218
11.7735
11.8516
13.9218
13.9039
4.96483
2.34979
2.38533
4.96483
4.96483
16.3515
16.3515
14.0204
16.301
11.7682
10.9151
10.9151
10.2502
10.1071
9.63845
8.84139
7.78857
7.98856
8.84139
4.33338
14.7578
11.4108
11.124
14.7578
12.4613
17.4778
17.2636
17.3116
17.4778
17.4719
16.1288
16.1288
14.2536
14.7085
11.4232
17.6171
14.5887
17.6171
14.1704
17.3831
10.5354
9.10675
8.15644
10.5354
9.27539
17.9332
11.9335
12.9953
8.96357
17.9332
15.2588
11.9146
13.6108
10.1837
15.2588
18.9141
14.6207
11.5016
18.9141
11.8456
16.042
14.1638
16.042
9.4244
12.3791
8.31588
7.59696
7.64574
8.31588
4.47834
4.75822
4.75822
4.2729
1.88505
4.3477
23.5823
23.5823
23.5747
13.8775
14.4394
14.4261
13.9164
13.3308
14.4261
12.6225
11.3476
11.3476
9.76124
10.1324
5.07255
13.8321
12.675
13.8321
11.7104
10.1837
11.554
8.201
11.529
8.81204
11.554
11.6545
10.6458
11.6545
6.87021
11.3498
12.1183
12.1183
8.24678
11.1041
5.23589
16.6851
14.3696
15.9098
16.6851
8.38124
24.4019
24.4019
24.3857
15.7333
15.8289
17.781
17.781
17.7615
12.5154
12.4994
21.9833
21.9833
21.9155
15.1612
15.4848
16.6163
16.4536
14.9283
16.6163
15.1127
16.127
15.2484
15.2805
16.127
16.0461
24.92
24.92
21.087
14.6321
15.2526
24.9134
24.9134
24.4146
15.4456
15.1563
15.7408
15.7408
15.0684
10.7336
15.4917
24.3352
24.3352
24.2851
13.3347
13.8969
21.8671
21.8668
21.6936
21.8671
21.6854
9.1057
8.47513
9.1057
9.05066
3.37521
22.472
22.4626
22.472
15.6498
15.3021
18.6047
11.0664
13.8777
15.5837
18.6047
9.87135
9.61845
9.6184
9.87135
9.87114
15.3305
11.5707
11.7782
8.05831
15.3305
14.7466
5.86631
5.75433
14.7454
14.7466
11.8346
7.78376
7.11844
9.56805
11.8346
13.6601
8.49174
8.48837
13.6601
13.4615
14.7966
12.5884
12.5674
14.7966
14.7919
11.3157
10.687
10.7988
4.40738
11.3157
16.4228
11.6027
11.8004
16.4228
11.7941
16.4619
14.1014
14.0297
16.4619
11.1831
16.431
11.9566
12.001
11.861
16.431
