14.2007
13.322
13.2866
14.2007
14.2007
7.94907
0.660847
7.94907
0.568
7.93611
14.0744
14.0744
14.0744
14.073
14.073
4.96483
4.96483
4.96483
4.96483
4.96483
17.1256
15.0295
10.4475
17.1256
10.7029
10.5759
10.4719
9.95441
10.5759
10.1267
7.6128
7.3735
1.90099
7.6128
0.969122
14.9663
14.9663
13.1008
14.133
12.5746
19.8798
19.8798
19.8798
19.8798
19.8798
12.3831
12.3831
10.1757
10.1662
6.29291
15.9508
10.2167
15.9508
10.4787
15.711
10.5882
10.1319
9.32264
10.5882
9.33117
16.1666
8.64084
16.1666
8.88928
15.3583
15.1095
10.7667
15.1095
10.3496
14.7891
17.2324
17.0533
12.3753
17.2324
13.1714
10.945
9.22066
10.945
6.95073
9.08545
8.22781
8.05732
4.57159
8.22781
4.59524
4.41831
0.392651
4.35884
0.413485
4.41831
12.7138
12.7138
12.6658
11.6961
10.9287
14.3624
14.2374
12.5859
14.3624
12.3219
9.30629
9.05682
5.25547
9.30629
2.22855
11.6791
9.82652
11.6791
7.82804
10.8494
11.8649
8.42658
11.5701
8.59234
11.8649
9.8575
5.277
9.8575
2.47057
9.57661
10.8859
10.8859
5.09626
9.61448
5.09072
15.5038
15.1149
7.74066
15.5038
6.32985
16.44
15.9582
16.44
14.0976
13.5006
12.1753
11.4501
11.4864
12.1753
11.6548
14.6027
14.0857
14.6027
13.9668
13.7866
22.3382
21.7121
17.5313
22.3382
17.7331
23.9506
23.5529
23.5529
23.9506
23.9506
13.6522
13.0301
13.6522
10.8028
11.9762
14.3477
14.0709
14.3477
12.7555
11.7383
23.8925
10.8448
23.8925
9.74842
15.1477
13.1222
12.5006
13.1222
11.517
10.8997
18.1088
16.9017
18.1088
17.1059
17.6735
9.01251
8.48297
0.144469
9.01251
0.114445
13.9174
13.4058
13.9174
12.5876
12.3045
19.6401
12.2996
15.8401
16.1446
19.6401
9.94287
9.94287
9.94287
9.94163
9.94163
15.1347
7.98364
14.5958
7.84663
15.1347
14.9048
14.9048
14.9048
14.8937
14.8937
12.1719
9.66401
12.1719
9.66817
11.1771
19.8486
19.8486
19.8486
18.6489
18.6489
14.8812
14.86
14.86
14.8812
14.8812
11.4123
4.3586
11.1596
4.32461
11.4123
21.0121
21.0121
16.3674
19.1237
15.3337
18.8174
18.8174
13.8714
18.7781
13.8553
20.8816
16.1774
20.8816
15.1485
19.1238
