14.7716
10.9319
11.2273
14.1379
14.7716
8.5633
7.44342
7.4409
3.63554
8.5633
12.4948
11.9808
12.0149
12.4382
12.4948
4.89732
3.77201
3.69415
4.89732
4.89625
15.3559
14.9602
13.0911
15.3559
13.461
10.9434
10.9434
10.8108
9.88232
10.051
8.1186
7.81296
7.83248
8.1186
4.9999
11.5683
11.5683
11.0705
11.0164
10.8315
17.7595
14.0272
14.0103
17.7595
17.7546
15.9458
14.3313
15.235
15.9458
10.8606
16.2912
14.5669
15.4094
14.909
16.2912
10.4349
8.03193
7.25501
10.4349
9.14806
15.3687
13.4862
14.4061
10.735
15.3687
11.9213
11.8118
11.9213
10.94
11.543
17.6898
14.1173
13.9643
17.6898
13.0315
15.4009
15.2231
14.31
9.50592
15.4009
8.03263
8.03263
7.37507
6.86873
5.7646
4.89476
4.39053
4.89476
1.98452
4.41119
24.0287
24.0274
24.0287
14.8919
15.2287
14.467
13.8878
13.5551
14.467
13.8364
10.6059
9.32609
9.25429
10.6059
6.43212
11.6275
11.5991
11.6275
10.2556
11.0692
10.0929
7.92734
9.23583
8.19624
10.0929
11.9978
10.6018
10.5638
7.37372
11.9978
11.0385
8.94124
8.7478
11.0385
5.34544
14.3463
14.3463
14.2382
13.2354
10.3896
24.6193
24.5888
24.6193
16.9474
16.9691
18.3358
18.3358
18.3029
12.9414
12.9479
22.5875
22.5875
22.5254
15.6065
15.4082
17.6239
15.8262
15.5158
17.6239
16.3043
19.0578
15.0341
15.0201
19.0578
19.0501
21.1347
21.1347
21.092
15.2889
15.2257
24.092
24.092
24.0476
15.3737
15.3401
16.5414
14.7492
16.5414
12.5021
15.9337
24.9119
24.9119
24.9111
15.1914
14.9814
23.2418
22.7513
22.7684
23.2144
23.2418
9.25138
8.49638
8.49361
9.25138
3.54919
21.9467
21.9467
21.9018
15.8068
15.0371
18.1797
12.4572
12.4868
14.9107
18.1797
9.53295
9.53295
9.52927
9.5128
9.50825
14.6581
12.3247
12.6347
7.73578
14.6581
13.299
9.9507
9.92888
13.299
13.2945
11.4632
9.74475
9.81114
8.74515
11.4632
11.7726
8.67822
8.67142
11.7726
11.7674
13.1571
12.5879
12.5818
13.1571
13.1509
9.70151
9.70151
9.58071
6.19281
8.99037
13.2599
11.7016
11.6165
13.2599
11.3602
14.1695
14.1695
13.6802
13.8002
12.9458
13.4939
11.571
12.0962
11.3365
13.4939
