11.9535
9.04947
8.98606
11.8072
11.9535
8.11953
7.46227
7.8638
4.8158
8.11953
14.137
9.96681
9.78951
14.0882
14.137
4.64069
2.98298
2.99319
4.62859
4.64069
18.1766
16.266
13.5646
18.1766
13.3064
11.809
11.7984
10.8169
11.809
10.7529
8.1586
7.84699
7.85534
8.1586
6.6872
14.6644
10.3792
10.1188
14.6644
13.1662
17.5808
9.19852
9.1266
16.4416
17.5808
15.2798
14.561
15.2798
12.8029
13.3805
16.2386
13.8568
14.3805
14.9536
16.2386
10.5879
5.84462
4.52655
10.5879
9.22023
16.4617
12.6214
13.5212
8.66909
16.4617
14.6108
11.5997
11.8205
11.7094
14.6108
16.7328
13.9135
13.2111
16.7328
12.759
14.7741
14.7741
14.4036
11.2367
12.1662
8.18962
7.38465
7.19791
8.18962
6.71996
4.78045
4.31738
4.78045
2.69456
4.66498
24.0458
24.0232
24.0458
17.7286
17.7967
14.2902
12.1017
11.9397
14.2902
13.8763
9.96852
9.65435
9.96852
9.77697
6.84316
12.4246
12.264
12.4246
10.9313
10.8388
10.8002
7.40259
9.55336
8.64231
10.8002
11.5628
11.2318
11.0746
8.26875
11.5628
11.0003
8.83401
10.0597
11.0003
6.05098
16.6091
16.3387
14.2157
16.6091
8.73993
23.9033
23.9033
23.8721
20.9214
20.8555
18.2615
18.2615
18.2565
12.3707
12.5529
21.9376
21.9376
21.8643
14.5388
14.915
19.3288
14.4027
12.2931
19.3288
15.5455
19.6016
10.6312
10.6022
19.5203
19.6016
20.9795
20.9795
20.9654
15.1244
17.9846
24.0437
24.032
24.0437
16.7569
16.9724
16.2084
15.4017
15.7961
11.5278
16.2084
24.9101
24.9101
24.9086
17.7496
17.858
22.3698
18.9305
18.4401
22.3698
22.3201
9.2748
8.8863
8.49338
9.2748
5.08311
22.0693
22.0366
22.0693
16.2914
16.5747
19.7505
10.8977
11.1392
14.1866
19.7505
9.9288
8.43289
8.43444
9.9288
9.92257
15.5616
11.7998
12.2722
7.85162
15.5616
14.8492
7.09737
7.13818
14.8492
14.8068
12.2143
8.58457
8.61705
9.68165
12.2143
19.199
7.55144
7.57366
19.199
19.134
14.9111
10.5602
10.4426
14.9111
14.8959
11.6402
9.40871
10.4
7.57684
11.6402
20.1703
11.7313
10.836
20.1703
16.1124
19.881
14.3616
12.8871
19.881
14.2625
20.296
11.1421
11.9792
15.7864
20.296
