14.5911
14.5911
14.5705
14.1901
14.2131
8.01296
7.351
8.01296
0.871807
7.97076
14.1014
12.5752
12.4751
14.0659
14.1014
4.96408
4.23859
4.2302
4.96408
4.95891
15.5758
15.4011
15.5758
15.5242
10.5926
11.1011
10.8409
11.1011
10.4014
10.329
7.93637
7.86931
7.67088
7.93637
1.44236
14.3816
12.8896
11.9828
14.3816
12.587
18.1339
18.1339
18.0401
15.5447
15.5434
15.5076
14.7418
15.5076
7.31194
3.40474
14.8966
14.8966
14.8467
10.5516
14.4215
10.564
9.37148
8.72441
10.564
9.31755
14.6065
14.2639
14.6065
9.28271
13.7522
14.5985
11.9498
13.8312
10.6409
14.5985
17.0702
16.681
15.4268
17.0702
13.269
14.6191
14.6191
14.1018
3.8173
7.58053
8.37234
7.97084
7.50799
8.37234
4.66334
4.5877
4.28746
4.5877
0.604474
4.54195
23.7773
23.7687
23.7773
9.59496
9.35073
14.7519
14.7519
14.0108
14.2678
12.4737
10.2085
9.85042
10.2085
7.57173
2.47969
12.5838
12.5838
11.9299
7.40597
9.17775
11.9409
9.12707
11.9409
8.82234
11.0681
11.4524
11.4524
10.445
2.65653
7.19745
10.0968
10.0968
9.10883
9.99851
6.32306
15.7132
14.1626
15.7132
13.8095
6.69176
24.3258
24.3258
24.2129
12.039
11.7174
18.1363
18.0137
18.1363
11.0777
10.7191
22.3336
22.2316
22.3336
12.9555
12.6435
22.4321
22.0822
18.5327
22.4321
17.7507
23.9014
22.7499
22.5905
23.9014
23.8743
21.4796
21.3628
21.4796
8.91344
10.912
23.6882
23.6882
23.6422
12.0824
11.1975
17.4774
17.4774
15.9328
9.89854
12.5633
24.4621
24.4513
24.4621
9.28491
9.13145
24.8861
24.8861
23.4137
16.5133
16.9656
9.16037
9.16037
8.35299
9.02845
0.52347
22.496
22.3759
22.496
11.3767
10.9306
19.0517
14.6323
17.9582
15.0167
19.0517
9.89748
9.6739
9.60988
9.88021
9.89748
15.614
12.0023
13.3074
8.06078
15.614
14.8281
11.6217
11.5137
14.8281
14.7932
12.2929
10.35
10.3824
9.65376
12.2929
18.4421
16.1716
16.1303
18.4421
18.3949
14.8491
13.2695
13.2184
14.8491
14.8456
11.7487
10.0925
10.9828
4.55799
11.7487
20.1709
17.4912
14.305
20.1709
15.4766
19.811
17.3457
14.1742
19.811
13.8708
19.9673
14.2298
17.1401
15.4187
19.9673
