14.4654
14.4654
14.4654
3.25225
3.88324
8.14461
1.00675
7.90568
0.388405
8.14461
14.2939
14.2939
14.2458
0.334631
0.659437
4.96483
4.96483
4.96483
4.96483
4.96483
14.3585
14.3585
10.69
8.71421
3.39275
10.3672
10.3672
10.3672
1.86938
1.59255
7.92494
7.43224
1.54054
7.92494
0.297146
11.2528
11.2528
9.93905
6.77398
4.07277
19.7982
19.7982
19.7982
0
0
6.50787
6.40526
3.43827
6.50787
3.16282
12.2631
10.8425
12.2631
0.685301
5.91793
10.5838
10.5838
9.27539
1.78629
0
14.1569
9.35609
14.1569
5.36432
10.9727
9.95929
8.23878
9.95929
3.38046
8.46412
17.1007
17.1007
13.7707
11.7658
7.22737
6.74371
4.22156
6.74371
4.14136
6.53996
8.04725
8.04725
4.48059
4.68506
0.238779
4.88737
0.820015
4.68159
0.380967
4.88737
9.84965
9.66606
9.20401
9.84965
9.34757
14.141
14.141
12.9253
3.58135
0.23499
6.53342
6.53342
2.71459
6.35841
0.897553
7.0797
7.0797
6.78219
4.1717
3.96975
10.837
8.73305
10.837
0.114181
3.72746
7.35257
3.09818
7.24673
0.582617
7.35257
9.87291
9.87291
5.32411
9.84043
5.22574
13.7431
13.7431
6.86668
11.6209
4.07702
9.03707
9.02616
9.03707
8.08441
8.15022
11.1076
11.1076
10.9801
7.1812
7.13691
13.6913
13.5571
13.6913
10.7726
10.8353
19.398
19.398
17.0119
12.2751
5.63922
21.8728
21.8728
21.8728
8.48938
8.48938
11.2334
8.32214
11.2334
8.29849
11.1886
12.284
12.284
11.9849
12.2331
11.9069
12.526
7.55937
12.526
4.28009
10.7344
9.96403
9.6651
9.68619
9.96403
9.96389
16.8434
16.8434
16.8434
2.86734
4.88034
9.9575
9.35107
0.588024
9.9575
0.168117
11.1078
11.1078
10.7366
11.0172
10.635
19.8684
16.2689
19.8684
5.84567
11.8955
9.93064
9.93064
9.93064
0.179865
0.175793
15.8568
7.98266
15.7931
7.95102
15.8568
13.4542
13.4542
13.4542
7.02858
7.02858
12.1097
9.99043
12.1097
8.4657
11.2534
14.5067
14.5067
14.5067
9.90869
9.90869
14.86
14.86
14.86
0.153215
0.149937
9.53944
3.93301
9.00023
0.618817
9.53944
14.8177
14.8177
12.8408
14.2716
8.1269
14.2658
14.2658
11.6689
11.8589
3.61048
14.9275
12.7607
14.9275
8.10779
14.4608
