14.2584
13.1381
12.9567
13.8941
14.2584
8.4886
7.86189
8.14287
7.76405
8.4886
14.0744
9.4785
9.53103
14.0744
14.0744
4.96483
4.76931
4.77923
4.96483
4.96483
15.7832
14.5304
14.4245
15.7832
14.3248
10.9144
9.24075
8.65727
10.9144
10.5937
8.25055
8.22875
8.25055
7.93387
7.99531
13.9282
9.24368
8.71547
13.9282
12.5469
15.9692
8.8287
8.77878
15.9692
15.9055
15.9462
15.606
15.9462
15.7744
15.6636
16.1073
12.7948
12.9536
15.3332
16.1073
10.5965
6.92075
6.79214
10.5965
9.32945
16.9871
13.5651
13.6706
11.6197
16.9871
14.2228
9.60304
10.1726
12.1759
14.2228
18.7825
13.4667
13.2917
18.7825
12.8906
15.6292
15.6292
15.4223
14.9706
15.1255
7.50991
6.30477
6.25243
7.42824
7.50991
4.56696
4.186
4.26614
4.19042
4.56696
23.1096
22.9566
23.0953
22.9715
23.1096
13.6623
9.2892
8.94098
13.6623
12.6925
10.4178
10.4178
10.2238
10.4071
9.91373
13.8257
13.6992
13.8257
12.4045
13.2458
11.4743
8.40825
10.8988
8.48585
11.4743
11.8637
11.8637
11.6956
11.2496
11.3882
11.0155
9.43915
9.50116
11.0155
6.88425
16.6216
14.8703
14.8327
16.6216
13.4793
23.1034
21.2998
21.4595
22.9419
23.1034
17.4016
17.4016
17.3577
15.9004
15.9673
21.3237
21.3237
21.2812
19.0071
18.958
20.9655
13.5788
11.4301
20.9655
17.9471
23.6543
14.0043
14.0487
23.6543
23.64
21.5575
21.5575
21.5131
21.1663
20.6449
22.678
22.678
22.539
21.9725
22.075
14.5743
14.3393
14.5743
14.2681
14.4987
22.7897
22.6302
22.7244
22.6638
22.7897
22.1387
13.9255
13.6853
22.1387
22.1307
9.10949
8.11094
8.02328
9.10949
8.05524
24.9222
24.9222
23.5949
22.1203
22.2292
17.7834
11.6421
11.7353
15.2059
17.7834
9.93114
5.77014
5.76893
9.93114
9.93114
15.5551
10.6619
11.0273
7.88333
15.5551
14.8951
9.02806
9.00939
14.8951
14.8951
12.2996
9.78055
10.043
9.64781
12.2996
17.5694
14.9695
14.9853
17.5682
17.5694
14.9091
8.86315
8.83714
14.9091
14.9091
9.7815
9.05286
9.30936
9.7815
9.14725
19.2591
14.3001
13.8428
19.2591
15.1951
17.4486
12.4727
11.242
17.4486
14.1573
19.12
13.7602
14.2589
15.0636
19.12
