13.4592
13.4513
13.4592
12.7638
12.6891
8.04776
0.442147
8.04776
0.548975
7.94728
14.1425
14.1032
14.1425
14.0761
14.0744
4.96483
4.96483
4.96483
4.96483
4.96483
13.9682
13.7024
9.31648
13.9682
8.67936
10.2924
10.2924
9.79357
10.1517
9.77165
7.95625
7.70652
0.898666
7.95625
0.86393
15.5336
14.3451
12.4898
15.5336
13.5856
19.8798
19.8798
19.8798
19.8798
19.8798
7.0775
6.57062
2.57432
7.0775
3.58822
14.6205
10.0727
14.6205
10.0127
14.5206
10.5883
10.5883
9.27539
10.5853
9.27539
13.9985
8.57707
13.6725
8.64084
13.9985
15.6269
10.2049
14.4815
11.2106
15.6269
17.0252
17.0252
13.1304
15.8374
11.9975
6.78288
3.28647
6.6894
3.5929
6.78288
8.65298
8.65298
4.51984
8.49346
4.58456
4.5614
0.372481
4.5614
0.350446
4.54262
9.42121
9.32451
9.00077
9.42121
9.08932
15.0129
15.0129
12.5545
14.7169
12.2629
7.12183
6.74283
1.67378
7.12183
2.02664
6.96248
6.69312
6.89172
5.83504
6.96248
10.9544
8.10693
10.9544
8.28215
10.7376
7.44808
1.9549
7.21417
2.1013
7.44808
10.0257
10.0257
5.04548
9.64657
5.06882
13.3805
12.8518
6.13452
13.3805
6.26914
12.6745
12.6203
12.6172
12.6745
12.617
10.5478
10.5478
10.4875
10.5462
10.3544
13.0822
12.4978
12.7832
12.9373
13.0822
19.2947
19.2947
14.8271
19.1995
13.7439
18.3414
18.3414
18.3414
17.5278
17.5278
11.435
8.32358
11.435
8.54878
11.1127
12.0266
12.0266
11.7467
11.7649
11.4087
13.6156
6.71185
11.4721
8.97242
13.6156
9.35708
9.30171
9.30568
9.33895
9.35708
17.9554
16.6792
17.9554
15.4145
16.3201
9.41321
9.41321
0.114445
9.36385
0.114445
11.1096
11.0803
10.6229
11.1096
10.3418
21.8899
16.1446
21.8899
16.1446
21.135
9.94301
9.94301
9.94301
9.91703
9.90978
15.6808
8.04714
15.6808
7.98364
15.3284
14.2056
13.4542
13.4542
14.2056
14.2056
12.0452
9.65247
12.0042
9.63977
12.0452
19.8486
13.423
13.423
19.8486
19.8486
14.8857
14.86
14.86
14.8857
14.8857
12.3146
4.37533
12.3146
4.3586
12.0029
21.5911
16.8998
11.5503
21.5911
16.3674
21.2073
17.4574
11.3794
21.2073
14.9216
21.5961
11.3785
16.9005
16.1786
21.5961
