15.4455
15.1194
15.4455
12.2914
12.2116
8.17332
4.08814
8.17332
7.267
7.70798
14.0744
14.0744
14.0744
2.55176
2.30478
4.96483
4.96483
4.96483
4.96483
4.96483
14.0999
14.0999
11.8322
11.7986
13.4211
10.196
10.196
10.1659
6.69537
6.80815
9.29938
7.68307
4.38513
9.29938
5.67321
11.6336
11.6336
10.3688
6.98759
4.82203
18.4293
18.4293
18.4293
7.63851
7.67912
15.0922
9.7499
8.67117
14.5149
15.0922
14.1691
10.1489
14.1691
9.71855
9.8674
10.5446
10.5446
9.29496
4.83493
3.43364
16.0002
12.2744
15.845
12.2638
16.0002
12.6315
8.48207
12.6315
7.34433
9.07596
18.0013
18.0013
14.2936
15.7314
12.801
14.6888
8.47718
9.72513
14.6888
13.6095
8.85023
8.85023
4.48304
3.94981
2.40345
4.89815
1.25292
4.89815
1.48574
3.75543
16.8128
11.7797
11.4361
16.8128
16.3944
15.04
15.04
12.5351
5.54308
4.72643
11.3462
7.55983
5.67695
11.3462
8.59017
11.8157
9.91969
10.694
10.4434
11.8157
9.92509
8.15497
9.92509
5.34419
5.88421
11.9066
5.91675
7.15348
9.02241
11.9066
10.3674
8.93696
7.17608
10.2563
10.3674
13.6338
12.8814
11.6216
13.6338
13.1692
15.2253
12.4238
12.4607
15.1768
15.2253
14.4774
13.8661
13.8855
14.4774
14.2736
18.1436
16.2024
16.3262
18.1436
18.0297
20.4282
20.4282
17.825
13.9235
10.9682
23.3235
23.3235
23.3228
13.5505
13.6097
17.0881
12.7863
12.3495
16.485
17.0881
17.454
13.9144
14.0849
17.1151
17.454
13.9796
11.0418
13.3676
11.4056
13.9796
15.6038
10.7293
10.8298
15.6038
15.5997
18.1804
17.1246
18.1804
9.10941
9.50454
9.94883
9.94883
3.80304
7.69118
5.5706
18.6743
14.5392
15.0007
18.4183
18.6743
18.6559
15.1955
18.6559
11.616
14.1454
9.9337
9.9337
9.9337
1.53461
1.14285
14.1476
9.54997
11.457
9.86342
14.1476
13.4542
13.4542
13.4542
13.4542
13.4542
11.9086
9.63866
10.9366
9.35545
11.9086
16.0217
16.0217
16.0213
10.5632
10.5422
14.86
14.86
14.86
1.96861
1.6138
12.6613
4.24292
12.6613
6.16303
7.66368
14.7384
14.7384
13.5981
12.918
9.31066
17.4469
17.4469
11.3269
9.82343
7.57197
14.9684
13.4525
14.9684
9.47452
13.1496
