14.4415
14.4049
14.4415
10.3216
11.1024
8.128
0.497346
4.54954
0.36705
8.128
12.7108
12.6498
12.7108
3.07294
3.2844
4.96483
3.51429
3.51429
4.96483
4.96483
12.7797
12.7797
10.7199
10.033
6.09698
9.83304
9.83304
9.6342
4.23347
4.6202
7.8473
3.69757
0.98956
7.8473
0.381332
14.1899
14.1899
12.5847
6.7766
4.3195
18.4293
18.4293
18.4293
9.88611
9.88611
8.97795
5.5173
4.7029
8.97795
7.38216
12.0588
10.4319
12.0588
3.31117
7.74891
10.5847
10.5847
9.33117
6.46162
4.76094
15.0273
8.96546
13.7115
8.66058
15.0273
12.2221
10.3159
12.2221
3.48399
8.44949
17.644
17.644
13.4589
15.033
9.41086
8.57077
5.59225
5.13511
8.57077
7.18654
7.42218
7.42218
4.63219
4.87801
1.49035
4.88961
0.415332
4.10882
0.28218
4.88961
12.072
7.44583
7.12329
12.072
11.2333
13.9621
13.9621
12.3838
5.79905
3.87936
9.22251
6.60555
2.26934
9.22251
1.28349
9.01741
9.01741
7.65259
8.77135
7.33871
10.7671
8.4553
10.7671
2.69798
6.11818
10.6111
2.29922
6.95063
0.917455
10.6111
9.87341
8.18859
5.05079
9.87341
5.00426
13.7948
12.2244
6.3599
13.7948
6.11598
11.2435
8.45373
8.53535
11.123
11.2435
11.0158
11.0158
11.0048
10.597
10.6199
14.501
12.5022
12.6166
14.391
14.501
21.1587
21.1587
18.9473
14.5896
10.7523
24.7952
24.7952
24.7952
13.4342
13.4342
12.8387
7.7566
9.33844
10.1227
12.8387
13.4171
10.0181
10.2432
13.4171
13.4034
15.1553
9.5629
12.9122
9.19977
15.1553
12.0224
7.12217
7.12734
12.0224
12.0224
17.3923
17.1992
17.3923
7.28172
7.77939
9.95601
4.80117
0.114445
9.95601
0
12.2336
9.45398
9.55341
11.9237
12.2336
18.6383
15.0471
18.6383
11.3414
15.29
9.92471
9.92471
9.92471
2.71161
2.7813
15.5677
7.82981
11.7468
7.82981
15.5677
14.9048
13.4542
13.4542
14.9048
14.9048
12.8276
8.95737
11.0697
9.85502
12.8276
18.6361
18.6361
18.6361
9.90869
9.90869
13.4414
13.4414
13.4414
3.04726
3.04726
9.54902
4.3586
6.63709
1.29068
9.54902
17.0146
17.0146
15.4121
14.1081
8.02899
15.2974
15.2974
13.0292
11.8573
5.12424
16.8644
15.2178
16.8644
7.99829
14.2938
