13.8007
13.7586
13.4998
13.8007
13.4998
8.06348
0.516335
8.06348
0.548929
7.52466
14.0744
14.0744
14.0744
14.0744
14.0744
4.96483
4.96483
4.96483
4.96483
4.96483
14.6802
13.7367
9.29387
14.6802
10.2699
10.7118
10.7118
9.83678
10.0512
9.81991
7.42363
7.42363
0.906678
6.96814
0.917734
15.5324
12.5758
9.68795
15.5324
13.5856
19.8798
18.4293
18.4293
19.8798
19.8798
6.5607
6.5607
2.25802
6.10306
2.25802
14.303
9.78356
14.2784
10.3089
14.303
10.5845
10.5807
9.30274
10.5845
9.29271
13.0957
6.96744
11.8652
8.67184
13.0957
15.6074
8.73114
12.6875
11.2106
15.6074
16.7893
12.0645
8.2688
16.7893
13.1395
6.68918
1.83138
6.68918
2.16817
6.19083
8.76626
8.76626
4.46263
8.49
4.61541
4.74202
0.272709
4.74202
0.396483
4.70144
8.14567
8.02795
8.14567
7.67339
7.72128
14.9946
14.9946
12.5268
14.6392
12.3008
6.55543
6.55543
1.58462
6.06527
2.05993
7.39128
6.00419
7.39128
6.0162
7.35642
11.1117
8.40118
11.1117
8.34884
10.6942
7.00536
2.43643
7.00536
2.53006
6.65054
10.0295
10.0295
5.00426
9.94516
5.07376
11.8106
11.7203
5.81964
11.8106
6.32198
12.3707
12.3707
12.2482
11.7473
11.7899
9.86934
9.86934
9.79856
9.81495
9.82244
12.6288
12.427
12.6288
12.3226
12.4819
21.4867
20.1139
14.9156
21.4867
16.6545
22.3637
18.8747
18.3593
22.3637
21.8736
9.89936
7.95433
9.89936
7.52874
9.73855
11.4303
11.4303
10.9408
10.9053
10.8963
12.2412
6.86089
9.39071
9.1712
12.2412
8.2139
7.97721
8.2139
7.63467
7.68697
17.8489
17.4112
17.8489
17.3671
17.7795
8.9778
8.9778
0.114445
8.80904
0.114445
10.5748
10.5748
9.77471
10.0694
9.50733
21.1183
11.3414
16.8106
16.1446
21.1183
9.93111
9.93111
9.93071
9.92022
9.92022
15.9232
7.82981
15.7263
7.98364
15.9232
14.9048
14.9048
14.9048
14.5777
14.5777
12.9188
9.89807
12.9188
9.65925
12.217
19.8781
11.5653
9.93992
19.8781
19.8781
14.905
14.8763
14.8763
14.905
14.905
12.6999
4.20695
12.6999
4.359
10.9548
21.6555
15.3357
8.40189
21.6555
16.3924
21.0765
17.4464
11.3373
21.0765
14.9216
21.6244
9.26147
14.6054
16.2017
21.6244
