15.1741
14.0927
15.1741
13.5418
13.5418
8.0087
0.678092
6.35825
0.757621
8.0087
14.0628
14.0628
14.0628
13.4981
13.4981
4.96483
4.96483
4.96483
4.96483
4.96483
15.0307
14.7899
10.8442
15.0307
10.4519
10.428
10.428
10.2083
9.43226
9.24185
8.04551
6.04086
1.50973
8.04551
2.73488
13.862
13.862
12.5401
13.6924
12.1456
19.8682
18.4293
18.4293
19.8682
19.8682
15.5758
10.09
8.14481
15.5758
10.4813
15.7107
10.0266
13.1266
10.1875
15.7107
10.5832
10.3315
9.31187
10.5832
9.30706
17.2487
9.44879
14.5922
9.11983
17.2487
13.4982
10.3294
13.3518
9.92597
13.4982
18.3003
18.1845
13.1517
18.3003
13.1498
14.7914
7.893
11.1106
9.35712
14.7914
8.84717
8.04316
4.52406
8.84717
4.47845
4.88877
0.417169
4.68159
0.410962
4.88877
16.334
11.702
12.0053
16.2847
16.334
14.0102
14.0102
12.6677
13.937
11.7919
10.1542
8.85499
5.59147
10.1542
6.14251
11.09
9.45155
8.40076
10.5364
11.09
11.0808
8.40118
10.5393
8.42683
11.0808
11.3308
6.00159
8.84244
6.58424
11.3308
9.91679
9.28866
5.08305
9.91679
5.00426
16.6116
14.9847
9.15395
16.6116
10.2016
17.3778
12.004
11.9904
17.3778
17.2395
13.8242
12.9175
12.7553
13.8242
13.6606
16.8816
16.1056
16.359
16.8816
16.8253
22.347
21.8589
18.2991
22.347
18.3729
24.5032
24.5032
24.5032
24.0788
24.0788
17.0587
11.9795
14.9671
15.3212
17.0587
17.9708
15.1004
15.1774
17.9708
17.0156
18.0225
12.4097
14.4854
12.5124
18.0225
16.7613
11.5259
11.8087
16.7613
16.2137
17.0586
17.0586
17.0586
16.1564
16.3861
9.72789
6.87983
0.114445
9.72789
1.51871
16.3739
14.4124
13.8568
16.3739
16.1706
20.9699
15.1234
18.3144
16.1446
20.9699
9.94295
9.94295
9.94295
9.92084
9.92084
15.4678
7.94367
13.9585
7.82981
15.4678
14.8952
14.8492
14.8492
14.8952
14.8952
12.342
9.65125
12.342
9.65979
12.0804
18.3923
18.3923
18.3923
17.0793
17.0793
14.9118
14.9118
14.9118
14.5231
14.5231
12.0779
3.93301
9.01479
4.20695
12.0779
19.3009
19.3009
15.4684
18.6133
14.6859
17.4372
17.4372
13.5154
16.9531
11.5601
19.46
15.2914
19.46
14.526
18.8107
