14.7382
10.9422
10.9422
14.722
14.7382
7.96597
2.00383
7.96597
3.2428
7.78061
14.012
12.8735
12.8735
14.0062
14.012
4.96483
3.51429
3.51429
4.96483
4.96483
14.531
11.9337
7.81344
14.531
11.6408
10.7236
8.91183
8.69992
10.6926
10.7236
7.7097
7.7097
1.90895
7.47455
3.26976
14.9748
13.6377
11.9514
14.9748
13.4831
18.3124
13.4542
13.4542
18.3124
18.3124
6.49288
6.49288
3.02522
6.34851
4.53598
14.145
9.78356
14.145
11.7684
13.9412
10.5816
10.5816
9.27539
10.3219
9.71124
13.3482
7.45426
11.8885
10.4425
13.3482
15.2666
10.3216
13.9721
11.926
15.2666
16.881
12.2159
10.1004
16.881
14.7046
6.91216
2.9879
6.91216
4.78377
6.58012
8.81026
8.81026
4.72466
8.36353
6.09023
4.73969
1.33853
4.73969
2.03415
4.42657
8.18907
8.07621
8.18907
8.07416
8.02446
14.3799
13.4357
10.9493
14.3799
12.6372
6.75365
6.75365
3.17664
6.42735
4.23739
8.14146
5.60911
6.479
8.14146
8.07028
11.4449
8.40118
11.4449
9.81885
11.0893
7.12607
3.20021
7.12607
4.75634
6.96901
9.52398
9.52398
6.47771
9.44409
6.05856
11.9979
11.9979
6.2184
11.8856
8.23064
12.2513
12.2371
12.2513
11.8537
11.8636
10.0757
10.0349
9.91257
10.0757
9.89778
12.4488
12.3663
12.4488
12.2668
12.3415
21.8826
18.7418
13.5798
21.8826
18.635
21.4888
18.1326
18.1326
21.4888
21.4888
10.3567
7.68484
10.1893
7.82699
10.3567
10.6255
10.6255
10.4185
10.5982
10.3945
12.1843
8.86206
11.7392
11.4827
12.1843
8.11658
8.11658
8.10445
7.76323
7.86126
17.2258
11.775
13.1105
17.1217
17.2258
9.56184
9.56184
1.77987
8.9002
2.64032
10.332
10.2369
9.69222
10.332
9.66427
19.8566
11.6565
16.7688
15.7988
19.8566
9.88847
9.88847
9.88847
9.57759
9.57759
15.0963
9.67411
15.0799
9.89762
15.0963
14.9048
14.9048
14.9048
14.3407
14.3407
11.9023
9.91347
11.9023
10.6028
11.8259
19.8486
19.8486
19.8486
18.2087
18.2087
14.5155
13.9082
13.9082
14.5155
14.5155
12.9384
4.39467
12.9384
7.12873
11.7335
21.8828
21.8828
17.209
19.8523
16.1186
21.8853
16.2614
9.84493
21.8853
16.8691
21.8834
17.1489
21.8834
16.113
19.9644
