14.1939
13.9354
14.1939
6.0149
7.43033
9.38198
3.56864
7.34184
1.14431
9.38198
11.8859
11.8859
11.8652
1.81102
2.10148
4.34297
3.8836
3.90349
4.30923
4.34297
23.916
23.916
13.1001
10.8161
9.3877
15.9366
15.9366
12.0604
4.81552
5.64704
9.58719
8.96929
4.14668
9.58719
1.67661
9.08695
9.08695
8.70467
6.01673
3.65513
15.7785
15.7785
15.77
1.54466
1.76113
14.9692
14.7446
10.9674
14.9692
10.1955
14.5428
11.7695
14.5428
5.28556
10.9621
8.20126
8.17964
8.20126
2.26011
1.1399
15.9409
9.62901
15.9409
7.15495
14.9493
10.8949
8.51171
10.8949
3.50565
8.52133
16.905
16.905
13.2455
14.0554
7.14634
13.0372
10.2684
12.7454
9.35414
13.0372
5.75408
5.75408
4.01241
4.26496
0.768854
4.21787
1.65144
3.94614
0.600387
4.21787
15.1164
14.4767
15.0912
15.0953
15.1164
12.3828
12.3828
11.7171
5.03539
1.61379
11.9286
11.0664
6.0035
11.9286
5.78224
13.6994
9.82158
13.6994
11.5218
8.64118
10.6359
8.92502
10.6359
2.6951
5.37512
13.0633
6.8004
11.1384
5.83533
13.0633
11.238
9.95737
6.88299
11.238
6.37603
17.4144
17.4144
8.15717
14.2234
9.79644
14.0469
14.0469
13.9953
13.1877
13.1446
13.2978
13.2978
13.1522
11.2208
11.4432
15.9016
15.9016
15.7748
14.2882
14.6962
16.8023
16.8023
14.3646
10.1021
5.1601
17.6387
17.6387
17.5719
7.34909
7.35322
16.0975
15.1452
16.0975
13.9685
14.9395
15.2381
14.9696
14.856
15.2381
15.1855
14.9777
10.8145
14.9777
11.0888
13.726
15.2579
13.9825
13.9895
14.9987
15.2579
15.0734
14.7712
15.0734
7.4813
8.09989
8.8429
7.58903
2.29126
8.8429
0.808085
16.478
16.478
16.1185
15.4426
15.566
14.8788
14.0602
14.8788
5.23757
10.2849
7.95113
7.95113
7.90688
1.03413
1.22461
12.761
6.49464
11.5797
6.9967
12.761
11.7008
11.6951
11.7008
6.16875
6.17167
8.47104
8.13952
8.47104
7.50345
8.40631
11.5147
11.5147
11.5003
8.76612
8.77023
12.1381
12.1381
12.0529
1.3242
1.35884
8.68005
4.36033
8.21388
0.966557
8.68005
12.6402
12.6402
10.4931
11.0333
7.10253
11.6282
11.6282
10.1349
9.16692
3.47534
13.0741
10.571
13.0741
7.11941
11.4236
