14.8631
14.4565
14.8631
11.323
11.6121
8.65734
2.41215
7.90144
2.06967
8.65734
12.9676
12.9676
12.9328
11.8596
11.8447
4.76605
4.29569
4.26813
4.76605
4.76468
14.5126
14.5126
11.5434
13.9943
8.51555
11.5123
11.5123
10.834
10.845
9.34726
9.96695
8.47889
3.08629
9.96695
2.60909
11.8756
11.8756
11.7527
10.1082
8.16911
16.0191
16.0191
15.9929
12.4844
12.4798
14.8766
13.5478
10.6085
14.8766
12.5305
17.2424
11.8113
17.2424
10.3784
16.8506
9.60162
9.0679
8.80205
9.60162
8.60199
16.7354
9.11563
16.7354
7.53139
15.7753
13.9555
10.9886
13.9555
7.653
12.5865
18.4861
18.4861
12.9818
15.1195
8.74788
13.7476
10.0035
11.9071
10.8542
13.7476
7.07086
6.62806
4.4509
7.07086
4.31383
4.37667
1.31371
3.76423
0.593552
4.37667
15.272
12.8373
12.5842
14.6826
15.272
12.7875
12.7875
11.7699
12.5696
10.8704
11.8416
9.77675
5.88638
11.8416
5.61365
11.5729
11.2733
9.17581
9.48666
11.5729
11.6728
10.0499
11.1091
8.55384
11.6728
12.7672
6.29452
10.4781
6.25812
12.7672
12.705
12.705
7.20172
11.2793
6.93692
15.8361
14.9263
8.19794
15.8361
8.69737
13.655
13.5426
13.655
13.4448
13.3764
12.3677
12.3677
12.2388
11.669
11.5426
15.718
15.5542
15.718
14.8182
14.9137
17.9488
17.9488
17.2194
13.9356
9.62271
20.2916
20.2265
20.2916
11.4685
11.4712
15.0227
13.9198
14.888
15.0227
14.2709
15.1486
13.277
13.1631
15.1486
14.8791
14.4945
9.74192
14.4945
12.7699
14.1901
15.0275
11.9281
12.1097
15.0275
15.0237
14.9094
14.4977
14.9094
11.0634
11.2558
9.13596
7.1593
1.75662
9.13596
1.91547
14.7754
14.6284
14.1838
14.6288
14.7754
15.6482
14.3013
15.6482
11.0254
14.5387
8.67006
8.67006
8.64784
8.56733
8.56942
13.4846
6.99751
11.7246
7.54862
13.4846
13.2762
13.0967
13.1364
13.2762
13.2687
10.9021
8.84275
10.1897
8.73319
10.9021
15.9911
15.9911
15.9903
9.22534
9.22268
12.9812
12.9493
12.9812
12.6222
12.6326
10.3539
4.78968
8.86862
4.01028
10.3539
16.0447
16.0447
13.9339
12.2849
7.82662
14.9035
14.9035
11.3047
13.3893
9.10316
16.2461
13.9077
16.2461
7.7281
12.5473
