15.7734
15.7734
15.7434
5.44407
6.2646
9.33795
3.3983
9.33795
2.52432
9.30794
13.992
13.992
13.894
2.14489
1.59424
4.96483
4.96483
4.96483
3.42509
3.47225
13.9366
13.9366
11.5633
9.73531
7.29911
10.4525
10.4525
9.94153
3.95068
4.52201
9.33292
6.27521
4.51733
9.33292
2.00427
16.913
16.913
13.4566
5.0273
3.0775
16.0522
16.0522
15.9856
5.05264
5.08823
12.8677
11.3297
9.98102
12.8677
10.6432
12.8481
10.1769
12.8481
3.95125
9.98578
10.1611
10.1611
9.66561
2.87167
2.83358
15.4656
11.3054
15.4656
6.0903
11.8929
14.3233
11.2659
14.3233
3.63467
7.78773
17.1035
17.1035
14.7595
10.2829
7.19145
16.2068
7.26114
13.8879
7.34879
16.2068
6.60723
6.60723
3.53154
4.37392
1.2474
4.60551
1.57912
4.35629
1.35606
4.60551
15.5894
12.3513
15.5797
12.6089
15.5894
14.3104
14.3104
12.0296
4.99942
2.13242
11.6698
10.7078
5.52506
11.6698
4.60619
11.2144
10.3335
10.7864
7.40216
11.2144
10.0998
8.99305
10.0998
1.45646
4.76213
13.4499
5.16476
12.2472
2.41211
13.4499
11.7164
11.7164
8.52303
8.73851
6.09074
13.2556
13.2556
9.92115
12.5766
7.62624
13.1973
10.5058
13.1756
10.8898
13.1973
12.0994
10.6788
12.0994
8.72014
10.4235
14.675
12.9668
14.675
10.4137
12.6364
16.0791
16.0791
13.9471
8.39784
6.61038
17.0318
17.0318
16.555
6.83015
6.77713
14.2672
12.6513
14.2672
12.7909
14.0259
15.0307
12.752
15.0307
12.6345
14.8832
15.4289
9.66389
15.4289
6.58861
13.5073
15.1742
12.1923
15.1742
12.5614
15.1302
14.972
14.5085
14.972
5.66471
7.31635
9.4866
7.53063
2.48138
9.4866
2.12297
15.7438
13.4491
15.7438
12.6662
15.255
16.986
15.0782
16.986
7.36947
7.92513
9.8046
9.8046
9.73978
1.0867
0.888718
12.1039
9.5431
12.1039
5.9422
10.3994
14.8881
14.8881
14.8574
9.33666
9.28036
12.0784
10.5321
12.0784
6.23602
7.07774
15.1157
15.0691
15.1157
7.25597
7.26124
14.8943
14.8943
14.7225
1.23611
1.23153
9.1779
3.1231
7.53973
2.22072
9.1779
13.2762
13.2762
12.8622
8.26305
6.07327
13.5693
13.5693
10.9198
8.56914
3.20068
13.2228
12.7916
13.2228
5.98478
9.1748
