19.918
19.918
18.838
10.1554
9.98733
9.96502
4.10133
8.312
4.04758
9.96502
14.9191
14.501
14.9191
7.41723
7.34602
4.96483
4.96483
4.96483
3.27242
3.28257
13.9329
13.5383
13.7322
13.5653
13.9329
11.3111
11.3111
10.8805
9.84726
8.77993
9.46711
7.64425
5.07554
9.46711
4.76927
11.1574
11.1574
9.32564
9.11678
9.36889
15.3803
15.3316
15.3803
10.3069
10.2059
11.5395
9.38278
10.0513
11.5395
9.65415
14.3667
12.4338
14.3667
12.5198
11.3358
8.71428
8.71428
8.67885
6.19211
6.26433
13.6928
13.0325
13.6445
11.6134
13.6928
13.1465
10.7197
13.1465
10.6383
9.41654
16.4726
16.4726
15.6657
14.9213
13.8554
10.0311
8.80991
8.12605
7.71374
10.0311
8.80029
8.80029
4.47954
4.29971
2.36165
4.8691
1.83313
4.8691
1.72283
4.4252
12.3165
8.93489
8.59873
12.0579
12.3165
14.4126
14.4126
12.5273
8.25569
9.01366
11.7071
6.8118
7.33773
11.7071
6.63108
11.6791
9.02206
9.66786
11.6791
9.1213
9.7402
9.45856
9.7402
8.23228
8.28503
13.2991
6.27087
7.53417
5.97538
13.2991
11.2122
8.86798
8.20097
11.2122
7.8387
12.9187
12.8473
9.8262
12.9187
9.57698
11.9587
11.9587
11.9186
9.94567
10.0219
10.4025
10.4025
10.3791
8.65863
8.72855
12.6817
12.6817
12.6762
11.7029
12.1826
16.4536
16.4536
15.2044
12.7765
13.8706
16.9942
16.9942
16.909
14.9118
14.7906
12.1505
11.0949
12.1505
11.7819
11.829
11.5325
10.5897
10.4736
11.5325
11.3162
11.3754
11.3375
10.6013
9.36821
11.3754
11.8347
8.50228
8.45775
11.8347
11.8045
14.1141
13.3764
14.1141
13.2837
13.0763
9.94572
9.94572
2.49981
9.19048
2.41587
12.2467
12.043
11.469
12.2467
11.9644
17.178
14.3872
17.178
10.3041
10.4406
9.61626
9.61626
9.61259
5.28217
5.22376
11.4895
8.89697
11.4895
7.79059
10.5271
13.0117
13.0081
13.0117
8.50237
8.45001
11.0603
10.7809
11.0603
7.07101
7.42303
12.9973
12.9973
12.9742
11.2681
11.2098
14.2547
14.2513
14.2547
7.74215
7.68696
12.6284
4.13832
12.6284
3.03
8.92332
14.2747
14.2747
12.7093
10.92
12.0303
17.2394
17.2394
11.4759
8.53892
9.19049
14.2937
12.8589
14.2937
12.0328
10.9073
