15.2769
14.0069
15.2769
6.95858
8.05533
9.02903
1.67878
8.12062
0.816838
9.02903
14.2014
14.1155
14.2014
2.62158
2.80249
4.96483
4.96483
4.96483
4.96483
4.96483
14.3924
14.3924
11.8956
11.1935
10.0115
11.0503
11.0503
9.78767
6.97629
5.92037
9.06246
8.37982
2.44106
9.06246
1.34278
13.0682
13.0682
11.7781
7.53182
4.41532
19.8798
19.8798
19.8798
2.77816
2.87345
19.9367
15.6656
10.7219
19.9367
10.4169
16.3322
10.1332
16.3322
6.51666
11.5979
10.5422
10.5422
9.32034
2.27117
1.60054
17.1814
9.03132
17.1814
7.87721
15.8039
14.133
9.52891
14.133
3.74614
9.52057
19.3114
19.3114
12.2146
14.3504
7.22072
16.5401
8.82066
13.0767
8.64837
16.5401
7.44853
7.44853
4.59728
4.32452
0.830538
4.42345
0.474246
3.95901
0.2189
4.42345
15.5978
12.8199
13.2596
14.6049
15.5978
14.6174
14.6174
12.533
6.06026
2.79598
12.0327
10.2682
5.9279
12.0327
4.94335
12.3651
12.3651
11.8125
12.3222
10.8394
10.7383
8.46837
10.7383
2.5237
5.24696
12.9589
6.64276
10.4673
6.00206
12.9589
12.7227
12.5419
5.06733
12.7227
5.00426
14.8224
14.8224
9.94446
13.5593
9.95298
13.935
12.2474
11.8843
13.7867
13.935
12.0457
12.0457
11.6074
11.6363
11.54
14.8126
14.7557
14.8126
14.6917
14.5975
19.7894
19.7894
16.9689
10.9132
5.6912
21.8972
21.8972
21.8972
8.56169
8.60018
16.274
14.9957
13.4064
16.274
14.2257
14.6233
14.156
14.1007
14.6233
14.5574
15.1799
11.9023
15.1799
11.7822
14.5305
14.6785
12.409
12.4551
14.6192
14.6785
15.4397
15.4397
15.4397
8.85854
9.3916
9.13478
7.87711
1.13655
9.13478
0.3534
16.0145
15.9115
15.2604
16.0145
15.3382
19.2649
16.1446
19.2649
5.84815
10.5779
9.94301
9.94301
9.94301
1.5802
1.6531
13.5603
7.82981
13.5603
7.82981
13.4882
14.9048
14.9048
14.9048
7.37917
7.28968
11.832
9.85923
11.832
8.45848
10.2856
18.6361
18.6361
18.6361
9.90869
9.90869
14.86
14.86
14.86
2.26692
2.32595
10.6145
4.24361
10.6145
0.889454
8.88433
18.8081
18.8081
15.4257
12.0533
8.02899
15.9411
15.9411
11.7962
10.0366
4.73092
18.7193
15.2367
18.7193
7.99829
12.2294
