15.5518
12.816
12.9632
15.4978
15.5518
8.28255
7.91615
8.12472
5.54766
8.28255
14.0966
13.9902
14.0966
13.8195
13.9408
4.89944
4.85216
4.89944
4.2538
4.39784
16.0351
14.599
10.8758
16.0351
12.394
11.0084
10.8588
10.607
11.0084
10.6606
8.29532
8.29532
7.4658
7.49233
6.28815
14.3926
14.2904
14.3926
11.5165
11.0166
18.6211
13.3944
13.3867
18.4834
18.6211
15.2366
15.0365
10.8654
15.2366
10.2343
20.9179
14.2902
19.2356
14.8669
20.9179
10.9372
10.9372
10.884
9.18229
8.69788
17.9614
12.7742
15.3381
9.93006
17.9614
15.326
14.3696
15.326
11.6778
13.4372
18.6923
15.0123
13.7028
18.6923
13.7398
15.4168
9.64869
15.4168
7.99397
13.942
8.68896
8.66522
8.68896
6.51111
6.54323
4.56174
4.56174
4.54179
3.34569
3.86172
14.4047
12.7757
14.4047
11.5229
12.7963
15.0255
15.0022
14.6754
15.0255
14.7026
11.4765
11.4765
8.8518
10.9304
6.28161
13.4576
10.281
13.4576
10.5264
11.6618
11.1992
9.78005
10.5497
9.02463
11.1992
11.8836
9.55039
10.9217
8.03775
11.8836
12.3792
10.0376
10.2657
12.3792
6.85777
15.3902
15.3902
14.0636
14.0601
9.07921
15.6666
15.6666
15.4451
14.9461
14.7841
12.0268
11.8472
12.0268
11.0299
11.0092
14.7394
14.7296
14.7394
13.3979
13.7488
16.8237
15.4386
14.9597
16.8237
15.9829
16.7768
14.0378
14.1795
16.6457
16.7768
15.7251
15.7251
13.9036
15.3941
12.5908
14.1943
14.1943
14.1155
12.8649
12.9414
15.5454
15.3276
15.5454
9.88896
14.38
12.5922
12.4311
12.5922
11.5408
11.8344
18.4665
16.0667
16.1086
18.0736
18.4665
9.07745
9.07745
9.01045
7.32864
6.18063
15.1788
15.1631
15.1788
13.9042
14.3347
18.597
15.1589
15.815
16.3406
18.597
9.67214
9.61914
9.67214
8.97138
9.04132
15.5165
15.3157
15.5165
7.61448
12.9708
14.8425
14.8425
14.8335
13.2685
13.2821
12.7149
12.7149
12.6339
9.66667
10.8359
13.3783
13.3783
13.3769
9.07842
9.12478
14.4469
14.3507
14.4469
14.1946
14.2864
12.4177
12.4177
12.3625
8.47916
8.49354
16.5294
16.5294
16.4447
11.5138
11.64
16.3732
16.298
16.3732
15.9971
16.0465
16.6636
16.5155
16.6636
11.5318
11.7557
