12.3238
12.3238
7.13017
10.0574
10.011
8.33332
8.33332
7.50828
7.15386
4.74411
15.5039
15.1219
15.5039
12.4888
13.1526
12.7
12.7
12.3154
10.5072
12.5167
19.8067
19.8067
15.3163
17.4586
11.2472
8.65413
7.11721
8.65413
8.62987
7.04672
1.844
0.662047
1.844
1.57325
1.80584
19.4692
14.4325
12.7998
19.4692
12.1758
12.7951
10.5852
11.6428
12.7951
7.8469
11.962
9.43053
11.962
11.8184
8.83691
17.8403
17.0983
16.2452
17.8403
16.0703
14.0928
14.0928
12.4684
13.3921
12.2865
15.786
15.786
11.7222
14.0571
11.8572
21.9188
16.16
12.6762
21.9188
10.326
18.9372
14.9949
11.7576
18.9372
14.8093
12.7638
11.8008
10.1153
12.7638
10.0592
20.5819
16.1022
20.5819
13.9148
16.6723
15.4324
12.3346
14.241
15.4324
14.4793
21.667
13.1083
21.667
16.8459
16.7127
12.9526
9.98096
10.2881
12.9526
7.40366
15.9665
15.9665
10.6501
13.8851
12.6048
17.5586
15.9909
17.5586
16.7628
15.4829
18.3911
16.1903
16.8624
18.3911
17.6825
15.6014
14.5464
14.4529
15.6014
14.2406
18.2274
18.2274
14.702
17.7665
14.3623
16.3432
15.4929
13.7608
16.3432
15.9232
18.9684
18.9684
10.3669
12.5343
10.7659
16.7403
16.7403
11.5056
14.4303
12.4168
17.2579
14.8827
16.8954
17.2579
14.8026
18.0057
15.6511
18.0057
15.8134
13.3393
18.22
18.22
11.5195
15.7517
13.0748
17.7636
11.4093
13.606
17.7636
14.4255
16.3927
15.4047
14.6597
16.3927
14.0894
19.1062
12.6693
19.1048
17.9391
19.1062
13.9587
11.3805
12.3399
13.9587
8.40351
18.1863
13.7972
17.4008
18.1863
17.0588
8.67695
8.67695
8.6375
7.73783
6.63844
19.5575
13.9508
19.5575
17.3584
13.8973
16.2867
11.5457
16.2867
15.8841
13.9512
15.2102
15.2102
12.0364
14.909
10.3289
15.3703
13.1829
13.5906
15.3703
12.7466
16.9735
16.0826
16.9735
15.7936
16.8437
17.6592
15.9994
12.9456
17.6592
14.6697
12.5108
10.8956
11.8788
12.5108
9.17768
19.1006
18.0572
19.1006
15.4821
16.1999
20.0427
19.7206
20.0427
14.033
15.2295
13.1882
13.1882
10.0066
10.7559
9.75488
15.7915
15.7915
11.7217
15.3812
10.6643
16.2491
16.1801
16.2491
13.1016
14.3211
21.4105
17.7327
21.4105
15.1429
14.3359
