10.5305
10.5305
9.98648
10.0143
9.84194
8.6913
7.36401
7.05623
8.6913
7.6887
12.3641
11.8414
11.4168
12.3641
10.5344
9.91773
7.23841
9.91773
7.95755
7.49763
16.6349
11.5346
15.4979
14.2352
16.6349
9.56882
4.59127
8.76184
8.92556
9.56882
1.87663
1.47196
1.24801
1.81822
1.87663
15.6097
11.4573
12.3815
11.8546
15.6097
13.325
7.1912
12.7755
12.4093
13.325
13.4624
6.37436
13.4624
5.70301
12.3317
15.397
11.4943
13.9624
14.9998
15.397
14.3871
12.0492
14.3871
11.9149
13.4889
15.5169
15.1411
15.5169
13.7036
11.2306
15.4252
13.3271
15.2198
15.4252
13.4542
14.4225
9.99355
13.8684
9.79666
14.4225
14.9414
6.39886
13.1197
7.86624
14.9414
16.0322
14.8438
15.5275
16.0322
13.1085
15.3688
14.9582
14.9733
15.3688
11.7974
17.0925
10.7616
15.3819
13.0884
17.0925
12.0474
7.73809
8.76486
11.927
12.0474
14.5264
14.5264
13.9406
12.7872
11.3885
17.3782
14.8469
17.3782
17.3644
15.026
15.1345
12.2572
14.0831
15.1345
11.6976
17.2879
14.2018
15.6687
14.593
17.2879
17.7783
12.4281
17.7783
12.9391
17.6982
17.6506
14.3196
17.6506
16.5185
12.5916
17.6942
17.6942
17.4383
13.0941
12.8005
17.7249
17.7249
16.2175
14.2484
13.2233
17.7763
14.3559
17.5641
17.7763
15.557
16.4083
16.4083
16.2401
15.2734
15.6625
15.0093
14.6002
15.0093
12.891
13.3145
16.2029
12.5192
15.5651
13.0834
16.2029
18.1225
15.4703
17.8658
15.5015
18.1225
17.6375
12.1326
17.6375
13.7159
16.9248
13.7976
7.85925
13.7976
12.3415
12.7185
16.937
12.8036
16.937
12.2892
15.8025
9.29479
9.29479
8.44976
9.20478
8.24196
20.0189
12.6496
16.8581
13.4906
20.0189
18.0558
12.0986
15.9425
12.0205
18.0558
18.0097
12.6205
14.9173
12.8606
18.0097
20.4754
8.66455
15.1692
11.3669
20.4754
13.5267
10.3998
13.5267
11.4936
9.81635
16.8672
15.7654
15.0036
16.8672
14.268
16.0998
7.26306
13.4489
9.79571
16.0998
17.3952
14.4663
13.9644
17.3952
9.28098
12.5881
12.5881
12.0217
12.5419
11.4424
13.4181
13.4181
12.7264
11.4972
9.71354
17.082
14.3358
16.028
14.3526
17.082
10.551
9.76688
9.61116
9.78954
10.551
16.978
12.5852
15.8752
14.5152
16.978
