15.5821
11.3331
15.5821
11.007
10.9478
9.11725
9.11725
7.83554
8.86462
9.06593
16.3117
12.8894
16.3117
8.88926
16.1076
12.9382
12.9382
12.3562
5.22059
11.1775
18.8003
9.92993
10.7816
11.5558
18.8003
8.54164
7.29782
2.21372
7.03116
8.54164
1.94293
1.94293
1.93971
1.94293
1.93929
14.7826
11.8888
9.51355
11.477
14.7826
12.8956
6.52471
4.18998
11.7157
12.8956
8.41655
4.71203
7.46785
3.95507
8.41655
17.1258
12.5852
15.7499
13.1576
17.1258
14.0774
13.8105
13.5454
12.6172
14.0774
17.6278
12.9934
10.7102
17.6278
13.3864
17.9302
12.2668
8.85147
17.9302
13.0171
14.6369
6.3066
10.9438
7.75015
14.6369
8.40775
7.66137
6.02432
7.18287
8.40775
24.903
12.0794
24.903
9.24937
19.4437
14.1567
9.96046
14.1567
8.60014
13.0468
20.1622
11.0165
18.0659
7.85628
20.1622
11.1952
7.47049
3.96561
11.1952
11.0348
16.651
15.2686
12.988
16.651
16.5267
18.287
10.2981
18.287
10.9014
16.8196
16.9126
12.3994
16.9126
10.3555
15.1798
14.2318
13.9772
9.41549
14.2318
12.2683
17.5743
8.82298
11.3073
11.1083
17.5743
16.1345
10.2481
16.1345
11.4332
15.334
17.368
13.6141
13.2069
17.368
16.4863
16.3659
14.0905
10.0733
16.3659
15.2575
17.1712
9.81288
17.1712
11.238
16.8199
17.0506
12.9842
17.0506
12.3202
15.7364
16.9281
13.4457
12.8067
16.9281
16.548
14.1072
10.1792
12.3614
11.1471
14.1072
15.8465
10.841
14.2092
11.5011
15.8465
14.3717
7.68692
13.9893
8.1508
14.3717
13.941
7.3736
6.36624
11.6529
13.941
15.0836
11.5711
10.1126
11.5819
15.0836
8.98881
8.98881
8.34633
8.96839
8.661
17.3261
11.0444
17.1326
10.8206
17.3261
14.0912
12.3292
9.49347
9.98394
14.0912
15.8559
11.9133
10.9595
13.3182
15.8559
17.0265
6.81826
9.49063
10.6667
17.0265
18.1492
15.5237
17.6895
7.54249
18.1492
14.7967
14.0616
12.4936
14.7967
12.6539
13.7009
5.05408
5.21296
8.22028
13.7009
18.2333
11.5624
18.2333
10.7046
17.5301
19.3122
14.5197
19.3122
7.63534
18.6056
15.8375
15.0048
11.3358
15.8375
15.5318
16.4493
13.4949
11.4141
16.2135
16.4493
16.0238
14.2399
16.0238
6.44952
15.7481
19.0987
13.1078
19.0987
9.73605
17.9327
