11.2556
10.1376
9.6325
11.2556
10.2549
8.93476
8.24575
7.08991
8.93476
7.8905
14.4941
10.7138
14.4941
8.28686
13.4633
9.2788
7.61659
9.2788
7.24004
8.58847
17.8195
12.3439
17.8195
11.9668
17.6613
8.99779
5.0002
8.72985
8.99779
8.83977
1.94164
1.23358
1.52031
1.94164
1.15564
14.5658
14.5658
14.4233
12.4535
13.6201
14.0388
8.41689
13.9993
8.12052
14.0388
12.4317
10.0093
12.4317
9.99849
12.3185
17.7212
11.2792
15.7702
10.4502
17.7212
14.7849
14.698
14.7849
13.2001
12.7866
16.996
16.3069
15.2981
16.996
11.559
16.2187
12.8326
14.0249
14.4443
16.2187
15.1252
12.4034
14.2901
10.9985
15.1252
13.2163
7.00199
10.3528
9.32964
13.2163
16.4932
15.1664
16.4932
13.986
15.7416
21.9288
14.3716
21.9288
10.7478
14.4395
18.3983
15.3226
15.3687
13.9803
18.3983
12.0149
7.42112
10.7972
10.6652
12.0149
16.8726
16.8726
15.1808
16.3932
14.1558
18.5156
15.1825
18.5156
12.466
18.0317
16.3235
10.5027
16.3235
10.5474
13.3182
17.1531
15.2694
15.3121
17.1531
16.7511
19.4258
16.5947
19.4258
16.4871
17.6699
16.0113
14.6555
16.0113
13.0054
14.0281
18.8312
17.9507
14.0386
18.8312
16.127
19.2733
19.2733
15.3332
17.6607
14.3163
18.8393
16.3035
18.8393
13.1609
18.3347
18.9437
15.746
18.9437
14.9012
16.9585
17.7327
17.5855
15.6465
17.7327
15.2222
21.8083
14.58
19.3945
12.3534
21.8083
20.7134
19.1159
20.6943
14.0278
20.7134
19.0285
14.4956
19.0285
12.2006
17.9452
14.298
9.39477
14.298
8.83467
14.1164
17.9425
17.4371
17.3909
16.4232
17.9425
9.95939
9.95939
9.50053
9.0203
7.62514
19.3308
18.041
19.3308
14.4765
18.7224
19.0429
16.91
18.138
15.9969
19.0429
19.4833
16.203
19.4833
14.9572
17.3745
23.478
16.0125
23.2592
14.9743
23.478
15.9139
10.333
15.9139
9.34221
13.1979
16.5482
16.2433
15.4926
16.5482
16.0332
18.1413
9.51987
18.1345
11.8904
18.1413
16.4733
11.9654
16.4733
11.4072
15.1223
17.3369
10.7329
17.3369
8.05687
15.3411
16.2024
14.9846
10.7275
16.2024
14.3294
18.9868
16.2464
18.9868
16.6349
15.4074
13.6555
9.33046
13.6555
6.0445
12.4686
19.5414
14.627
19.5414
13.1165
16.2897
