11.4144
11.2322
11.1137
11.3495
11.4144
9.97639
8.40811
7.37344
9.97639
9.10103
14.4981
12.99
14.2424
11.0396
14.4981
10.4248
7.57118
10.4248
9.89467
9.76594
18.4122
12.9749
18.1672
14.5469
18.4122
9.48205
5.11914
8.75483
7.93629
9.48205
1.93881
1.59189
1.04983
1.93881
1.62443
14.2622
13.5582
13.5981
14.2622
14.0062
13.5802
9.59044
13.5802
12.7028
12.8399
11.2615
6.74985
11.2615
6.86787
10.725
19.1163
12.7152
14.9866
12.3059
19.1163
14.2474
12.2869
14.2474
11.2907
12.9065
15.7864
14.7047
11.9622
15.7864
13.2923
15.5058
13.8709
11.9083
15.5058
12.8346
15.7482
10.1785
14.3343
11.7305
15.7482
12.3827
5.87494
12.3827
7.29246
10.9503
19.9692
16.614
15.4991
17.6152
19.9692
16.6712
16.6712
16.6576
13.9747
13.6856
23.9105
12.4535
15.3287
14.1271
23.9105
13.9534
7.75786
9.99746
12.398
13.9534
18.1342
18.1342
13.6795
15.4456
14.4047
19.5801
17.7797
17.9944
18.7154
19.5801
15.8855
15.157
14.2542
15.5145
15.8855
17.5006
16.3092
17.5006
16.4948
13.3339
17.6546
14.1707
17.6546
13.2404
17.607
15.3922
14.857
15.3922
15.0995
14.7237
17.6812
17.6812
15.6866
15.4794
14.7541
17.8376
17.8376
17.8125
16.0745
14.2517
18.6994
17.6279
17.6541
18.6994
17.1996
17.3044
15.5297
16.8462
15.6987
17.3044
19.2636
19.2636
15.3956
17.1866
15.4844
17.3752
13.6871
16.5363
12.7192
17.3752
19.2317
15.5307
19.2317
14.7396
16.0507
17.1107
13.965
17.1107
14.6464
17.0927
13.7584
10.6993
13.7584
11.2967
12.6397
17.509
15.8465
17.0615
14.3098
17.509
9.03472
8.83401
7.77555
9.03472
8.77723
19.9885
13.63
17.565
16.218
19.9885
19.5388
13.9967
19.5388
13.6555
15.025
17.4746
14.7104
17.4746
14.657
16.2136
16.9461
10.8804
16.9461
11.0348
16.0485
15.7424
12.3152
15.3062
13.2813
15.7424
17.073
17.013
17.073
16.7335
14.2296
14.6734
8.44024
14.6734
8.9049
13.388
18.8163
16.2448
14.4453
16.6728
18.8163
18.6161
16.1536
15.4858
14.4635
18.6161
14.8169
14.1834
13.156
14.8169
14.6409
18.4201
17.7566
18.4201
15.8968
16.4066
14.6297
12.9874
14.6038
10.0685
14.6297
20.2555
16.6496
15.9334
17.5347
20.2555
