12.6721
10.776
11.2261
12.6721
10.8168
9.25216
8.29013
7.75297
9.25216
6.89118
13.1159
11.8923
13.1159
8.26635
11.9869
9.10182
7.28912
9.10182
8.42237
8.8562
16.6169
13.1584
16.6169
13.7199
14.0488
8.70806
6.3912
8.5701
7.30395
8.70806
1.93969
1.49255
0.926132
1.93969
1.66308
15.9023
14.0042
13.6527
13.2223
15.9023
11.978
11.1439
10.1999
11.621
11.978
10.6934
6.50457
9.28092
6.13831
10.6934
16.3712
12.8739
16.3712
11.3577
16.3173
15.9769
14.2924
15.9769
8.57311
12.3824
17.755
14.8592
14.3244
17.755
10.3355
16.395
14.4557
15.8005
16.395
14.5512
15.8006
11.3556
14.4312
10.1049
15.8006
12.2948
6.94219
12.2948
8.13299
10.9379
16.9278
14.2725
16.9278
14.1934
16.5846
17.1581
17.1581
16.5596
12.6421
14.2029
18.2406
12.4971
13.7353
14.0821
18.2406
11.4582
7.88264
10.8041
11.1943
11.4582
18.2319
18.2319
17.06
13.0005
10.3678
18.7115
16.7785
15.5358
17.0489
18.7115
15.7113
12.9072
13.2352
12.5794
15.7113
17.4463
17.4463
17.3674
17.356
15.6953
17.5874
13.7228
17.5874
13.1835
16.1852
19.0759
16.3861
19.0759
14.075
15.7871
19.796
19.7764
19.796
14.2714
11.4982
19.332
19.332
18.4837
13.662
10.4241
17.9498
17.3759
16.1799
17.9498
17.6555
16.1814
14.7964
15.5301
14.5749
16.1814
19.3367
19.3367
17.2832
14.9277
12.3219
14.8775
13.3393
13.704
14.0358
14.8775
17.4089
15.8478
16.8613
15.8403
17.4089
17.416
14.6169
15.6582
13.4149
17.416
13.6203
12.4227
10.9645
13.6203
12.5745
16.2263
16.2263
16.1984
12.1849
14.028
9.56634
9.25041
8.43323
9.56634
7.57111
19.4662
13.7113
14.9761
17.9622
19.4662
17.4335
16.3616
17.4335
15.819
15.5246
17.0648
15.5618
17.0648
15.5045
14.6734
16.962
12.6059
13.0684
14.3258
16.962
14.3776
10.8869
14.3776
11.4208
11.0665
17.8221
17.8221
17.3135
15.4063
13.9258
12.6049
10.9378
11.1377
12.3144
12.6049
16.0653
12.9871
14.4837
12.095
16.0653
14.9275
12.9427
13.5167
11.4853
14.9275
14.935
14.775
14.935
14.1981
10.7979
18.2324
17.4221
18.2324
16.0192
14.3548
12.3464
10.9942
11.8485
7.0232
12.3464
18.0941
15.4435
15.7413
16.168
18.0941
