11.9069
11.3433
10.7364
11.9069
8.9037
10.1521
9.55972
8.58824
10.1521
7.65788
12.6902
11.7818
12.6902
7.72217
11.2124
9.78696
8.62827
9.78696
7.06916
7.63431
17.5132
14.5615
17.5132
14.993
16.3464
9.54251
6.32761
8.52181
8.31704
9.54251
1.92542
1.92542
1.39104
1.69139
1.50952
13.9172
13.7145
13.5447
13.5563
13.9172
13.5794
10.8339
13.1927
13.5794
13.035
12.2914
7.36006
11.4756
11.8139
12.2914
17.3483
12.7068
17.3483
11.7406
16.0617
16.311
15.8531
16.311
14.3347
11.78
16.0489
15.8085
14.9649
16.0489
11.2334
15.1006
13.6838
12.1124
15.1006
14.2197
15.022
12.1924
15.022
14.6474
14.9608
12.4227
7.22435
12.4227
8.56492
10.2669
18.7585
16.6533
18.7585
11.1865
14.8846
17.0476
17.0476
15.1902
11.7748
14.5307
19.4915
14.5084
17.7374
13.8428
19.4915
12.8442
8.29256
9.34295
12.8442
12.4026
19.6266
19.6266
17.2688
15.1241
13.397
19.9721
18.922
19.9721
16.3927
19.5995
16.4776
15.0756
16.4776
12.3477
15.8609
18.4765
16.7551
18.4013
18.4765
14.4341
17.7185
14.2935
17.7185
15.0021
16.6845
17.3112
16.5881
17.3112
13.8157
15.0816
16.3384
16.3384
15.3842
15.3597
12.2463
16.7907
16.5753
16.7907
15.9389
10.7972
20.095
20.095
18.6284
17.2964
18.428
17.3714
16.2227
17.3714
13.3988
16.7521
20.5004
20.5004
19.791
16.906
15.2393
20.2998
14.0607
20.2998
14.4904
17.897
19.4972
16.0996
19.4146
15.8271
19.4972
19.2461
14.3768
17.8678
15.2478
19.2461
13.9539
12.5658
13.9539
12.6256
13.0222
18.1176
17.3841
18.1176
14.3175
16.2276
10.3679
10.3679
8.67796
9.47095
6.48964
19.075
17.7127
18.5507
16.9926
19.075
19.6691
15.3583
19.6691
16.619
16.0224
18.311
15.8768
18.2484
18.311
16.9002
18.2445
12.7355
17.8999
15.2658
18.2445
14.5234
12.0299
14.5234
8.81828
10.2268
16.7965
16.3457
16.7965
16.5325
15.6312
13.9013
10.6206
13.9013
12.8459
13.5915
16.8721
15.4749
16.8721
13.4581
15.0462
14.562
13.8471
14.562
7.63503
12.2856
15.7148
15.3492
14.4107
15.7148
11.0948
20.0016
18.3168
20.0016
19.0024
16.4426
12.2804
10.9668
12.2804
4.8049
10.642
18.4791
17.0545
18.4791
12.7106
16.6582
