12.6371
10.7972
12.6371
12.5655
8.98249
9.51904
8.94507
8.47694
9.51904
6.33653
13.4788
12.9297
13.4788
12.9877
13.3875
12.0915
12.0915
7.47962
6.65431
11.9207
14.9879
14.2403
14.5516
14.7477
14.9879
9.39682
5.78001
7.25658
9.39682
6.40561
1.91394
1.65824
1.1579
1.91394
0.742495
15.6454
15.6454
12.6571
12.669
12.621
13.9911
8.8167
10.8534
13.9911
10.1376
9.05375
8.84574
8.53797
9.05375
8.2045
17.0789
12.945
16.2744
16.622
17.0789
14.0087
13.4219
14.0087
13.1157
11.3094
15.5547
15.3991
15.5547
15.2305
10.284
15.1119
13.1124
14.329
15.1119
11.3972
13.6917
11.3962
12.8192
13.6917
12.7608
10.7221
7.57831
10.7221
10.4296
10.4829
18.303
17.0468
18.2833
16.7274
18.303
16.4895
15.467
16.4895
15.8607
15.8625
15.6688
15.6688
15.3624
12.1897
15.4093
9.79284
7.99676
9.68536
9.79284
8.46362
22.9095
22.9095
17.7057
16.3804
13.6961
24.9322
18.9809
24.9322
23.3937
24.8731
19.1949
15.784
18.8485
17.8616
19.1949
16.0955
16.0955
15.6746
15.8442
15.6309
17.4284
16.844
16.3706
17.4284
16.94
19.9967
14.9892
19.9967
19.0118
18.8291
18.0476
16.9568
17.7035
18.0476
10.951
18.7998
18.7998
14.4533
17.6876
12.7388
22.4903
18.5859
22.4903
21.0065
22.0207
17.326
15.9687
17.326
15.8711
16.9593
20.1685
19.8397
20.1685
18.0963
14.9005
19.938
14.9574
18.8212
19.9076
19.938
20.7948
16.8644
20.6178
20.4576
20.7948
17.1036
16.4181
17.1036
13.0456
16.0392
12.9466
9.51239
12.6899
12.9466
12.5056
19.8104
19.8104
17.7828
18.4552
17.7557
10.507
10.507
7.81519
9.28675
5.7777
18.2981
16.8154
18.2981
16.2056
17.9378
17.0098
17.0098
16.8574
16.7188
15.2269
18.6126
16.1457
18.6126
17.9273
15.8894
15.2812
12.4252
14.6751
15.2344
15.2812
17.9847
14.6185
12.4147
12.3563
17.9847
16.546
15.1995
16.162
16.546
14.9054
13.2432
9.32364
11.5005
13.2432
10.3096
20.6182
15.6264
19.0278
19.2248
20.6182
16.6344
15.9857
14.8623
15.5539
16.6344
16.7458
16.7458
11.7614
16.1872
9.62976
20.393
19.4454
20.393
18.7803
16.1852
14.1823
14.1823
11.5283
12.287
12.7247
18.0363
16.8287
18.0363
16.4091
17.76
