10.8001
10.8001
7.67386
10.7193
8.56183
8.25796
7.84559
7.06843
8.25796
5.86938
14.7587
14.538
14.7587
13.7618
14.0748
11.9163
10.7292
10.6778
8.95076
11.9163
18.6006
16.0188
15.8791
17.649
18.6006
8.66898
3.58281
5.81576
8.49434
8.66898
1.81554
0.86701
1.03534
1.1244
1.81554
14.0005
12.9363
13.2649
12.839
14.0005
12.5293
6.00343
8.86265
12.5293
11.8498
11.2003
7.82957
7.78289
11.2003
6.66655
18.7249
14.8621
16.3233
15.6559
18.7249
14.38
12.1849
8.86848
14.38
9.26009
14.5583
14.4227
10.8249
14.5583
10.9387
15.1724
13.5234
11.5055
15.1724
12.9072
14.4873
13.4581
10.6513
14.4873
13.1137
12.6091
6.84008
10.23
11.5054
12.6091
19.8233
17.6923
19.8233
16.5254
18.9825
15.7819
13.1582
15.7819
12.9582
14.1753
17.2156
14.0716
17.2156
16.7592
15.8899
11.0412
7.71271
8.86745
11.0412
10.247
16.1567
16.1567
12.4082
15.9072
13.2699
20.1881
17.7926
20.1881
17.7361
19.2985
24.9091
17.8304
24.9091
15.1255
20.6229
24.9203
16.391
13.4423
24.9203
14.2192
24.9184
18.3081
15.2842
24.9184
19.2669
17.0022
15.5193
16.3998
16.4686
17.0022
18.299
16.8153
10.7533
18.299
10.916
17.9035
17.3235
12.0452
17.9035
10.5588
18.5492
16.9945
18.1319
18.5492
17.182
22.2433
20.2323
18.8273
22.2433
15.1392
19.0498
18.6566
11.8305
19.0498
13.4523
19.1879
13.4183
15.1568
19.1879
18.1444
21.0598
15.9272
16.0646
21.0598
17.9099
16.0081
13.0669
14.3155
16.0081
13.2087
12.4451
8.5647
11.5714
12.4451
12.0053
18.2775
18.2775
15.6587
17.9939
15.1679
8.65606
8.65606
5.4457
8.52089
5.22684
21.6811
14.8256
16.6782
21.6811
14.9587
23.3697
13.964
12.2257
23.3697
15.9292
23.24
14.449
10.8881
23.24
16.525
22.7089
12.5902
11.1087
22.7089
16.5866
18.1731
14.42
17.1525
13.116
18.1731
18.5367
15.1794
12.7776
18.5367
13.5381
15.9485
9.55308
9.70777
15.9485
14.8883
22.9866
19.4945
22.8312
14.6532
22.9866
18.1498
16.4846
18.0288
15.5725
18.1498
15.5993
13.2637
9.78613
15.5993
7.87207
21.4854
18.6985
12.7861
21.4854
16.7524
14.4578
14.4578
14.4404
13.1181
14.1575
20.4394
17.8516
17.8898
20.4394
17.6081
