13.2505
5.33098
13.2505
11.4287
7.57121
10.0449
10.0449
5.76963
8.21744
6.6113
17.9327
12.7007
17.9327
11.1447
16.275
12.9383
12.9383
10.682
6.70052
10.4749
17.6758
10.1208
11.7473
16.8265
17.6758
8.65734
2.45351
2.15622
6.76204
8.65734
1.93462
1.93462
1.93462
1.84256
1.84324
14.1587
10.337
10.8417
13.5988
14.1587
12.9997
3.7281
5.15934
11.3387
12.9997
8.69441
3.31226
8.69441
8.38925
5.8668
16.1413
12.978
15.7168
12.9272
16.1413
13.4303
8.64194
13.4303
12.3259
7.86821
15.8005
10.6821
11.9557
15.8005
10.9068
15.834
8.61963
9.56368
15.834
14.6612
14.5603
5.40694
12.1157
14.5603
11.0451
7.98656
4.97572
5.58946
7.08078
7.98656
19.7042
13.4421
19.7042
12.8337
14.7987
13.4046
9.98909
13.4046
10.8744
11.7506
15.9012
12.2577
15.8594
15.9012
11.7308
11.0647
5.88745
4.1379
10.1686
11.0647
16.5659
14.6528
13.9537
16.5659
11.8704
16.2025
12.7187
16.2025
12.6109
15.3587
15.0917
13.3434
14.9287
12.4379
15.0917
13.9122
11.9469
11.0168
13.9122
11.201
16.7043
9.8894
11.3093
16.7043
14.8479
15.7206
10.215
14.4971
15.7206
13.324
18.7976
13.5775
14.4498
18.7976
12.1479
17.3044
14.7211
12.7354
17.3044
12.0217
14.9736
12.4894
14.9736
13.3853
14.4119
16.3883
13.9284
16.3883
15.8488
15.7198
16.9004
12.5067
14.8226
16.9004
12.2108
11.7395
8.18432
10.8181
10.7161
11.7395
13.9472
10.4489
13.0612
13.9472
13.3403
15.3644
10.4996
10.8902
15.3644
10.6003
12.5869
7.17633
7.4405
11.5015
12.5869
12.7176
11.7486
10.3689
12.7176
12.52
9.19543
9.19543
7.44405
9.03998
6.58702
15.4834
12.5484
15.4834
14.4758
12.2831
13.4677
9.84671
10.5384
13.4677
12.3339
14.6998
5.62288
12.5724
14.6998
14.3374
15.3515
3.87439
10.3128
15.3515
14.9222
17.1662
15.5238
17.1662
9.76189
15.8115
16.374
13.3888
14.5138
16.374
12.4432
13.0466
2.6673
6.17698
11.889
13.0466
16.8525
15.2504
16.8525
13.3185
16.1748
17.8801
15.0533
17.8801
9.73195
16.7161
14.111
13.7512
7.82997
14.111
9.22801
15.7671
9.482
12.841
15.7671
14.7723
15.4225
14.2399
15.4225
9.38624
13.3103
16.7651
13.9702
16.7651
13.9871
14.9426
