12.8493
11.373
12.5286
11.9879
12.8493
8.87251
8.71239
8.696
8.87251
5.77133
12.3156
12.3156
11.0615
7.68384
10.5168
11.4194
6.17942
11.4194
2.75961
11.3224
14.9594
11.7012
13.9713
14.063
14.9594
9.35455
3.15573
4.07503
4.10213
9.35455
1.93462
0.748058
0.808502
1.91708
1.93462
15.1491
12.7776
15.1491
10.221
13.2398
13.5625
3.95406
7.77162
7.14624
13.5625
10.099
4.6089
7.08889
10.099
4.97391
15.7286
10.6382
15.7286
9.31314
15.2443
15.6359
15.404
15.6359
14.3271
14.1763
15.8147
15.3821
15.8147
14.1329
13.7622
12.6096
12.6096
11.5155
10.6442
11.0642
14.0259
11.1045
11.9979
14.0259
11.5777
9.25013
4.18604
6.56836
5.395
9.25013
14.421
10.1176
14.421
9.01667
13.6623
15.6201
10.4255
15.6201
12.0962
14.5575
14.5893
10.8269
14.5893
10.4601
11.5393
9.44673
7.32381
8.31458
7.40842
9.44673
15.9525
15.9525
15.6165
15.7036
13.6945
15.5481
9.20336
15.5481
10.955
14.4826
13.7652
7.78691
13.7652
10.813
13.0318
16.2054
16.2054
15.5592
14.1624
13.9067
16.5904
16.48
16.5844
16.5624
16.5904
24.9187
13.9808
24.9187
18.9301
24.3686
24.9196
24.9107
24.9196
22.5908
20.3239
23.926
23.926
20.4451
18.4605
16.4524
15.0736
10.4556
15.0736
12.4671
14.8431
13.9556
13.9556
13.8348
11.0032
12.6841
19.1532
18.4788
19.1532
18.34
17.4089
15.8771
7.83145
15.8771
11.2187
15.5709
16.1676
12.3889
16.1676
12.7642
14.577
13.5666
8.56718
12.121
13.5666
11.0583
12.5936
5.93585
9.24023
7.9519
12.5936
13.9625
13.7589
13.9625
13.6813
13.5842
9.75834
8.93631
9.73921
9.75834
7.02589
14.0192
11.2079
14.0192
12.3992
10.1939
12.941
12.941
12.2738
12.5009
10.9608
16.2654
15.195
16.2654
15.5511
16.099
13.5827
7.91741
11.5414
13.5827
13.1619
15.3271
7.78537
15.3271
5.87465
14.6131
18.1458
17.6146
18.1458
14.5763
14.8409
15.0432
4.88313
7.20882
14.5743
15.0432
13.1008
9.8821
13.1008
7.96535
12.649
14.1884
9.6512
14.1884
6.28495
12.2894
16.6695
16.6695
14.7987
16.3909
12.2276
17.6104
16.8826
17.6104
16.8701
16.8794
11.1332
10.0782
11.1332
5.96942
10.7166
13.9676
9.47251
13.9676
9.51726
11.3104
