11.8271
9.36388
9.28452
11.8271
11.7502
9.53194
9.53194
8.20261
8.66106
9.18866
13.0934
13.0934
12.7858
13.0509
11.0176
11.9273
11.9273
8.68512
9.26182
9.10804
17.7641
14.0559
15.1698
13.4584
17.7641
7.81706
2.64334
6.28388
5.79164
7.81706
1.93873
1.47378
0.86642
1.93873
1.39226
16.1859
13.1689
13.3905
14.8585
16.1859
11.1061
5.72542
11.1061
9.30415
9.91742
9.36674
8.56706
9.36674
8.9726
8.66346
15.7985
12.8717
15.0204
15.7063
15.7985
18.9038
14.1134
13.4182
18.7648
18.9038
15.7636
9.41292
11.259
15.7636
14.9251
16.0204
11.0548
13.9301
16.0204
13.846
15.9611
14.6452
13.7943
12.5256
15.9611
10.1659
5.6571
10.1659
8.67158
9.45244
19.4198
13.3013
19.4198
17.7063
14.3838
15.7917
13.1021
15.7653
15.7917
14.2911
17.8584
12.0009
16.3336
15.5819
17.8584
12.7925
5.88486
8.59088
7.30591
12.7925
15.8517
12.2783
11.5963
15.8517
14.8627
22.3724
15.811
22.3724
21.7245
18.7618
17.4991
13.916
17.4991
15.4036
14.0544
17.2474
15.6283
16.5464
17.2474
16.9589
17.5402
15.3302
16.1232
14.8491
17.5402
18.2778
14.2637
17.1472
17.5357
18.2778
19.1453
12.3793
12.3327
18.9802
19.1453
17.1617
15.9395
14.9378
17.1617
16.6728
24.9303
15.1252
24.9303
20.1743
18.3536
17.9802
14.4462
17.9802
16.6418
16.1779
17.556
12.0568
13.7665
17.556
15.6656
19.5189
13.8625
19.5189
18.7567
17.0006
21.4696
15.9229
21.4696
18.5886
18.592
17.5301
12.9362
17.5301
15.698
16.2195
13.476
7.55587
13.476
12.0826
10.7449
17.3518
16.2389
16.1248
17.3518
16.6073
9.36759
9.36759
7.90547
8.98462
8.6506
19.7229
14.4592
19.7229
16.7854
17.0848
18.6403
16.6445
18.6403
16.3349
18.4417
16.8183
14.1195
16.0679
16.8183
14.4364
16.9359
12.4903
16.9359
13.1444
12.8712
14.0101
14.0101
13.7664
12.6411
12.8794
18.1696
15.544
17.0521
18.1696
17.1188
12.8934
8.39612
12.8934
9.61351
10.718
18.2069
12.3752
17.6375
18.2069
15.217
15.443
14.0275
15.443
14.8425
12.0295
14.9218
11.1249
9.44613
14.9218
14.6434
17.6045
14.2973
16.2637
17.6045
16.4118
13.8108
13.8108
12.0374
12.533
9.18992
19.56
13.5396
19.56
16.7092
15.8464
