10.7656
10.01
10.2227
10.7656
10.0532
8.7945
8.26198
8.7945
8.6639
8.72655
14.4125
14.3907
14.4125
7.68597
14.3085
12.2766
9.62015
12.2766
8.9381
11.7622
18.3624
15.5365
18.3624
14.9288
16.583
9.01162
7.36158
7.38061
9.01162
8.85291
1.93789
1.02433
1.02738
1.11288
1.93789
14.3892
11.8376
14.3892
13.3468
14.2749
13.2867
10.7136
10.6443
12.2863
13.2867
12.462
10.173
10.7913
11.2972
12.462
17.6932
15.3348
16.8582
12.4867
17.6932
15.6932
14.1994
14.8735
14.6132
15.6932
15.0379
13.7392
14.1425
15.0117
15.0379
14.4222
13.9864
14.4222
14.2729
14.2357
14.267
12.2239
14.267
12.5756
14.2641
13.2655
9.4006
11.0214
10.3774
13.2655
19.5822
17.2174
19.5822
16.8517
18.6312
15.8598
13.1962
15.8598
12.8944
14.427
18.6475
16.4719
18.6475
17.1673
17.1047
11.1739
8.97741
9.27968
10.1706
11.1739
16.5868
15.5483
16.5868
15.5425
14.1294
18.7028
17.6496
18.574
17.642
18.7028
20.304
14.3708
19.7553
14.3869
20.304
22.8969
18.7832
19.8252
22.8969
20.4222
22.1036
15.9315
18.9176
17.0229
22.1036
16.5055
13.8223
16.5055
14.754
15.1367
20.9876
19.8093
19.8689
20.9876
20.4826
19.0264
17.829
17.8099
19.0264
18.2411
18.6651
17.9054
18.6651
18.1105
16.6973
23.9243
23.9243
22.4413
18.874
15.7402
19.1597
17.9863
19.1597
18.2313
17.0479
18.5742
14.9942
16.6315
18.5742
18.495
20.1108
18.7412
18.7489
20.031
20.1108
16.2856
13.9272
16.0417
15.6234
16.2856
12.5153
10.8584
12.5153
12.3526
12.351
18.1531
14.4105
18.1531
16.7123
17.6885
8.68711
8.1191
7.979
8.68711
7.71634
21.4892
19.9036
19.6163
21.4892
17.4399
23.2809
17.0923
19.579
22.9439
23.2809
23.3891
23.3878
23.3891
20.953
21.6789
24.1054
20.6275
19.8771
24.1054
23.7231
17.8408
14.7789
17.8008
11.4839
17.8408
18.8316
17.7285
18.1584
18.8316
17.8875
17.0713
14.2067
14.1286
16.5239
17.0713
22.5319
16.6883
22.5319
13.3332
22.4882
19.1886
16.4476
17.6129
9.3524
19.1886
15.864
13.0814
13.9139
15.864
14.2661
22.0388
21.5903
22.0388
19.4846
19.1015
15.4199
13.7246
15.4199
4.9512
15.3941
20.4396
20.4396
19.2499
19.7251
19.0283
