12.8329
12.8329
11.8907
12.719
11.5734
10.5914
10.5914
8.88631
9.14147
8.78553
14.4302
12.6529
14.4302
9.17904
12.7042
12.6076
12.6076
10.0342
5.23674
8.78908
17.7208
9.73476
15.9393
14.8406
17.7208
8.62059
2.92084
8.62059
7.78511
8.06127
1.94
1.94
1.21782
1.611
1.28685
15.1558
9.51478
12.7288
12.0505
15.1558
12.8207
3.20633
12.8207
12.4308
11.8691
11.7344
10.1688
11.7344
10.8161
10.6747
17.7654
12.9961
16.1564
12.6813
17.7654
13.8905
13.1125
13.0752
13.7184
13.8905
16.8396
10.7083
8.02155
16.8396
13.9209
14.9513
10.3244
11.8754
14.9513
14.4879
15.2494
10.971
15.2494
12.9626
14.7377
12.661
4.94245
12.661
10.7219
11.4965
19.6415
12.241
19.6415
13.5817
18.9484
15.722
9.97723
15.722
14.5261
15.2892
18.4884
12.7206
18.4884
14.5195
17.1108
10.5609
5.67568
9.35138
10.4525
10.5609
19.2834
10.8575
9.61011
19.2834
17.9181
20.3878
10.4519
19.9234
17.9473
20.3878
17.7446
12.3797
16.2465
12.8053
17.7446
16.5914
12.1926
15.8012
16.4472
16.5914
19.6423
13.0481
17.1512
17.862
19.6423
16.751
10.1853
15.8256
16.751
16.1662
18.847
13.8025
9.26096
18.847
17.6244
15.7129
15.7129
9.66506
15.6521
15.137
19.9909
10.7846
18.9658
18.2713
19.9909
19.3206
13.3621
19.3206
15.31
17.932
24.9197
12.4828
11.0996
24.9197
20.3538
24.9209
8.24076
24.9209
17.8437
23.4152
20.8571
9.4868
20.3651
20.3907
20.8571
17.2044
9.4877
17.2044
15.7757
16.0439
12.8781
6.30119
12.7494
12.8605
12.8781
19.5807
13.8177
17.6189
16.4196
19.5807
11.5933
11.5933
7.92354
8.62508
8.24246
22.5996
12.5662
22.5996
17.8937
19.641
19.6899
14.2515
19.6899
17.5852
18.6524
21.1752
11.2214
19.4025
21.1752
18.258
24.5705
9.81524
24.5705
18.9271
19.4111
16.7052
15.4135
16.7052
6.9767
14.779
16.5283
12.9141
15.5123
16.2244
16.5283
16.8101
4.06761
16.8101
14.3054
13.8276
18.4559
11.8319
18.3835
11.97
18.4559
18.8745
14.4814
18.8745
9.55965
16.3516
16.1842
12.2579
10.2697
16.1842
13.9876
20.9262
11.7776
17.647
20.9262
18.1699
14.4394
14.1759
14.4394
7.39321
12.6922
22.5056
13.4147
22.5056
15.0942
19.3988
