11.9093
9.56119
8.07275
11.9093
11.0176
9.13708
8.98457
7.80041
9.13708
8.44249
13.8595
8.11205
13.8595
11.5924
12.653
9.61167
4.6343
9.61167
9.06207
9.49671
17.9193
14.5971
16.1222
17.9193
16.5725
9.44717
6.81911
8.24918
8.41217
9.44717
1.54173
1.54173
0.906253
1.31974
1.0648
16.9947
11.7281
13.8544
16.51
16.9947
13.79
10.0987
13.7246
11.3053
13.79
11.5822
10.7228
11.5822
9.56235
10.7567
17.4604
10.1559
16.0963
16.8474
17.4604
18.1047
16.4936
14.6578
18.1047
15.3194
16.0512
14.8611
11.6361
16.0512
13.8548
15.5103
13.8902
13.8623
13.3891
15.5103
15.0563
15.0563
14.66
14.6602
13.3709
12.4104
8.90232
11.8251
12.4104
11.9104
18.2573
11.2202
18.2573
15.0054
17.8654
16.7284
13.3302
15.6173
14.3437
16.7284
19.8719
12.5022
17.7908
15.3396
19.8719
10.3736
8.5009
10.1071
9.82399
10.3736
20.414
18.4984
12.3702
20.414
14.1853
20.8117
15.324
20.4231
16.9671
20.8117
17.156
11.2638
17.156
14.9226
16.2638
17.7896
17.7896
17.2688
17.64
17.2643
20.6196
18.9524
18.5786
20.6196
18.4818
18.6325
15.6439
16.9474
18.4229
18.6325
22.5122
17.0483
13.5502
22.5122
16.5988
20.2953
17.9564
13.1882
20.2953
15.9166
20.8562
15.6404
20.8562
17.2302
19.5466
19.7847
13.6907
19.7847
15.3132
16.7462
19.4764
18.2841
15.155
19.4764
14.9306
21.2464
15.7971
20.7022
17.0234
21.2464
24.9288
18.0278
24.9288
17.0973
23.3149
24.9072
15.7534
19.494
15.3954
24.9072
15.9384
9.9428
15.9384
11.2892
14.5631
22.9203
22.9203
18.6107
19.9693
17.3179
10.1429
10.1429
5.0638
9.70157
8.71043
21.1507
15.8121
21.1507
16.5893
20.6798
19.2745
19.2745
18.8107
18.6925
17.7922
18.1247
18.1247
17.4694
16.1769
14.6141
19.6719
16.152
19.6719
15.5026
17.1474
14.2657
5.11972
14.2657
12.2462
13.9117
19.9747
17.9229
16.9862
19.9747
19.3371
14.8942
11.6232
14.8942
12.3709
14.0755
17.0663
9.50548
16.1475
13.6182
17.0663
16.7056
7.77065
16.7056
12.2271
16.3067
15.4843
15.2479
10.0982
15.4843
13.2639
19.3908
19.3908
17.5755
17.9975
15.4817
13.3774
6.97078
13.3774
10.8359
12.471
20.7346
12.3079
20.7346
13.9035
19.1762
