12.9854
12.9854
12.5514
12.6575
11.0492
10.9152
10.9152
7.87946
10.291
8.91838
13.9229
12.6881
13.9229
12.2527
12.3749
12.8829
12.8829
10.0618
11.0981
10.7416
17.7615
10.1081
15.5845
12.2583
17.7615
8.94042
2.25014
7.91123
8.58337
8.94042
1.93881
1.91077
1.17629
1.93881
1.68797
15.3682
10.1258
12.1571
15.3682
15.2013
14.033
3.10413
12.4227
14.033
11.9869
13.2508
10.0699
11.2641
13.2508
9.53822
19.5059
12.6106
16.5094
16.2347
19.5059
16.5787
13.2649
13.4502
16.3131
16.5787
16.0623
10.4847
7.96702
16.0623
15.2755
14.9043
10.382
11.8321
14.9043
14.0544
15.9173
11.012
15.7182
14.5417
15.9173
12.4302
4.93719
12.1795
12.4302
11.064
19.6644
12.2222
19.6644
17.0447
18.6265
16.5486
10.0054
16.0462
16.5486
15.9528
22.3923
12.2801
18.8151
14.5921
22.3923
12.3082
5.00509
9.31999
9.24638
12.3082
17.0087
10.6491
10.0632
17.0087
15.0578
20.7297
10.3963
20.7297
16.7778
19.7941
17.6075
12.3258
17.6075
16.4568
17.3302
16.1778
11.6771
15.5306
16.1778
15.9159
18.102
12.8923
17.3955
14.9739
18.102
17.6527
10.1772
16.7329
16.9719
17.6527
17.9117
12.0507
9.53748
17.9117
17.8047
16.444
16.2759
9.84358
16.444
15.5171
20.6964
11.1763
20.6964
16.029
17.6607
18.1415
13.6963
18.1415
14.5554
15.7503
19.1071
12.2093
11.4303
19.1071
17.4752
23.3864
8.24681
23.3864
18.7382
18.3649
22.2009
9.58877
22.2009
16.9032
17.9486
18.7226
8.24547
16.5725
12.7923
18.7226
13.4384
5.88118
13.4384
13.3815
12.5453
20.2531
13.4229
18.6389
16.8024
20.2531
11.9471
11.9471
8.25869
9.15513
8.62465
22.0597
12.5392
22.0597
14.7109
18.5209
18.755
13.0664
18.755
14.3302
16.7114
17.685
10.9039
17.685
17.4054
14.4927
22.4809
9.41361
22.4809
13.2909
14.0647
15.8985
15.5929
14.8623
15.3395
15.8985
17.4678
13.8072
14.4463
17.4678
15.7832
15.3431
2.67338
15.3431
11.1496
12.7964
19.8333
12.0279
19.8333
15.7471
19.7824
17.8104
14.4777
17.8104
14.5842
16.6869
16.5576
11.3183
10.5297
16.5576
14.2965
18.1235
11.6716
16.3973
18.1235
15.7095
14.1501
14.1501
13.7868
12.6858
12.2264
20.3944
13.446
20.3944
13.9657
18.6732
