12.5395
12.5395
6.7352
8.93779
11.2631
10.7981
10.7981
8.437
8.45669
7.00211
15.2341
13.4507
15.2341
6.16407
7.17076
12.9226
12.9226
10.0199
5.9035
7.68016
18.687
18.5945
16.9821
18.687
16.5376
9.61255
8.17967
8.71101
9.61255
9.58454
1.94171
1.07272
1.94171
1.77162
1.94137
14.0743
14.0743
12.8398
13.4423
12.1976
14.0773
11.925
12.9056
13.9062
14.0773
12.4938
9.26404
11.6709
12.4938
10.344
15.6373
15.6373
15.5664
12.7313
12.4569
12.7702
12.1074
12.7702
12.6574
12.4272
15.6057
15.6057
10.8553
14.2771
14.1478
14.058
14.058
12.7694
13.6541
13.7087
14.5101
13.6903
11.3583
14.5101
14.1577
10.4601
9.58277
10.2832
10.1323
10.4601
19.8043
13.7462
19.8043
12.5801
13.6565
15.4967
10.9246
15.4967
11.9456
11.5339
19.7197
12.4309
19.7197
12.7354
15.8894
10.7306
9.87006
9.90421
10.7306
10.7221
17.678
17.678
13.4209
14.0747
14.3168
18.27
16.0705
18.27
15.8871
16.773
17.2756
13.7528
17.2756
13.3166
13.343
21.0801
14.8162
20.2824
21.0801
21.0406
19.1517
18.5769
16.3096
19.1517
17.8333
15.6439
15.2782
15.6439
15.3288
12.992
17.7579
17.7579
13.9172
14.9278
14.3491
15.7279
15.7279
14.7782
15.0056
14.9561
18.8882
15.0433
18.8882
15.2996
18.2272
20.3587
17.9324
20.3587
15.376
15.4318
19.7241
19.7241
14.6952
17.5364
16.1565
19.4203
13.2025
18.8578
19.4203
17.4364
19.9809
17.9859
19.858
19.9809
18.2879
17.7445
11.2865
16.9283
17.7445
15.8398
12.4983
10.8524
12.4914
12.4983
12.492
17.2615
14.5109
16.6782
17.2615
17.1722
9.33325
9.33325
8.40839
8.39035
8.40331
24.9204
16.746
24.9204
17.7209
19.9852
24.9189
13.4886
24.9189
24.6475
24.7844
24.9172
23.0496
18.5544
24.9172
18.0702
24.9126
18.6084
24.7306
24.9126
20.2575
17.0045
15.5331
17.0045
7.88098
7.76691
17.3676
14.8809
17.0914
17.3676
17.2566
18.4871
12.8115
16.9454
18.4871
14.2219
17.446
13.4655
17.446
9.57907
12.469
19.478
15.3157
19.478
7.38849
6.77134
15.4968
15.4968
13.2513
14.6978
14.7025
23.1445
23.1445
17.101
22.975
17.1676
16.525
14.2469
16.525
4.49225
3.87687
23.3944
18.5247
23.3944
16.1043
16.462
