11.4019
7.66271
6.68067
11.4019
10.0774
9.86026
7.04083
7.2173
9.86026
8.44072
12.7795
11.7353
12.7795
12.0189
12.5052
10.7406
4.80522
10.7406
10.5654
8.90162
18.4689
10.4944
14.6879
14.6589
18.4689
8.63059
2.52621
7.91233
8.62758
8.63059
1.61621
1.6138
0.98724
1.61621
1.35599
16.7758
9.43868
14.5839
16.7758
15.2963
13.2901
3.66203
11.7801
13.2491
13.2901
11.2497
8.59421
10.8913
10.9373
11.2497
17.4307
10.7124
15.84
14.9727
17.4307
17.2401
12.3822
11.9715
17.2401
16.9479
15.8865
10.715
11.4353
15.8865
14.5547
14.9833
8.00874
13.6957
14.9833
13.7249
16.0205
12.1434
13.1865
15.0608
16.0205
11.7666
4.73854
11.2186
8.83953
11.7666
17.7013
12.5498
17.6892
14.1556
17.7013
16.2687
12.6276
15.0974
14.5788
16.2687
19.8258
12.7411
16.7937
15.3232
19.8258
11.0133
5.09948
9.74461
10.8039
11.0133
17.9189
11.8537
10.3523
17.9189
15.0141
20.3957
13.8996
20.3957
16.0488
20.389
18.0567
10.1838
16.8608
12.8015
18.0567
19.0991
13.2247
17.26
19.0991
19.0382
18.5958
15.7972
17.6435
17.6713
18.5958
18.7032
13.2829
16.0314
18.7032
18.3262
19.0493
11.3625
11.2946
19.0493
18.4314
18.0152
12.4202
11.9706
18.0152
16.8626
20.4442
14.4649
20.4442
16.6307
19.7908
17.4631
13.3996
17.4631
16.5511
17.3607
19.361
12.4351
13.4421
19.361
17.7083
22.3836
11.8775
19.6285
14.4619
22.3836
22.3759
15.2578
22.3759
17.259
21.8623
18.5281
13.3388
18.5281
14.8785
17.139
13.5434
5.14071
13.281
12.1294
13.5434
19.2094
19.2094
19.0666
18.5466
18.4736
9.39645
9.39645
6.61495
8.90023
7.87658
20.085
14.1889
19.8671
17.0465
20.085
19.0594
14.5278
17.8446
18.101
19.0594
18.1953
12.1349
18.1953
17.4541
17.9627
21.4673
12.4332
20.9045
14.8067
21.4673
16.2711
10.7954
16.2711
13.0558
13.3087
20.2193
11.7607
16.7059
20.2193
17.8573
15.2314
6.62768
14.4533
10.5675
15.2314
18.06
11.7705
15.9897
14.4623
18.06
14.843
12.7837
14.7232
14.843
14.5641
14.2977
10.0047
8.83495
14.2977
12.2519
18.6134
14.1322
17.6038
18.6134
18.2854
12.7882
12.7882
12.0637
11.3694
11.6241
18.0795
12.0495
17.1643
15.0866
18.0795
