12.9397
11.8779
10.4505
9.90514
12.9397
9.97111
9.97111
9.3559
8.85319
7.31733
15.2297
15.0192
14.7406
11.7181
15.2297
12.2263
12.2263
11.9287
6.83023
12.0284
18.999
18.999
13.9104
16.4962
15.1075
9.18914
7.63473
8.49033
8.70554
9.18914
1.94576
0.723885
1.94576
1.62592
1.939
16.0346
13.6875
12.4515
16.0346
14.0831
13.6328
11.2556
12.4127
13.6328
13.2982
11.592
9.64651
11.592
11.5141
8.73447
19.4477
15.5911
14.8739
18.8239
19.4477
16.5662
11.7518
15.7932
16.5662
15.9051
16.1762
16.1762
14.7756
15.4948
15.6239
15.0306
13.7695
13.1472
14.9749
15.0306
14.0795
13.2845
12.4102
14.0795
13.2314
14.2046
10.2551
10.4238
13.5377
14.2046
19.4219
17.0002
19.4219
12.6748
16.8866
16.7554
12.7429
15.3661
14.1702
16.7554
18.7703
13.1705
18.7703
13.7427
14.3631
10.4968
9.06997
9.50856
10.4968
10.0883
19.2583
19.2583
14.3766
15.2779
16.2951
18.6502
18.2753
18.6502
18.0592
18.521
17.6987
17.6987
16.8362
16.4636
14.5082
21.2249
14.2582
21.2249
20.7496
16.6643
21.1978
16.6301
19.0289
21.1978
18.5029
19.1807
16.3631
15.9737
16.799
19.1807
21.6395
16.7104
21.6395
21.3377
21.567
20.3574
17.2168
19.3836
20.3574
18.853
19.0574
16.9531
19.0574
17.3809
17.4933
19.9528
18.1923
19.9528
13.7924
14.5965
19.7462
19.7462
17.8378
17.3116
17.6975
21.3624
17.2073
19.0725
21.3624
18.5201
21.1548
18.9737
20.0855
21.1548
17.0346
17.8096
12.115
16.9633
17.8096
17.0764
13.2188
10.9477
12.6707
13.2188
11.9616
18.53
14.2351
17.6674
18.53
16.9248
9.12417
9.11418
9.12417
8.81257
8.52866
23.7133
16.1984
23.7133
18.9473
15.3729
24.2332
15.4274
24.2332
23.8199
17.5959
24.2818
24.2818
18.4014
24.0106
13.0825
24.7257
21.2393
24.1141
24.7257
13.8792
19.9112
19.9112
16.4922
11.7693
19.6104
24.9286
15.6454
21.1603
24.9286
17.1339
16.9916
15.0144
16.4973
16.9916
11.2944
17.8936
16.6174
17.8936
14.4852
16.8268
18.8323
18.0699
18.8323
13.4406
18.5382
17.0452
15.9845
14.6009
16.6021
17.0452
23.2513
23.2513
16.2036
20.2551
15.5671
16.357
16.0357
16.357
11.9409
16.1117
23.3613
19.7609
23.3613
13.5563
16.3989
