12.5035
9.82688
10.4964
12.5035
5.361
8.35674
8.35674
4.76285
6.4537
6.72268
15.3578
15.3578
14.0692
8.57259
9.86967
11.9736
9.44335
11.9736
5.10729
11.6107
17.2022
15.7338
15.3064
16.7313
17.2022
9.55784
5.93148
4.76809
9.55784
9.52324
1.93971
0.566715
1.33981
1.93971
1.93851
13.6058
12.5262
10.9023
11.3198
13.6058
14.2584
8.27525
6.94498
14.2584
13.9244
10.5315
7.31148
10.5315
9.6923
10.5175
15.5531
14.8616
15.5531
11.8154
14.8393
12.9333
12.0694
9.36345
12.9333
8.06904
13.5331
13.5331
12.1824
12.8722
8.21293
15.0513
11.9668
10.3519
15.0513
11.9164
14.4865
10.4856
11.6633
14.4865
11.5877
10.2919
7.6861
7.33406
9.91663
10.2919
19.4022
19.4022
18.9404
10.9593
13.572
13.6589
13.3411
13.6589
10.4053
10.7827
21.4096
12.4563
21.4096
11.2594
12.0194
10.5086
7.31073
6.01238
10.5086
9.9666
15.7687
15.7687
10.2876
13.0418
10.4916
19.4785
19.0724
19.4785
15.1083
15.8206
19.3384
19.2295
19.3384
15.8374
16.0367
14.4685
13.0839
10.5974
14.4685
12.9928
17.9273
17.564
14.1143
17.9273
13.2932
15.8777
14.1571
15.3138
15.8777
15.8054
17.6275
17.6275
10.2037
16.54
7.73943
17.4126
17.4126
10.1317
14.933
8.45965
17.4479
17.1027
17.4479
16.3745
16.3696
17.7087
15.6594
17.7087
13.5348
12.7585
17.9007
17.9007
12.8605
15.0434
10.6366
16.5707
11.5766
12.4876
16.5707
15.6256
16.5102
13.3056
14.6631
16.5102
15.4866
18.4811
9.96291
18.4811
15.6152
15.2959
12.5079
8.01751
9.04438
12.0976
12.5079
13.5471
13.5471
12.0813
13.3113
11.6636
9.26255
9.26255
3.98252
6.34127
4.6458
20.7261
13.5959
20.7261
14.6791
13.8587
17.6282
9.55228
14.734
17.6282
15.3942
18.7413
17.4455
13.4905
18.7413
15.3024
21.8196
11.7416
18.3685
21.8196
18.7598
17.2438
16.6785
17.2438
6.38384
14.4475
16.0661
16.0661
12.2071
12.1125
12.6306
19.9129
12.6924
13.3684
19.9129
18.2353
24.9169
24.9169
24.7179
12.5603
15.3676
18.9738
18.9738
17.8062
8.61471
11.8187
13.8698
13.8698
5.94539
11.283
7.07134
18.4648
18.4648
13.1329
17.446
14.5119
16.1848
16.1848
13.5839
6.68152
9.14752
20.8902
17.214
20.8902
12.8114
13.7361
