15.6073
11.4219
15.6073
7.79571
8.11996
9.9196
9.9196
8.95698
6.29711
5.40519
15.6724
13.6439
15.6724
11.3531
12.9318
11.9811
11.9773
11.9811
7.8743
9.73073
22.9272
15.0635
22.9272
11.8049
16.6307
9.55727
7.17557
6.84117
8.4568
9.55727
1.94638
1.94638
1.94499
1.93851
1.57489
15.3132
13.2778
15.3132
11.8888
13.0263
14.1273
10.0866
9.81585
14.0984
14.1273
11.5632
7.04808
8.63037
10.002
11.5632
17.3092
13.7571
17.3092
11.8511
14.3257
14.1749
13.36
14.1749
10.5848
13.1483
16.5638
16.5638
16.1048
10.3056
10.0692
15.9697
15.9697
12.766
13.3107
14.354
15.4358
13.8914
14.7512
12.6227
15.4358
10.9813
7.57424
10.2496
8.38004
10.9813
18.8855
13.5589
18.8855
10.7551
14.1394
15.1473
11.4094
14.4321
15.1473
14.7967
18.6805
12.3659
18.6805
10.3063
14.998
11.5163
9.84728
10.5272
11.1546
11.5163
17.6189
17.6189
16.9712
10.4162
10.0152
16.9576
13.5464
16.9399
14.4767
16.9576
16.374
13.4296
16.374
10.2794
15.7274
16.9063
16.9063
14.5928
11.478
13.7159
18.7829
15.9714
18.7829
14.8511
17.5734
15.9534
15.0087
15.9534
14.3874
14.5845
20.9283
20.9283
20.8345
13.6146
12.0535
19.3428
19.3428
19.1166
11.5886
10.4873
16.6724
13.3752
15.0959
15.1773
16.6724
17.1035
15.4651
17.1035
10.8673
14.729
19.6292
19.6292
18.5657
13.158
13.8971
19.0498
10.084
15.0711
16.2649
19.0498
17.3369
14.5626
15.9039
14.8048
17.3369
15.5076
11.7901
12.7442
15.4818
15.5076
13.166
11.2079
11.218
13.0264
13.166
14.7146
12.3134
14.7146
11.372
13.2411
10.1238
10.1238
8.63948
5.50973
4.98719
16.3617
13.5878
16.3617
12.7009
15.8768
15.4458
12.4374
12.7884
14.0378
15.4458
20.0453
20.0453
18.2019
18.2186
18.5046
19.8505
15.6565
15.5117
17.7108
19.8505
18.2262
15.4364
18.2262
11.1572
16.1256
17.0388
17.028
17.0388
12.3907
12.3992
17.2582
13.0794
13.0409
15.5809
17.2582
19.6247
13.9796
19.6247
11.1583
15.3967
19.1563
14.8166
19.1563
11.8004
15.8744
15.7277
15.7277
14.9533
11.7729
9.69011
19.7623
19.7623
18.3743
16.349
17.7078
15.935
13.83
15.935
10.0111
12.367
18.7238
13.5769
18.7238
11.1326
17.2878
