13.735
10.5616
13.735
11.6722
8.97025
10.2865
8.58518
7.98038
10.2865
5.45323
15.729
13.7544
15.729
12.1673
14.1421
12.0952
11.7745
11.3652
11.6839
12.0952
16.7626
16.7626
14.8133
16.2435
14.4918
9.31319
8.35937
9.05402
8.43526
9.31319
1.93963
1.34576
1.93963
1.93728
1.9247
15.8265
15.8051
12.9389
15.8265
14.8777
13.8301
13.3144
12.7507
13.4364
13.8301
10.9689
10.783
10.6094
10.9689
8.62687
19.4505
14.2785
15.6212
18.5312
19.4505
16.1506
15.8447
16.1506
14.9045
10.9473
15.987
15.6664
14.6064
15.987
11.9558
14.5061
14.3672
14.5061
14.1655
14.2857
15.6986
14.0947
13.8632
15.6986
9.92246
13.5965
13.5433
13.5965
13.2928
13.0185
19.8174
15.0246
19.8174
14.2893
18.6265
16.7915
12.8963
16.7915
14.0452
16.1447
18.6081
14.921
18.2476
14.7277
18.6081
10.7754
10.4226
10.0552
10.7754
10.7592
19.1229
19.1229
14.7281
16.498
14.4969
18.4621
14.5288
17.4161
17.75
18.4621
18.9573
13.9092
17.7343
14.6128
18.9573
19.9307
19.5099
19.0889
19.9307
14.4338
21.5796
17.911
17.4712
21.5796
12.548
18.4816
14.4797
16.9438
18.0137
18.4816
15.5278
15.1434
15.5278
15.5025
10.2454
15.431
15.431
14.1551
14.9371
14.1578
17.3389
15.7606
15.7463
15.9071
17.3389
18.4449
18.4449
17.7571
15.4275
18.2132
19.0971
18.8302
19.0971
16.8985
12.4878
19.9402
19.0858
18.9103
19.5981
19.9402
19.5117
19.1688
19.5117
18.3411
18.1219
16.8454
16.6715
15.1995
16.8454
15.8671
13.175
12.6733
11.6108
13.175
12.9278
20.0539
15.4143
15.9218
20.0539
13.1553
9.14282
8.48021
8.70394
9.14282
8.05359
18.268
18.268
18.0631
15.6977
16.3138
22.9121
21.6983
22.9121
22.1876
12.3982
22.7617
22.3962
22.7617
16.7377
13.0081
20.8664
20.8664
19.9314
20.3734
15.2033
19.3999
14.2296
17.6733
16.7622
19.3999
19.5687
15.6442
15.5099
19.5687
14.699
16.0837
16.0837
14.0646
15.3621
11.9761
18.913
13.8158
18.913
14.3581
17.7565
20.92
15.9305
20.92
14.2781
18.2666
18.9195
13.6684
13.0303
18.9195
10.4288
24.9219
23.9264
24.9219
17.7761
13.2857
16.6362
14.7828
16.6362
12.4986
14.5069
20.8771
18.0861
20.8771
15.3009
20.1197
