15.4353
13.3619
15.4353
10.6704
13.1208
10.8075
10.8075
9.23898
7.77799
7.55523
15.4403
12.6654
15.4403
8.62208
13.3679
12.9254
12.9254
10.2839
4.00862
12.7281
16.9877
13.9219
16.9877
13.8863
16.9776
9.255
8.37436
8.93584
8.97734
9.255
1.93963
1.93922
1.93963
1.17495
1.93851
15.9161
11.611
15.9161
14.1526
15.3906
13.541
12.3777
12.5119
13.541
13.5021
12.2384
9.85607
11.9684
12.2384
11.7344
17.8644
12.942
15.3529
12.9029
17.8644
13.2791
13.2791
12.9572
12.684
13.2071
15.7951
15.7951
13.3758
13.4344
13.263
15.1475
13.9824
12.2425
13.3968
15.1475
15.0063
13.529
13.9404
13.7497
15.0063
13.8609
9.80766
9.92101
11.5778
13.8609
19.3234
12.0658
19.3234
10.2753
15.9294
16.3304
11.7465
14.3771
13.2819
16.3304
19.4638
12.5863
19.2156
14.4337
19.4638
10.7037
9.81068
10.2345
10.7037
10.6124
16.3594
16.3594
16.0266
14.8585
13.3411
18.373
12.5913
18.373
15.9861
14.7194
15.946
12.3946
15.946
9.44879
13.0488
20.2411
14.9589
16.6966
20.2411
19.8658
20.7502
17.3406
18.5414
19.3397
20.7502
17.6348
16.0981
16.3851
16.1161
17.6348
18.5691
18.5691
15.2744
16.2845
13.4137
16.3688
15.7622
15.3967
16.3688
15.5442
18.7119
12.9487
18.7119
16.3274
16.4331
20.1379
13.446
20.1379
13.6695
14.2016
18.8953
18.8953
16.9975
17.1206
15.484
20.805
15.402
17.8997
20.805
19.1756
20.5613
18.7409
19.5805
20.5613
19.5639
19.9699
13.6649
17.716
16.9819
19.9699
12.6962
11.9067
12.4007
12.6962
12.5289
17.6714
13.4952
15.5461
17.6714
17.4147
9.44317
9.44317
8.49151
8.78429
8.10178
23.6689
14.1598
23.6689
18.6499
17.9749
24.0166
15.8172
23.5427
22.87
24.0166
23.5358
23.182
19.8105
23.5358
20.7575
24.6709
21.5345
23.7017
24.6709
24.6029
17.089
15.5524
16.563
6.45057
17.089
19.99
16.0535
16.9672
19.99
16.4813
17.7568
15.506
17.0085
17.6768
17.7568
16.7291
11.817
16.7291
9.22103
13.4001
19.858
14.5196
19.858
7.18443
16.3402
14.8138
14.8138
12.3999
14.4551
13.8483
22.2368
22.2368
19.062
21.3038
19.7837
16.9312
14.2446
16.9312
5.88146
13.9699
23.918
13.3755
23.918
12.922
15.6641
