11.266
9.9967
9.73434
11.266
5.34183
9.02166
9.02166
5.40573
7.82184
4.54232
15.8644
14.6623
15.777
12.8832
15.8644
12.3757
9.53562
12.3757
8.98211
12.2503
16.5033
15.5768
14.2565
16.5033
12.6598
8.69525
6.5255
8.408
8.6495
8.69525
1.90575
1.26484
1.15809
1.16291
1.90575
15.0985
14.6254
11.228
15.0985
13.4821
13.1449
7.84769
12.2407
13.1449
9.62187
11.5885
9.49885
9.20786
11.5885
7.56199
17.5825
15.3587
15.7627
17.4829
17.5825
12.5528
10.0707
11.9792
12.5528
7.5786
15.3899
14.206
14.0304
15.3899
9.26047
14.4763
12.9916
14.4763
14.1799
10.7448
13.7354
8.94446
11.6587
13.7354
7.187
13.3989
10.3046
11.2712
13.3989
12.3597
19.3025
16.038
19.3025
15.1254
18.3509
15.4663
12.631
15.4663
11.8351
13.3692
16.8617
13.514
16.8617
14.245
14.9946
10.2458
8.90762
9.75682
10.2458
7.54983
18.567
16.5078
14.965
18.567
10.9737
18.1841
16.0167
18.1841
17.3682
17.7723
21.8842
18.1925
21.3522
18.5575
21.8842
20.3307
14.4558
15.3406
20.3307
11.0082
18.6919
14.0582
15.4322
18.6919
8.45414
21.2423
13.2585
21.2423
15.3082
13.9973
16.322
15.3334
14.9901
16.322
6.65244
16.0049
14.9246
13.1
16.0049
8.75905
17.2685
16.8359
16.6946
17.2685
15.5655
18.6953
18.6953
16.2677
18.1195
15.3959
19.0374
15.4441
18.3884
19.0374
9.78267
21.2016
12.474
21.2016
18.8897
16.3544
19.8959
14.7945
19.217
19.8959
15.7513
16.8233
11.338
15.0873
16.8233
12.9667
13.281
9.45437
11.5054
13.281
10.2569
18.0696
15.2464
12.7348
18.0696
9.07312
9.77465
9.16188
5.3424
9.77465
5.21208
18.4884
16.1327
16.4005
18.4884
15.039
23.2091
11.4049
18.7439
23.2091
8.77212
23.8419
16.4671
22.3006
23.8419
9.77437
24.7654
13.0449
20.8903
24.7654
10.2408
16.8011
13.5006
16.7977
11.8786
16.8011
18.2693
15.2998
13.693
18.2693
13.2496
17.0039
8.90487
14.8337
17.0039
7.45052
19.9421
18.3512
19.8997
15.7201
19.9421
18.8495
16.9704
18.8495
14.2843
18.5991
15.1746
13.2334
8.18317
15.1746
4.9215
24.1408
16.4037
23.9249
24.1408
11.0139
15.9851
14.8242
15.9851
12.2565
15.7339
18.2021
18.0746
18.2021
17.7035
16.8121
