10.9964
10.8575
10.9964
4.54634
3.31549
10.2072
10.2072
7.91973
4.22591
4.36207
14.3044
7.61673
14.3044
5.2853
6.47363
11.0041
11.0041
10.611
4.34001
2.19534
18.2604
12.3683
18.2604
8.94805
11.5745
9.96077
9.0431
8.99937
9.21019
9.96077
1.92651
1.80767
1.92651
1.77429
1.68929
14.3336
12.6968
14.3336
10.3994
9.05485
14.5019
13.1962
12.3945
14.5019
14.2635
12.31
11.3299
11.3107
12.31
12.2607
16.4496
11.9924
16.4496
9.39285
8.14343
14.3438
14.1561
14.3438
8.82182
8.90375
15.3356
15.3356
12.9877
8.52898
7.03488
13.7599
13.7599
13.2446
11.1784
10.3688
16.2478
14.464
16.2478
11.4791
13.4695
9.73999
9.56659
8.93767
9.73999
9.49156
16.7307
12.5451
16.7307
7.93115
8.38624
15.0099
11.1995
15.0099
10.6923
10.3209
19.5988
11.1962
19.5988
10.9403
12.9956
12.653
10.6967
11.276
12.653
11.3165
17
17
13.8499
6.83013
6.61952
16.8628
12.2898
16.8628
12.3029
12.0984
13.8886
12.096
13.8886
7.26849
6.7603
16.9627
16.9627
14.1303
13.282
13.5653
19.2164
14.8412
19.2164
13.337
14.5566
17.3881
14.9854
17.3881
10.0828
10.3097
19.7608
19.7608
16.6925
6.77418
7.13094
17.401
17.401
14.9693
7.01224
6.53944
16.0434
12.2286
16.0434
12.2673
12.5146
18.405
13.9884
18.405
9.05402
9.68798
18.8381
18.8381
15.5156
10.2592
9.5758
16.7249
15.0944
14.6526
16.7249
15.9955
17.4664
17.4664
17.1197
17.2979
17.3205
16.4634
14.9574
14.8092
16.4634
16.1549
12.9597
11.8475
12.8877
12.5731
12.9597
16.379
14.0274
16.379
11.9268
12.9456
8.79542
8.79542
7.32502
3.18416
2.92549
15.9823
14.2407
15.9823
13.6034
14.2508
17.0816
14.8881
15.525
17.0816
16.3439
19.6715
19.6715
18.4606
18.0978
17.9567
21.0032
19.6669
19.4096
21.0032
20.8948
15.6045
13.1173
15.6045
5.7178
4.30078
17.3576
17.3576
14.4676
10.3813
10.6936
14.9204
14.189
13.8349
14.6442
14.9204
16.0055
10.9985
16.0055
6.25684
6.38231
16.2781
9.97688
16.2781
4.88973
7.12373
15.3074
15.3074
12.1819
5.37271
4.31019
19.0474
19.0474
18.0057
15.0635
15.4626
13.4934
5.53811
13.4934
3.57493
6.72186
17.6404
13.8015
17.6404
8.74984
10.5815
