12.9544
12.9294
12.42
12.9544
12.3905
10.5361
10.5361
9.04379
10.1295
8.48538
15.2259
11.5708
15.2259
11.866
13.2812
12.0587
12.0587
10.5097
11.6444
10.6828
19.3252
13.3336
19.3252
14.7699
15.793
9.75276
9.01694
8.41608
8.97097
9.75276
1.94069
1.9369
1.94069
1.9355
1.89503
23.9137
12.4469
14.6447
23.9137
13.8162
13.7808
12.3541
11.4946
13.4145
13.7808
12.2339
7.20542
10.4434
9.37198
12.2339
18.3085
12.7439
17.0676
15.8002
18.3085
18.6423
14.0289
18.6423
13.4227
13.3502
15.8327
15.8327
13.7273
14.9321
13.677
15.8792
15.8792
13.6602
14.2266
14.5275
16.7207
15.5782
16.7207
13.9816
16.1084
13.3349
13.2916
9.02896
11.9272
13.3349
17.3093
13.1868
17.3093
12.2305
17.2374
15.2049
13.578
12.9781
11.7063
15.2049
18.8973
12.3442
18.2746
12.788
18.8973
11.5
10.6223
11.3928
11.5
11.0696
17.5113
17.5113
16.0227
13.9565
14.7861
16.8509
13.5678
15.077
11.337
16.8509
15.5031
12.2384
13.4623
11.3828
15.5031
15.0533
15.0533
14.8933
13.8807
14.1612
19.0185
14.1652
19.0185
13.6925
17.2957
16.7168
16.1278
14.9396
12.8477
16.7168
18.8391
18.8391
18.2672
13.1317
11.5906
16.467
16.467
16.0664
15.7895
10.5514
17.3823
12.8552
14.1559
12.4688
17.3823
17.4399
13.6277
16.6673
14.3984
17.4399
19.5079
19.5079
18.7765
15.7979
15.6732
18.4706
13.2591
12.2706
13.5868
18.4706
16.0208
14.0975
13.8103
13.2011
16.0208
15.9811
13.8142
15.6221
14.7801
15.9811
13.5497
13.2927
12.191
12.2354
13.5497
17.8585
11.4647
15.9671
11.4478
17.8585
9.68907
9.68907
9.60283
9.31509
9.41809
17.9127
12.8436
15.7807
12.5586
17.9127
16.3811
13.2249
16.3811
12.5315
15.8831
17.417
17.417
14.6319
15.5412
17.0757
16.6748
12.3527
13.4732
14.4215
16.6748
17.3266
15.1981
17.3266
14.1345
14.4282
16.0862
16.0862
14.801
15.8419
13.5608
14.4577
10.0863
12.6811
12.7168
14.4577
15.8825
11.7658
15.8825
11.6431
14.3918
17.565
14.3777
17.565
13.9341
15.6489
15.1766
15.1766
13.4785
13.2215
10.9202
17.9555
17.9555
15.6168
16.4543
16.2495
14.691
12.5513
14.691
12.4378
13.9215
19.111
13.5365
16.9505
13.2898
19.111
