12.3032
12.3032
5.55498
6.83084
5.47885
9.12493
9.12493
5.24765
4.85405
4.85554
14.6562
14.6424
14.6562
6.69792
4.99957
12.9222
12.9222
12.892
6.69269
6.06449
16.5469
16.5469
14.8696
15.6159
12.1287
9.41309
7.53162
9.02844
9.41309
9.23611
1.93581
0.658985
1.93581
1.5101
1.88817
15.8542
15.8542
12.7397
11.9169
8.81543
14.9433
9.95603
12.2616
14.9433
12.9464
14.9379
9.85251
14.9379
12.7059
14.269
15.5419
15.5419
14.0985
13.3601
8.53755
14.4114
14.4114
10.3801
11.4588
9.80004
15.5848
15.5848
10.6308
12.5221
7.23889
15.6328
13.293
11.9876
15.6328
11.3302
14.8299
14.8299
13.6368
14.7848
13.537
9.42523
9.42523
8.97532
9.17812
9.02501
19.0681
17.7224
19.0681
12.3364
10.0316
14.2075
12.6331
14.2075
11.7445
10.74
17.7421
13.6736
17.7421
14.6514
15.5641
12.2483
9.93673
10.1291
12.2483
11.9272
16.0299
16.0299
10.5869
11.8477
6.56743
17.7278
16.9371
17.7278
14.6665
11.9968
17.0201
16.1363
17.0201
12.937
8.44783
13.5213
13.5213
12.945
12.9484
12.0943
17.2244
17.2244
15.9491
16.165
14.3439
15.7507
15.7507
14.192
13.6257
9.91523
16.9479
16.9479
9.01661
12.1338
7.26844
15.3066
15.3066
11.8123
9.77217
8.01682
18.0496
17.1776
18.0496
15.8753
13.7807
18.5277
17.7705
18.5277
15.1829
10.229
17.6492
17.6492
10.3467
13.5475
8.11483
14.9417
12.1731
12.906
14.9417
13.4044
16.027
15.4762
16.027
15.6273
14.4433
17.0453
12.9196
17.0453
16.7937
16.7061
13.0815
11.4227
12.7354
13.0815
12.7409
14.8758
12.7382
14.8758
13.9413
12.7364
8.79453
8.79453
5.96063
3.29175
3.60825
20.5702
16.162
20.5702
16.2641
15.5571
15.0824
11.6173
14.5685
15.0158
15.0824
15.7989
15.4405
14.931
15.7989
14.1009
16.8445
13.316
16.0744
16.8445
16.7428
16.5258
15.6194
16.5258
8.84074
5.0327
15.2719
15.2719
12.0924
13.3372
9.75196
14.5993
10.1043
13.7557
14.5993
13.9648
17.828
17.4381
17.828
10.8432
7.70234
18.4921
17.7816
18.4921
8.83639
4.26431
13.0507
13.0507
6.1812
6.82133
6.31852
16.5015
16.5015
14.9749
16.037
12.3744
16.0789
15.953
16.0789
5.50357
2.59041
21.3343
18.966
21.3343
15.923
11.0895
