12.2807
12.2807
10.1251
8.65186
7.60129
10.5897
10.5897
6.87683
5.77258
6.29954
14.8801
12.5244
14.8801
9.05114
6.64069
11.9835
11.9835
11.9667
8.59897
4.73622
18.4362
15.8886
18.4362
14.3497
13.0962
9.55704
7.53916
7.38383
8.87634
9.55704
1.94137
1.93851
1.94137
1.93165
1.93471
15.4783
15.0343
15.4783
11.7658
11.9019
13.9591
10.7556
10.5342
13.0663
13.9591
10.3113
8.59745
10.3113
9.4659
9.30953
16.9545
13.3798
16.9545
12.2978
10.4651
17.1676
17.1676
13.1706
11.2951
10.078
16.7668
16.7668
12.178
10.1269
9.62081
17.8835
17.8835
14.1001
17.5732
12.3142
14.9001
14.9001
13.1245
13.9615
12.8797
9.73481
7.8178
8.51839
8.64687
9.73481
20.2992
14.0805
20.2992
12.8535
10.2302
15.6322
14.2314
14.978
15.6322
13.5817
18.3189
14.7311
18.3189
13.7589
12.323
12.77
9.27558
11.0711
12.77
12.3719
18.3614
18.3614
15.0964
9.68699
9.24405
17.9345
16.754
17.9345
16.1925
16.3172
19.5971
14.0051
19.5971
12.4937
10.233
15.9533
15.9533
15.6928
14.8285
14.6312
18.0361
17.9733
18.0361
17.6723
17.5819
18.2074
16.1711
18.2074
13.634
12.3499
16.8361
16.8361
13.0081
11.1345
12.1121
16.6223
16.6223
14.2658
11.0584
11.5386
18.5921
16.4913
18.5921
17.7711
17.8248
18.1503
15.3171
18.1503
12.7632
12.4602
18.7282
18.7282
15.5859
12.7794
12.4261
18.1877
15.5344
15.8143
17.8943
18.1877
19.1655
18.5438
18.281
19.1655
19.0591
17.4988
15.1598
14.5934
16.7456
17.4988
14.3109
12.4922
11.9982
12.9359
14.3109
15.2834
14.6911
13.7604
15.2834
14.3416
9.23398
9.23398
6.73146
3.91003
5.69588
18.099
16.4169
18.099
17.5509
17.0551
18.184
16.1669
15.9765
18.184
17.9803
19.0563
18.2762
17.9713
19.0563
18.8646
21.3918
18.6279
18.7806
21.2692
21.3918
18.479
15.4895
18.479
11.5721
6.3926
15.5708
15.5708
15.2413
12.4166
12.7896
16.7765
12.1933
14.2761
13.8598
16.7765
20.5159
13.0091
20.5159
12.489
8.0868
19.0755
14.5793
19.0755
12.0568
7.02216
16.6995
16.6995
10.9465
7.90921
9.2774
19.3529
19.3529
17.4736
17.7775
17.3497
16.2041
12.9847
16.2041
8.66992
5.88561
20.3195
14.0353
20.3195
13.6686
12.8939
