15.9301
11.8177
15.9301
9.50812
6.74262
11.9513
11.9513
10.4912
4.45262
4.58078
15.2604
12.7245
15.2604
9.05656
4.7862
12.9229
12.9229
10.4182
7.92282
7.95297
18.007
12.5119
18.007
12.9848
16.8613
9.64111
7.22939
6.57136
8.78364
9.64111
1.94171
1.94154
1.94171
1.84205
1.80495
16.03
13.7752
16.03
13.348
12.772
14.2081
10.0397
8.96202
13.4214
14.2081
10.303
6.44445
10.303
6.18843
9.97807
16.9934
16.9934
15.2126
16.955
11.5557
14.7977
14.7977
12.8699
12.15
11.358
16.7053
16.7053
14.0192
12.0084
10.4006
15.0027
15.0027
13.9755
13.634
14.0848
13.8138
13.3436
13.8138
12.4119
13.1932
9.27086
8.51875
7.37908
8.13474
9.27086
17.8765
12.9372
17.8765
12.6764
12.6938
13.5004
13.201
13.5004
12.9528
10.8088
16.3246
13.0876
16.3246
11.7987
16.0835
12.9089
9.9435
10.1645
12.9089
12.2454
16.6399
16.6399
16.4794
11.6226
9.86524
19.0185
14.2801
19.0185
14.5106
12.2444
16.8585
12.881
16.8585
12.4587
10.8501
15.7333
15.7333
14.1605
12.563
11.4982
17.6703
16.0721
17.6703
14.017
15.5822
18.5945
18.5945
15.8358
14.7868
12.7206
18.7883
18.7883
16.265
11.636
13.05
16.6821
16.6821
14.061
10.8071
10.8497
18.8352
15.4985
18.8352
15.2265
14.0635
17.3964
15.0338
17.3964
12.337
10.9039
17.6905
17.6905
16.6508
13.3567
12.8841
14.0712
14.0712
13.4178
12.8203
13.1652
15.4696
15.2902
15.4696
14.4785
14.2604
15.6776
13.5834
13.6673
11.5296
15.6776
12.8514
11.4616
9.84733
12.1276
12.8514
14.0685
13.8967
14.0685
11.2137
12.4104
8.81562
8.81562
8.32755
2.85285
3.87726
15.9831
14.4888
15.9831
12.6607
14.1209
14.9353
14.9353
12.436
10.5027
14.1029
16.7498
14.9698
16.2798
13.3327
16.7498
16.9899
11.5195
14.7576
11.6903
16.9899
15.62
15.5404
15.62
12.1069
8.01241
17.2285
17.2285
15.5529
13.1819
11.6464
14.8671
9.90629
11.1951
9.88265
14.8671
17.8913
12.7559
17.8913
12.6737
9.14009
18.0536
14.5196
18.0536
10.1262
5.9961
14.9298
14.9298
14.0358
5.85678
6.89062
17.1467
17.1467
17.0944
14.8784
16.7597
15.9186
14.2319
15.9186
8.46389
3.79782
18.4727
14.9291
18.4727
10.7836
11.268
