15.2379
12.5907
15.2379
11.9078
11.5633
9.18905
7.89729
9.18905
8.53279
4.27165
14.5599
12.9199
14.3623
14.2698
14.5599
11.509
10.137
10.0078
9.89722
11.509
17.6522
14.0782
11.3739
17.6522
12.5386
7.60622
5.70023
6.6943
7.60622
7.06845
1.94422
1.94422
1.93019
1.78237
1.79938
15.2829
14.7946
11.6434
15.2829
12.1767
12.1444
6.37324
10.1089
12.1444
6.46918
11.7988
5.79695
8.36691
11.7988
7.40465
22.9209
12.8897
16.2195
22.9209
18.6364
21.9218
13.1965
13.4174
21.9218
11.0997
21.9238
14.6422
13.8557
21.9238
10.8294
16.5264
13.552
12.6832
16.5264
10.4464
15.6906
12.4954
13.4609
15.6906
11.5611
10.3645
9.17723
7.14138
10.3645
7.17266
20.6525
12.0696
20.6525
12.8264
16.6293
16.22
10.5775
16.22
13.3069
14.4966
19.3
10.9309
19.2985
11.508
19.3
11.0391
8.69955
6.96161
11.0391
5.49
15.6394
15.6394
13.8094
15.2433
13.0351
17.9936
10.1573
17.9936
15.1703
15.015
15.861
11.0715
15.861
14.1728
14.6506
15.1828
12.8854
15.1828
14.9081
10.0548
17.0515
16.1124
14.4914
17.0515
10.8987
17.6068
12.5738
17.6068
17.2874
17.1357
17.3217
17.3217
16.4636
16.3659
10.9987
17.3323
17.239
17.3323
15.1753
8.61102
16.6397
10.8354
16.6397
14.9352
15.3298
16.5501
14.5106
16.5501
14.4145
14.9522
16.7292
16.2462
14.3289
16.7292
13.5554
16.7189
10.1395
13.1751
16.7189
12.5178
15.8138
11.7767
13.5288
15.8138
11.869
14.7814
11.0484
13.1734
14.7814
10.3204
13.4333
8.45053
11.6261
13.4333
7.95181
18.1208
13.3053
16.8485
18.1208
10.8503
9.8285
9.55897
9.8285
8.71177
4.21481
15.6985
11.965
15.6985
13.5147
15.6518
16.1847
10.9864
15.2281
16.1847
8.98692
15.9041
13.94
12.5745
15.9041
10.1224
14.2516
8.48699
10.4575
14.2516
8.0698
18.8069
13.2669
17.9325
15.9583
18.8069
16.5498
14.8808
16.5498
15.5479
13.0835
11.4995
6.83495
9.31748
11.4995
4.92843
17.2704
11.7912
17.2704
15.1319
16.3282
17.4635
13.3006
17.4635
15.3187
16.9283
14.9119
13.2985
13.0058
14.9119
6.23342
16.3308
15.8951
11.6157
16.3308
10.7716
14.7262
13.4726
14.7262
12.765
14.6096
18.5064
12.4918
18.5064
14.2741
16.1216
